법정동코드,기준연월,시도명,시군구명,읍면동명,리명,전체 전월인구수,전월 남자인구수,전월 여자인구수,전체 당월인구수,당월 남자인구수,당월 여자인구수,전체 인구증감,남자 인구증감,여자 인구증감
1111010100,2024-01-31,서울특별시,종로구,청운동,청운동,2289,1123,1166,2274,1119,1155,-15,-4,-11
1111010200,2024-01-31,서울특별시,종로구,신교동,신교동,1340,597,743,1341,600,741,1,3,-2
1111010300,2024-01-31,서울특별시,종로구,궁정동,궁정동,211,93,118,217,94,123,6,1,5
1111010400,2024-01-31,서울특별시,종로구,효자동,효자동,570,262,308,568,261,307,-2,-1,-1
1111010500,2024-01-31,서울특별시,종로구,창성동,창성동,404,166,238,404,168,236,0,2,-2
1111010600,2024-01-31,서울특별시,종로구,통의동,통의동,319,162,157,323,166,157,4,4,0
1111010700,2024-01-31,서울특별시,종로구,적선동,적선동,38,19,19,38,18,20,0,-1,1
1111010800,2024-01-31,서울특별시,종로구,통인동,통인동,718,327,391,708,316,392,-10,-11,1
1111010900,2024-01-31,서울특별시,종로구,누상동,누상동,3174,1424,1750,3177,1429,1748,3,5,-2
1111011000,2024-01-31,서울특별시,종로구,누하동,누하동,780,346,434,780,341,439,0,-5,5
1111011100,2024-01-31,서울특별시,종로구,옥인동,옥인동,1863,849,1014,1854,842,1012,-9,-7,-2
1111011200,2024-01-31,서울특별시,종로구,체부동,체부동,693,346,347,683,340,343,-10,-6,-4
1111011300,2024-01-31,서울특별시,종로구,필운동,필운동,981,444,537,981,448,533,0,4,-4
1111011400,2024-01-31,서울특별시,종로구,내자동,내자동,83,35,48,82,34,48,-1,-1,0
1111011500,2024-01-31,서울특별시,종로구,사직동,사직동,3172,1402,1770,3166,1393,1773,-6,-9,3
1111011600,2024-01-31,서울특별시,종로구,도렴동,도렴동,2,2,0,2,2,0,0,0,0
1111011700,2024-01-31,서울특별시,종로구,당주동,당주동,282,129,153,287,131,156,5,2,3
1111011800,2024-01-31,서울특별시,종로구,내수동,내수동,2642,1102,1540,2632,1092,1540,-10,-10,0
1111012000,2024-01-31,서울특별시,종로구,신문로1가,신문로1가,74,38,36,75,40,35,1,2,-1
1111012100,2024-01-31,서울특별시,종로구,신문로2가,신문로2가,712,314,398,723,316,407,11,2,9
1111012200,2024-01-31,서울특별시,종로구,청진동,청진동,53,35,18,54,35,19,1,0,1
1111012300,2024-01-31,서울특별시,종로구,서린동,서린동,2,2,0,2,2,0,0,0,0
1111012400,2024-01-31,서울특별시,종로구,수송동,수송동,239,113,126,243,113,130,4,0,4
1111012500,2024-01-31,서울특별시,종로구,중학동,중학동,4,3,1,4,3,1,0,0,0
1111012600,2024-01-31,서울특별시,종로구,종로1가,종로1가,106,58,48,107,58,49,1,0,1
1111012700,2024-01-31,서울특별시,종로구,공평동,공평동,1,1,0,1,1,0,0,0,0
1111012800,2024-01-31,서울특별시,종로구,관훈동,관훈동,111,67,44,106,65,41,-5,-2,-3
1111012900,2024-01-31,서울특별시,종로구,견지동,견지동,231,104,127,230,105,125,-1,1,-2
1111013000,2024-01-31,서울특별시,종로구,와룡동,와룡동,94,54,40,94,54,40,0,0,0
1111013100,2024-01-31,서울특별시,종로구,권농동,권농동,133,70,63,131,69,62,-2,-1,-1
1111013200,2024-01-31,서울특별시,종로구,운니동,운니동,169,106,63,167,103,64,-2,-3,1
1111013300,2024-01-31,서울특별시,종로구,익선동,익선동,1009,566,443,1012,567,445,3,1,2
1111013400,2024-01-31,서울특별시,종로구,경운동,경운동,255,126,129,256,128,128,1,2,-1
1111013500,2024-01-31,서울특별시,종로구,관철동,관철동,244,171,73,241,166,75,-3,-5,2
1111013600,2024-01-31,서울특별시,종로구,인사동,인사동,82,50,32,82,50,32,0,0,0
1111013700,2024-01-31,서울특별시,종로구,낙원동,낙원동,848,543,305,846,537,309,-2,-6,4
1111013800,2024-01-31,서울특별시,종로구,종로2가,종로2가,53,32,21,55,31,24,2,-1,3
1111013900,2024-01-31,서울특별시,종로구,팔판동,팔판동,272,131,141,278,135,143,6,4,2
1111014000,2024-01-31,서울특별시,종로구,삼청동,삼청동,1259,606,653,1257,603,654,-2,-3,1
1111014100,2024-01-31,서울특별시,종로구,안국동,안국동,251,115,136,250,114,136,-1,-1,0
1111014200,2024-01-31,서울특별시,종로구,소격동,소격동,134,66,68,136,67,69,2,1,1
1111014300,2024-01-31,서울특별시,종로구,화동,화동,203,92,111,202,92,110,-1,0,-1
1111014400,2024-01-31,서울특별시,종로구,사간동,사간동,129,65,64,127,64,63,-2,-1,-1
1111014600,2024-01-31,서울특별시,종로구,가회동,가회동,979,455,524,977,454,523,-2,-1,-1
1111014700,2024-01-31,서울특별시,종로구,재동,재동,85,42,43,85,42,43,0,0,0
1111014800,2024-01-31,서울특별시,종로구,계동,계동,1031,471,560,1041,480,561,10,9,1
1111014900,2024-01-31,서울특별시,종로구,원서동,원서동,1765,825,940,1769,828,941,4,3,1
1111015100,2024-01-31,서울특별시,종로구,묘동,묘동,34,29,5,34,29,5,0,0,0
1111015200,2024-01-31,서울특별시,종로구,봉익동,봉익동,58,41,17,56,39,17,-2,-2,0
1111015300,2024-01-31,서울특별시,종로구,돈의동,돈의동,788,664,124,779,656,123,-9,-8,-1
1111015400,2024-01-31,서울특별시,종로구,장사동,장사동,71,57,14,71,58,13,0,1,-1
1111015500,2024-01-31,서울특별시,종로구,관수동,관수동,383,286,97,382,289,93,-1,3,-4
1111015600,2024-01-31,서울특별시,종로구,종로3가,종로3가,124,102,22,124,102,22,0,0,0
1111015700,2024-01-31,서울특별시,종로구,인의동,인의동,1050,519,531,1062,527,535,12,8,4
1111015800,2024-01-31,서울특별시,종로구,예지동,예지동,36,21,15,35,20,15,-1,-1,0
1111015900,2024-01-31,서울특별시,종로구,원남동,원남동,504,225,279,511,222,289,7,-3,10
1111016000,2024-01-31,서울특별시,종로구,연지동,연지동,875,459,416,875,460,415,0,1,-1
1111016100,2024-01-31,서울특별시,종로구,종로4가,종로4가,23,10,13,22,10,12,-1,0,-1
1111016200,2024-01-31,서울특별시,종로구,효제동,효제동,828,426,402,829,420,409,1,-6,7
1111016300,2024-01-31,서울특별시,종로구,종로5가,종로5가,225,120,105,225,119,106,0,-1,1
1111016400,2024-01-31,서울특별시,종로구,종로6가,종로6가,460,249,211,454,248,206,-6,-1,-5
1111016500,2024-01-31,서울특별시,종로구,이화동,이화동,1681,834,847,1717,849,868,36,15,21
1111016600,2024-01-31,서울특별시,종로구,연건동,연건동,1599,738,861,1596,737,859,-3,-1,-2
1111016700,2024-01-31,서울특별시,종로구,충신동,충신동,2996,1573,1423,2982,1573,1409,-14,0,-14
1111016800,2024-01-31,서울특별시,종로구,동숭동,동숭동,3619,1708,1911,3591,1688,1903,-28,-20,-8
1111016900,2024-01-31,서울특별시,종로구,혜화동,혜화동,3182,1454,1728,3190,1463,1727,8,9,-1
1111017000,2024-01-31,서울특별시,종로구,명륜1가,명륜1가,4207,2007,2200,4222,2012,2210,15,5,10
1111017100,2024-01-31,서울특별시,종로구,명륜2가,명륜2가,3025,1385,1640,3020,1382,1638,-5,-3,-2
1111017200,2024-01-31,서울특별시,종로구,명륜4가,명륜4가,824,406,418,816,405,411,-8,-1,-7
1111017300,2024-01-31,서울특별시,종로구,명륜3가,명륜3가,4609,2361,2248,4596,2364,2232,-13,3,-16
1111017400,2024-01-31,서울특별시,종로구,창신동,창신동,18376,9397,8979,18317,9362,8955,-59,-35,-24
1111017500,2024-01-31,서울특별시,종로구,숭인동,숭인동,15603,7579,8024,15704,7615,8089,101,36,65
1111017600,2024-01-31,서울특별시,종로구,교남동,교남동,560,267,293,558,264,294,-2,-3,1
1111017700,2024-01-31,서울특별시,종로구,평동,평동,1563,727,836,1563,720,843,0,-7,7
1111017800,2024-01-31,서울특별시,종로구,송월동,송월동,905,426,479,910,425,485,5,-1,6
1111017900,2024-01-31,서울특별시,종로구,홍파동,홍파동,1587,726,861,1554,715,839,-33,-11,-22
1111018000,2024-01-31,서울특별시,종로구,교북동,교북동,904,397,507,924,412,512,20,15,5
1111018100,2024-01-31,서울특별시,종로구,행촌동,행촌동,4196,1914,2282,4180,1914,2266,-16,0,-16
1111018200,2024-01-31,서울특별시,종로구,구기동,구기동,5766,2707,3059,5738,2691,3047,-28,-16,-12
1111018300,2024-01-31,서울특별시,종로구,평창동,평창동,11621,5390,6231,11635,5384,6251,14,-6,20
1111018400,2024-01-31,서울특별시,종로구,부암동,부암동,4082,1939,2143,4068,1926,2142,-14,-13,-1
1111018500,2024-01-31,서울특별시,종로구,홍지동,홍지동,1564,733,831,1549,728,821,-15,-5,-10
1111018600,2024-01-31,서울특별시,종로구,신영동,신영동,3439,1631,1808,3433,1632,1801,-6,1,-7
1111018700,2024-01-31,서울특별시,종로구,무악동,무악동,7961,3650,4311,7988,3664,4324,27,14,13
1114010100,2024-01-31,서울특별시,중구,무교동,무교동,8,5,3,8,5,3,0,0,0
1114010200,2024-01-31,서울특별시,중구,다동,다동,64,42,22,62,41,21,-2,-1,-1
1114010300,2024-01-31,서울특별시,중구,태평로1가,태평로1가,4,2,2,4,2,2,0,0,0
1114010400,2024-01-31,서울특별시,중구,을지로1가,을지로1가,1,1,0,1,1,0,0,0,0
1114010500,2024-01-31,서울특별시,중구,을지로2가,을지로2가,52,38,14,54,38,16,2,0,2
1114010700,2024-01-31,서울특별시,중구,삼각동,삼각동,4,3,1,5,3,2,1,0,1
1114010900,2024-01-31,서울특별시,중구,장교동,장교동,2,1,1,2,1,1,0,0,0
1114011000,2024-01-31,서울특별시,중구,수표동,수표동,5,4,1,5,4,1,0,0,0
1114011100,2024-01-31,서울특별시,중구,소공동,소공동,1,1,0,1,1,0,0,0,0
1114011200,2024-01-31,서울특별시,중구,남창동,남창동,414,210,204,412,209,203,-2,-1,-1
1114011300,2024-01-31,서울특별시,중구,북창동,북창동,148,100,48,149,100,49,1,0,1
1114011400,2024-01-31,서울특별시,중구,태평로2가,태평로2가,49,33,16,48,34,14,-1,1,-2
1114011500,2024-01-31,서울특별시,중구,남대문로2가,남대문로2가,1,1,0,1,1,0,0,0,0
1114011600,2024-01-31,서울특별시,중구,남대문로3가,남대문로3가,10,4,6,10,4,6,0,0,0
1114011700,2024-01-31,서울특별시,중구,남대문로4가,남대문로4가,4,3,1,4,3,1,0,0,0
1114011800,2024-01-31,서울특별시,중구,남대문로5가,남대문로5가,694,481,213,701,487,214,7,6,1
1114011900,2024-01-31,서울특별시,중구,봉래동1가,봉래동1가,45,45,0,42,42,0,-3,-3,0
1114012100,2024-01-31,서울특별시,중구,회현동1가,회현동1가,3211,1561,1650,3206,1558,1648,-5,-3,-2
1114012200,2024-01-31,서울특별시,중구,회현동2가,회현동2가,830,368,462,818,362,456,-12,-6,-6
1114012300,2024-01-31,서울특별시,중구,회현동3가,회현동3가,34,18,16,33,18,15,-1,0,-1
1114012400,2024-01-31,서울특별시,중구,충무로1가,충무로1가,16,11,5,16,11,5,0,0,0
1114012500,2024-01-31,서울특별시,중구,충무로2가,충무로2가,256,122,134,261,126,135,5,4,1
1114012600,2024-01-31,서울특별시,중구,명동1가,명동1가,11,8,3,11,8,3,0,0,0
1114012700,2024-01-31,서울특별시,중구,명동2가,명동2가,523,54,469,521,53,468,-2,-1,-1
1114012800,2024-01-31,서울특별시,중구,남산동1가,남산동1가,135,71,64,133,69,64,-2,-2,0
1114012900,2024-01-31,서울특별시,중구,남산동2가,남산동2가,495,254,241,506,259,247,11,5,6
1114013000,2024-01-31,서울특별시,중구,남산동3가,남산동3가,50,27,23,50,27,23,0,0,0
1114013100,2024-01-31,서울특별시,중구,저동1가,저동1가,14,7,7,15,7,8,1,0,1
1114013200,2024-01-31,서울특별시,중구,충무로4가,충무로4가,1566,767,799,1554,763,791,-12,-4,-8
1114013300,2024-01-31,서울특별시,중구,충무로5가,충무로5가,594,278,316,597,277,320,3,-1,4
1114013400,2024-01-31,서울특별시,중구,인현동2가,인현동2가,1084,522,562,1104,533,571,20,11,9
1114013500,2024-01-31,서울특별시,중구,예관동,예관동,21,12,9,21,12,9,0,0,0
1114013600,2024-01-31,서울특별시,중구,묵정동,묵정동,890,434,456,889,432,457,-1,-2,1
1114013700,2024-01-31,서울특별시,중구,필동1가,필동1가,172,90,82,172,89,83,0,-1,1
1114013800,2024-01-31,서울특별시,중구,필동2가,필동2가,849,441,408,845,442,403,-4,1,-5
1114013900,2024-01-31,서울특별시,중구,필동3가,필동3가,954,487,467,953,485,468,-1,-2,1
1114014000,2024-01-31,서울특별시,중구,남학동,남학동,43,22,21,42,22,20,-1,0,-1
1114014100,2024-01-31,서울특별시,중구,주자동,주자동,17,16,1,18,16,2,1,0,1
1114014200,2024-01-31,서울특별시,중구,예장동,예장동,778,392,386,772,388,384,-6,-4,-2
1114014300,2024-01-31,서울특별시,중구,장충동1가,장충동1가,1704,826,878,1703,830,873,-1,4,-5
1114014400,2024-01-31,서울특별시,중구,장충동2가,장충동2가,2851,1550,1301,2841,1546,1295,-10,-4,-6
1114014500,2024-01-31,서울특별시,중구,광희동1가,광희동1가,345,175,170,350,177,173,5,2,3
1114014600,2024-01-31,서울특별시,중구,광희동2가,광희동2가,838,412,426,832,409,423,-6,-3,-3
1114014700,2024-01-31,서울특별시,중구,쌍림동,쌍림동,582,286,296,586,287,299,4,1,3
1114014800,2024-01-31,서울특별시,중구,을지로6가,을지로6가,156,78,78,155,77,78,-1,-1,0
1114014900,2024-01-31,서울특별시,중구,을지로7가,을지로7가,49,25,24,49,26,23,0,1,-1
1114015000,2024-01-31,서울특별시,중구,을지로4가,을지로4가,120,74,46,122,74,48,2,0,2
1114015100,2024-01-31,서울특별시,중구,을지로5가,을지로5가,418,192,226,422,195,227,4,3,1
1114015200,2024-01-31,서울특별시,중구,주교동,주교동,259,195,64,260,197,63,1,2,-1
1114015300,2024-01-31,서울특별시,중구,방산동,방산동,42,34,8,39,30,9,-3,-4,1
1114015400,2024-01-31,서울특별시,중구,오장동,오장동,711,358,353,709,359,350,-2,1,-3
1114015500,2024-01-31,서울특별시,중구,을지로3가,을지로3가,220,153,67,217,150,67,-3,-3,0
1114015600,2024-01-31,서울특별시,중구,입정동,입정동,1420,715,705,1447,728,719,27,13,14
1114015700,2024-01-31,서울특별시,중구,산림동,산림동,140,83,57,139,82,57,-1,-1,0
1114015800,2024-01-31,서울특별시,중구,충무로3가,충무로3가,254,171,83,260,175,85,6,4,2
1114015900,2024-01-31,서울특별시,중구,초동,초동,76,52,24,76,52,24,0,0,0
1114016000,2024-01-31,서울특별시,중구,인현동1가,인현동1가,79,48,31,79,48,31,0,0,0
1114016100,2024-01-31,서울특별시,중구,저동2가,저동2가,254,125,129,258,124,134,4,-1,5
1114016200,2024-01-31,서울특별시,중구,신당동,신당동,67433,32271,35162,67364,32219,35145,-69,-52,-17
1114016300,2024-01-31,서울특별시,중구,흥인동,흥인동,2266,956,1310,2253,948,1305,-13,-8,-5
1114016400,2024-01-31,서울특별시,중구,무학동,무학동,216,110,106,216,112,104,0,2,-2
1114016500,2024-01-31,서울특별시,중구,황학동,황학동,12697,5994,6703,12721,5997,6724,24,3,21
1114016600,2024-01-31,서울특별시,중구,서소문동,서소문동,21,14,7,20,13,7,-1,-1,0
1114016700,2024-01-31,서울특별시,중구,정동,정동,527,249,278,536,251,285,9,2,7
1114016800,2024-01-31,서울특별시,중구,순화동,순화동,1217,536,681,1212,532,680,-5,-4,-1
1114016900,2024-01-31,서울특별시,중구,의주로1가,의주로1가,220,97,123,220,100,120,0,3,-3
1114017100,2024-01-31,서울특별시,중구,중림동,중림동,6353,3096,3257,6389,3124,3265,36,28,8
1114017200,2024-01-31,서울특별시,중구,의주로2가,의주로2가,8,6,2,8,6,2,0,0,0
1114017300,2024-01-31,서울특별시,중구,만리동1가,만리동1가,1320,648,672,1316,646,670,-4,-2,-2
1114017400,2024-01-31,서울특별시,중구,만리동2가,만리동2가,4467,2194,2273,4477,2204,2273,10,10,0
1117010100,2024-01-31,서울특별시,용산구,후암동,후암동,15998,7734,8264,15992,7727,8265,-6,-7,1
1117010200,2024-01-31,서울특별시,용산구,용산동2가,용산동2가,8910,4332,4578,8900,4335,4565,-10,3,-13
1117010300,2024-01-31,서울특별시,용산구,용산동4가,용산동4가,2,2,0,2,2,0,0,0,0
1117010400,2024-01-31,서울특별시,용산구,갈월동,갈월동,2748,1539,1209,2740,1533,1207,-8,-6,-2
1117010500,2024-01-31,서울특별시,용산구,남영동,남영동,604,412,192,612,422,190,8,10,-2
1117010700,2024-01-31,서울특별시,용산구,동자동,동자동,3477,2220,1257,3476,2220,1256,-1,0,-1
1117010800,2024-01-31,서울특별시,용산구,서계동,서계동,4812,2442,2370,4826,2447,2379,14,5,9
1117010900,2024-01-31,서울특별시,용산구,청파동1가,청파동1가,7184,3640,3544,7173,3634,3539,-11,-6,-5
1117011000,2024-01-31,서울특별시,용산구,청파동2가,청파동2가,3306,1222,2084,3295,1213,2082,-11,-9,-2
1117011100,2024-01-31,서울특별시,용산구,청파동3가,청파동3가,3541,1452,2089,3531,1448,2083,-10,-4,-6
1117011200,2024-01-31,서울특별시,용산구,원효로1가,원효로1가,6857,3078,3779,6847,3069,3778,-10,-9,-1
1117011300,2024-01-31,서울특별시,용산구,원효로2가,원효로2가,1730,898,832,1731,903,828,1,5,-4
1117011400,2024-01-31,서울특별시,용산구,신창동,신창동,2279,1063,1216,2289,1074,1215,10,11,-1
1117011500,2024-01-31,서울특별시,용산구,산천동,산천동,4922,2257,2665,4902,2249,2653,-20,-8,-12
1117011600,2024-01-31,서울특별시,용산구,청암동,청암동,643,315,328,644,314,330,1,-1,2
1117011700,2024-01-31,서울특별시,용산구,원효로3가,원효로3가,2093,1015,1078,2099,1017,1082,6,2,4
1117011800,2024-01-31,서울특별시,용산구,원효로4가,원효로4가,3699,1752,1947,3712,1757,1955,13,5,8
1117011900,2024-01-31,서울특별시,용산구,효창동,효창동,10685,5054,5631,10625,5010,5615,-60,-44,-16
1117012000,2024-01-31,서울특별시,용산구,도원동,도원동,5306,2538,2768,5306,2539,2767,0,1,-1
1117012100,2024-01-31,서울특별시,용산구,용문동,용문동,6101,2902,3199,6079,2887,3192,-22,-15,-7
1117012200,2024-01-31,서울특별시,용산구,문배동,문배동,5681,2603,3078,5717,2627,3090,36,24,12
1117012300,2024-01-31,서울특별시,용산구,신계동,신계동,2739,1317,1422,2737,1318,1419,-2,1,-3
1117012400,2024-01-31,서울특별시,용산구,한강로1가,한강로1가,3206,1482,1724,3229,1494,1735,23,12,11
1117012500,2024-01-31,서울특별시,용산구,한강로2가,한강로2가,7255,3311,3944,7218,3301,3917,-37,-10,-27
1117012600,2024-01-31,서울특별시,용산구,용산동3가,용산동3가,269,165,104,274,167,107,5,2,3
1117012700,2024-01-31,서울특별시,용산구,용산동5가,용산동5가,2379,1136,1243,2362,1126,1236,-17,-10,-7
1117012800,2024-01-31,서울특별시,용산구,한강로3가,한강로3가,7907,3824,4083,7893,3814,4079,-14,-10,-4
1117012900,2024-01-31,서울특별시,용산구,이촌동,이촌동,32801,15417,17384,32810,15406,17404,9,-11,20
1117013000,2024-01-31,서울특별시,용산구,이태원동,이태원동,14683,7064,7619,14696,7076,7620,13,12,1
1117013100,2024-01-31,서울특별시,용산구,한남동,한남동,17755,8558,9197,17269,8302,8967,-486,-256,-230
1117013200,2024-01-31,서울특별시,용산구,동빙고동,동빙고동,6014,2929,3085,6060,2950,3110,46,21,25
1117013300,2024-01-31,서울특별시,용산구,서빙고동,서빙고동,5597,2634,2963,5592,2623,2969,-5,-11,6
1117013400,2024-01-31,서울특별시,용산구,주성동,주성동,821,427,394,822,430,392,1,3,-2
1117013600,2024-01-31,서울특별시,용산구,보광동,보광동,11147,5578,5569,10715,5359,5356,-432,-219,-213
1120010100,2024-01-31,서울특별시,성동구,상왕십리동,상왕십리동,3660,1717,1943,3653,1710,1943,-7,-7,0
1120010200,2024-01-31,서울특별시,성동구,하왕십리동,하왕십리동,30226,14378,15848,30254,14389,15865,28,11,17
1120010300,2024-01-31,서울특별시,성동구,홍익동,홍익동,3772,1797,1975,3773,1800,1973,1,3,-2
1120010400,2024-01-31,서울특별시,성동구,도선동,도선동,4706,2155,2551,4706,2154,2552,0,-1,1
1120010500,2024-01-31,서울특별시,성동구,마장동,마장동,21573,10621,10952,21494,10561,10933,-79,-60,-19
1120010600,2024-01-31,서울특별시,성동구,사근동,사근동,6694,3548,3146,6632,3517,3115,-62,-31,-31
1120010700,2024-01-31,서울특별시,성동구,행당동,행당동,41789,19924,21865,41800,19927,21873,11,3,8
1120010800,2024-01-31,서울특별시,성동구,응봉동,응봉동,14941,7090,7851,14901,7072,7829,-40,-18,-22
1120010900,2024-01-31,서울특별시,성동구,금호동1가,금호동1가,14745,7024,7721,14745,7022,7723,0,-2,2
1120011000,2024-01-31,서울특별시,성동구,금호동2가,금호동2가,9736,4604,5132,9726,4603,5123,-10,-1,-9
1120011100,2024-01-31,서울특별시,성동구,금호동3가,금호동3가,12217,5842,6375,12215,5844,6371,-2,2,-4
1120011200,2024-01-31,서울특별시,성동구,금호동4가,금호동4가,14154,6698,7456,14130,6688,7442,-24,-10,-14
1120011300,2024-01-31,서울특별시,성동구,옥수동,옥수동,25402,11777,13625,25382,11766,13616,-20,-11,-9
1120011400,2024-01-31,서울특별시,성동구,성수동1가,성수동1가,27335,13481,13854,27315,13473,13842,-20,-8,-12
1120011500,2024-01-31,서울특별시,성동구,성수동2가,성수동2가,24652,12574,12078,24586,12551,12035,-66,-23,-43
1120011800,2024-01-31,서울특별시,성동구,송정동,송정동,9838,5203,4635,9825,5207,4618,-13,4,-17
1120012200,2024-01-31,서울특별시,성동구,용답동,용답동,11921,6086,5835,11953,6106,5847,32,20,12
1121510100,2024-01-31,서울특별시,광진구,중곡동,중곡동,79081,38056,41025,78943,37979,40964,-138,-77,-61
1121510200,2024-01-31,서울특별시,광진구,능동,능동,11097,5085,6012,11081,5078,6003,-16,-7,-9
1121510300,2024-01-31,서울특별시,광진구,구의동,구의동,76577,36427,40150,76600,36439,40161,23,12,11
1121510400,2024-01-31,서울특별시,광진구,광장동,광장동,33971,16440,17531,33965,16440,17525,-6,0,-6
1121510500,2024-01-31,서울특별시,광진구,자양동,자양동,92565,44876,47689,92572,44885,47687,7,9,-2
1121510700,2024-01-31,서울특별시,광진구,화양동,화양동,23193,10989,12204,23134,10953,12181,-59,-36,-23
1121510900,2024-01-31,서울특별시,광진구,군자동,군자동,19070,9404,9666,19040,9380,9660,-30,-24,-6
1123010100,2024-01-31,서울특별시,동대문구,신설동,신설동,3666,1861,1805,3663,1859,1804,-3,-2,-1
1123010200,2024-01-31,서울특별시,동대문구,용두동,용두동,34744,17126,17618,34801,17134,17667,57,8,49
1123010300,2024-01-31,서울특별시,동대문구,제기동,제기동,23014,11805,11209,22953,11786,11167,-61,-19,-42
1123010400,2024-01-31,서울특별시,동대문구,전농동,전농동,50115,24562,25553,50206,24603,25603,91,41,50
1123010500,2024-01-31,서울특별시,동대문구,답십리동,답십리동,55356,26652,28704,55278,26589,28689,-78,-63,-15
1123010600,2024-01-31,서울특별시,동대문구,장안동,장안동,70078,34632,35446,70146,34678,35468,68,46,22
1123010700,2024-01-31,서울특별시,동대문구,청량리동,청량리동,18742,9232,9510,18700,9210,9490,-42,-22,-20
1123010800,2024-01-31,서울특별시,동대문구,회기동,회기동,10394,4908,5486,10340,4875,5465,-54,-33,-21
1123010900,2024-01-31,서울특별시,동대문구,휘경동,휘경동,37876,18477,19399,37840,18453,19387,-36,-24,-12
1123011000,2024-01-31,서울특별시,동대문구,이문동,이문동,37164,18091,19073,37056,18043,19013,-108,-48,-60
1126010100,2024-01-31,서울특별시,중랑구,면목동,면목동,134764,66761,68003,134638,66675,67963,-126,-86,-40
1126010200,2024-01-31,서울특별시,중랑구,상봉동,상봉동,43498,20917,22581,43483,20897,22586,-15,-20,5
1126010300,2024-01-31,서울특별시,중랑구,중화동,중화동,42559,21440,21119,42503,21435,21068,-56,-5,-51
1126010400,2024-01-31,서울특별시,중랑구,묵동,묵동,51761,24886,26875,51722,24868,26854,-39,-18,-21
1126010500,2024-01-31,서울특별시,중랑구,망우동,망우동,52120,25874,26246,52611,26103,26508,491,229,262
1126010600,2024-01-31,서울특별시,중랑구,신내동,신내동,57453,27494,29959,57327,27414,29913,-126,-80,-46
1129010100,2024-01-31,서울특별시,성북구,성북동,성북동,10158,4800,5358,10159,4799,5360,1,-1,2
1129010200,2024-01-31,서울특별시,성북구,성북동1가,성북동1가,1832,810,1022,1832,814,1018,0,4,-4
1129010300,2024-01-31,서울특별시,성북구,돈암동,돈암동,38248,18005,20243,38204,17989,20215,-44,-16,-28
1129010400,2024-01-31,서울특별시,성북구,동소문동1가,동소문동1가,922,429,493,921,434,487,-1,5,-6
1129010500,2024-01-31,서울특별시,성북구,동소문동2가,동소문동2가,507,251,256,505,251,254,-2,0,-2
1129010600,2024-01-31,서울특별시,성북구,동소문동3가,동소문동3가,152,91,61,152,90,62,0,-1,1
1129010700,2024-01-31,서울특별시,성북구,동소문동4가,동소문동4가,3014,1361,1653,3010,1358,1652,-4,-3,-1
1129010800,2024-01-31,서울특별시,성북구,동소문동5가,동소문동5가,1124,505,619,1114,501,613,-10,-4,-6
1129010900,2024-01-31,서울특별시,성북구,동소문동6가,동소문동6가,1854,667,1187,1859,663,1196,5,-4,9
1129011000,2024-01-31,서울특별시,성북구,동소문동7가,동소문동7가,2316,1102,1214,2320,1103,1217,4,1,3
1129011100,2024-01-31,서울특별시,성북구,삼선동1가,삼선동1가,4193,2084,2109,4198,2089,2109,5,5,0
1129011200,2024-01-31,서울특별시,성북구,삼선동2가,삼선동2가,5618,2678,2940,5594,2664,2930,-24,-14,-10
1129011300,2024-01-31,서울특별시,성북구,삼선동3가,삼선동3가,3780,1800,1980,3758,1790,1968,-22,-10,-12
1129011400,2024-01-31,서울특별시,성북구,삼선동4가,삼선동4가,3109,1416,1693,3099,1403,1696,-10,-13,3
1129011500,2024-01-31,서울특별시,성북구,삼선동5가,삼선동5가,3715,1697,2018,3697,1702,1995,-18,5,-23
1129011600,2024-01-31,서울특별시,성북구,동선동1가,동선동1가,1193,480,713,1177,473,704,-16,-7,-9
1129011700,2024-01-31,서울특별시,성북구,동선동2가,동선동2가,2165,786,1379,2146,787,1359,-19,1,-20
1129011800,2024-01-31,서울특별시,성북구,동선동3가,동선동3가,2867,1098,1769,2862,1101,1761,-5,3,-8
1129011900,2024-01-31,서울특별시,성북구,동선동4가,동선동4가,2059,873,1186,2073,880,1193,14,7,7
1129012000,2024-01-31,서울특별시,성북구,동선동5가,동선동5가,2055,954,1101,2035,947,1088,-20,-7,-13
1129012100,2024-01-31,서울특별시,성북구,안암동1가,안암동1가,3901,1835,2066,3870,1831,2039,-31,-4,-27
1129012200,2024-01-31,서울특별시,성북구,안암동2가,안암동2가,2316,1163,1153,2322,1164,1158,6,1,5
1129012300,2024-01-31,서울특별시,성북구,안암동3가,안암동3가,3668,1890,1778,3647,1866,1781,-21,-24,3
1129012400,2024-01-31,서울특별시,성북구,안암동4가,안암동4가,997,503,494,984,498,486,-13,-5,-8
1129012500,2024-01-31,서울특별시,성북구,안암동5가,안암동5가,4033,2136,1897,3973,2103,1870,-60,-33,-27
1129012600,2024-01-31,서울특별시,성북구,보문동4가,보문동4가,940,472,468,941,468,473,1,-4,5
1129012700,2024-01-31,서울특별시,성북구,보문동5가,보문동5가,1788,884,904,1792,888,904,4,4,0
1129012800,2024-01-31,서울특별시,성북구,보문동6가,보문동6가,6156,2973,3183,6135,2964,3171,-21,-9,-12
1129012900,2024-01-31,서울특별시,성북구,보문동7가,보문동7가,1019,535,484,1016,536,480,-3,1,-4
1129013000,2024-01-31,서울특별시,성북구,보문동1가,보문동1가,1698,808,890,1699,813,886,1,5,-4
1129013100,2024-01-31,서울특별시,성북구,보문동2가,보문동2가,2014,908,1106,2022,910,1112,8,2,6
1129013200,2024-01-31,서울특별시,성북구,보문동3가,보문동3가,2555,1178,1377,2560,1182,1378,5,4,1
1129013300,2024-01-31,서울특별시,성북구,정릉동,정릉동,77990,37634,40356,77874,37537,40337,-116,-97,-19
1129013400,2024-01-31,서울특별시,성북구,길음동,길음동,54096,25720,28376,54084,25728,28356,-12,8,-20
1129013500,2024-01-31,서울특별시,성북구,종암동,종암동,37683,18624,19059,37609,18578,19031,-74,-46,-28
1129013600,2024-01-31,서울특별시,성북구,하월곡동,하월곡동,38970,18635,20335,38876,18606,20270,-94,-29,-65
1129013700,2024-01-31,서울특별시,성북구,상월곡동,상월곡동,9090,4320,4770,9072,4318,4754,-18,-2,-16
1129013800,2024-01-31,서울특별시,성북구,장위동,장위동,52017,25375,26642,51957,25340,26617,-60,-35,-25
1129013900,2024-01-31,서울특별시,성북구,석관동,석관동,33790,16691,17099,33768,16656,17112,-22,-35,13
1130510100,2024-01-31,서울특별시,강북구,미아동,미아동,127245,61860,65385,127024,61733,65291,-221,-127,-94
1130510200,2024-01-31,서울특별시,강북구,번동,번동,48603,23407,25196,48303,23248,25055,-300,-159,-141
1130510300,2024-01-31,서울특별시,강북구,수유동,수유동,101608,49140,52468,101509,49058,52451,-99,-82,-17
1130510400,2024-01-31,서울특별시,강북구,우이동,우이동,10657,5107,5550,10654,5102,5552,-3,-5,2
1132010500,2024-01-31,서울특별시,도봉구,쌍문동,쌍문동,73064,34797,38267,72947,34754,38193,-117,-43,-74
1132010600,2024-01-31,서울특별시,도봉구,방학동,방학동,72382,35716,36666,72279,35666,36613,-103,-50,-53
1132010700,2024-01-31,서울특별시,도봉구,창동,창동,115472,55601,59871,115486,55582,59904,14,-19,33
1132010800,2024-01-31,서울특별시,도봉구,도봉동,도봉동,46030,22682,23348,46010,22668,23342,-20,-14,-6
1135010200,2024-01-31,서울특별시,노원구,월계동,월계동,74760,36526,38234,74540,36423,38117,-220,-103,-117
1135010300,2024-01-31,서울특별시,노원구,공릉동,공릉동,77450,37576,39874,77249,37471,39778,-201,-105,-96
1135010400,2024-01-31,서울특별시,노원구,하계동,하계동,47450,22632,24818,47195,22483,24712,-255,-149,-106
1135010500,2024-01-31,서울특별시,노원구,상계동,상계동,197542,94382,103160,197373,94308,103065,-169,-74,-95
1135010600,2024-01-31,서울특별시,노원구,중계동,중계동,101011,48001,53010,100880,47924,52956,-131,-77,-54
1138010100,2024-01-31,서울특별시,은평구,수색동,수색동,20441,9934,10507,20585,10003,10582,144,69,75
1138010200,2024-01-31,서울특별시,은평구,녹번동,녹번동,36111,16949,19162,36032,16908,19124,-79,-41,-38
1138010300,2024-01-31,서울특별시,은평구,불광동,불광동,64177,30439,33738,64150,30436,33714,-27,-3,-24
1138010400,2024-01-31,서울특별시,은평구,갈현동,갈현동,41923,19987,21936,41895,19964,21931,-28,-23,-5
1138010500,2024-01-31,서울특별시,은평구,구산동,구산동,31453,15290,16163,31411,15240,16171,-42,-50,8
1138010600,2024-01-31,서울특별시,은평구,대조동,대조동,27369,12635,14734,27360,12628,14732,-9,-7,-2
1138010700,2024-01-31,서울특별시,은평구,응암동,응암동,83446,39756,43690,83476,39749,43727,30,-7,37
1138010800,2024-01-31,서울특별시,은평구,역촌동,역촌동,43804,20502,23302,43730,20448,23282,-74,-54,-20
1138010900,2024-01-31,서울특별시,은평구,신사동,신사동,45406,22086,23320,45322,22030,23292,-84,-56,-28
1138011000,2024-01-31,서울특별시,은평구,증산동,증산동,18258,8851,9407,18240,8838,9402,-18,-13,-5
1138011400,2024-01-31,서울특별시,은평구,진관동,진관동,54382,25296,29086,54273,25240,29033,-109,-56,-53
1141010100,2024-01-31,서울특별시,서대문구,충정로2가,충정로2가,1126,555,571,1124,548,576,-2,-7,5
1141010200,2024-01-31,서울특별시,서대문구,충정로3가,충정로3가,4936,2316,2620,4949,2323,2626,13,7,6
1141010300,2024-01-31,서울특별시,서대문구,합동,합동,1066,482,584,1062,478,584,-4,-4,0
1141010400,2024-01-31,서울특별시,서대문구,미근동,미근동,435,221,214,443,227,216,8,6,2
1141010500,2024-01-31,서울특별시,서대문구,냉천동,냉천동,3046,1494,1552,3041,1491,1550,-5,-3,-2
1141010600,2024-01-31,서울특별시,서대문구,천연동,천연동,4540,2096,2444,4528,2096,2432,-12,0,-12
1141010700,2024-01-31,서울특별시,서대문구,옥천동,옥천동,953,446,507,949,441,508,-4,-5,1
1141010800,2024-01-31,서울특별시,서대문구,영천동,영천동,2963,1367,1596,2962,1370,1592,-1,3,-4
1141010900,2024-01-31,서울특별시,서대문구,현저동,현저동,5084,2415,2669,5063,2407,2656,-21,-8,-13
1141011000,2024-01-31,서울특별시,서대문구,북아현동,북아현동,27560,13277,14283,27577,13273,14304,17,-4,21
1141011100,2024-01-31,서울특별시,서대문구,홍제동,홍제동,55575,26185,29390,55536,26166,29370,-39,-19,-20
1141011200,2024-01-31,서울특별시,서대문구,대현동,대현동,6760,2135,4625,6744,2117,4627,-16,-18,2
1141011300,2024-01-31,서울특별시,서대문구,대신동,대신동,1561,631,930,1548,625,923,-13,-6,-7
1141011400,2024-01-31,서울특별시,서대문구,신촌동,신촌동,838,346,492,825,337,488,-13,-9,-4
1141011500,2024-01-31,서울특별시,서대문구,봉원동,봉원동,374,177,197,370,175,195,-4,-2,-2
1141011600,2024-01-31,서울특별시,서대문구,창천동,창천동,10707,5439,5268,10689,5422,5267,-18,-17,-1
1141011700,2024-01-31,서울특별시,서대문구,연희동,연희동,33990,16192,17798,33908,16177,17731,-82,-15,-67
1141011800,2024-01-31,서울특별시,서대문구,홍은동,홍은동,50700,24357,26343,50678,24351,26327,-22,-6,-16
1141011900,2024-01-31,서울특별시,서대문구,북가좌동,북가좌동,48242,23250,24992,48154,23215,24939,-88,-35,-53
1141012000,2024-01-31,서울특별시,서대문구,남가좌동,남가좌동,45775,22023,23752,45707,21973,23734,-68,-50,-18
1144010100,2024-01-31,서울특별시,마포구,아현동,아현동,28150,13343,14807,28282,13381,14901,132,38,94
1144010200,2024-01-31,서울특별시,마포구,공덕동,공덕동,25540,11838,13702,25605,11867,13738,65,29,36
1144010300,2024-01-31,서울특별시,마포구,신공덕동,신공덕동,12401,5626,6775,12375,5610,6765,-26,-16,-10
1144010400,2024-01-31,서울특별시,마포구,도화동,도화동,21429,9967,11462,21461,9978,11483,32,11,21
1144010500,2024-01-31,서울특별시,마포구,용강동,용강동,7416,3561,3855,7404,3551,3853,-12,-10,-2
1144010600,2024-01-31,서울특별시,마포구,토정동,토정동,1248,601,647,1247,598,649,-1,-3,2
1144010700,2024-01-31,서울특별시,마포구,마포동,마포동,2662,1309,1353,2648,1305,1343,-14,-4,-10
1144010800,2024-01-31,서울특별시,마포구,대흥동,대흥동,16364,7819,8545,16319,7794,8525,-45,-25,-20
1144010900,2024-01-31,서울특별시,마포구,염리동,염리동,18042,8588,9454,18070,8582,9488,28,-6,34
1144011000,2024-01-31,서울특별시,마포구,노고산동,노고산동,5832,2837,2995,5801,2829,2972,-31,-8,-23
1144011100,2024-01-31,서울특별시,마포구,신수동,신수동,15386,7632,7754,15395,7621,7774,9,-11,20
1144011200,2024-01-31,서울특별시,마포구,현석동,현석동,4979,2359,2620,4978,2363,2615,-1,4,-5
1144011300,2024-01-31,서울특별시,마포구,구수동,구수동,757,359,398,761,360,401,4,1,3
1144011400,2024-01-31,서울특별시,마포구,창전동,창전동,14683,7027,7656,14688,7032,7656,5,5,0
1144011500,2024-01-31,서울특별시,마포구,상수동,상수동,7409,3478,3931,7412,3475,3937,3,-3,6
1144011600,2024-01-31,서울특별시,마포구,하중동,하중동,1463,698,765,1445,689,756,-18,-9,-9
1144011700,2024-01-31,서울특별시,마포구,신정동,신정동,1540,738,802,1538,740,798,-2,2,-4
1144011800,2024-01-31,서울특별시,마포구,당인동,당인동,1017,502,515,1019,504,515,2,2,0
1144012000,2024-01-31,서울특별시,마포구,서교동,서교동,19321,8798,10523,19305,8789,10516,-16,-9,-7
1144012100,2024-01-31,서울특별시,마포구,동교동,동교동,3487,1642,1845,3481,1645,1836,-6,3,-9
1144012200,2024-01-31,서울특별시,마포구,합정동,합정동,16338,7527,8811,16297,7509,8788,-41,-18,-23
1144012300,2024-01-31,서울특별시,마포구,망원동,망원동,37081,17251,19830,37027,17221,19806,-54,-30,-24
1144012400,2024-01-31,서울특별시,마포구,연남동,연남동,14227,6700,7527,14189,6671,7518,-38,-29,-9
1144012500,2024-01-31,서울특별시,마포구,성산동,성산동,47572,21135,26437,47574,21126,26448,2,-9,11
1144012600,2024-01-31,서울특별시,마포구,중동,중동,9692,4715,4977,9701,4721,4980,9,6,3
1144012700,2024-01-31,서울특별시,마포구,상암동,상암동,29661,13940,15721,29657,13921,15736,-4,-19,15
1147010100,2024-01-31,서울특별시,양천구,신정동,신정동,172038,83336,88702,171868,83204,88664,-170,-132,-38
1147010200,2024-01-31,서울특별시,양천구,목동,목동,145532,70630,74902,145375,70555,74820,-157,-75,-82
1147010300,2024-01-31,서울특별시,양천구,신월동,신월동,118458,58869,59589,118305,58788,59517,-153,-81,-72
1150010100,2024-01-31,서울특별시,강서구,염창동,염창동,41285,19813,21472,41260,19810,21450,-25,-3,-22
1150010200,2024-01-31,서울특별시,강서구,등촌동,등촌동,73691,34793,38898,73652,34777,38875,-39,-16,-23
1150010300,2024-01-31,서울특별시,강서구,화곡동,화곡동,217411,104938,112473,217278,104902,112376,-133,-36,-97
1150010400,2024-01-31,서울특별시,강서구,가양동,가양동,43227,20165,23062,43133,20127,23006,-94,-38,-56
1150010500,2024-01-31,서울특별시,강서구,마곡동,마곡동,54028,24899,29129,53920,24861,29059,-108,-38,-70
1150010600,2024-01-31,서울특별시,강서구,내발산동,내발산동,44623,20998,23625,44651,20998,23653,28,0,28
1150010700,2024-01-31,서울특별시,강서구,외발산동,외발산동,950,498,452,956,504,452,6,6,0
1150010800,2024-01-31,서울특별시,강서구,공항동,공항동,17259,8976,8283,17227,8964,8263,-32,-12,-20
1150010900,2024-01-31,서울특별시,강서구,방화동,방화동,68913,33838,35075,68811,33777,35034,-102,-61,-41
1150011000,2024-01-31,서울특별시,강서구,개화동,개화동,1649,888,761,1640,887,753,-9,-1,-8
1150011200,2024-01-31,서울특별시,강서구,오곡동,오곡동,12,9,3,12,9,3,0,0,0
1150011300,2024-01-31,서울특별시,강서구,오쇠동,오쇠동,10,7,3,10,7,3,0,0,0
1153010100,2024-01-31,서울특별시,구로구,신도림동,신도림동,35998,17334,18664,36057,17349,18708,59,15,44
1153010200,2024-01-31,서울특별시,구로구,구로동,구로동,114017,56411,57606,114035,56418,57617,18,7,11
1153010300,2024-01-31,서울특별시,구로구,가리봉동,가리봉동,8766,4825,3941,8751,4819,3932,-15,-6,-9
1153010600,2024-01-31,서울특별시,구로구,고척동,고척동,52187,25854,26333,52231,25884,26347,44,30,14
1153010700,2024-01-31,서울특별시,구로구,개봉동,개봉동,82438,40332,42106,82340,40248,42092,-98,-84,-14
1153010800,2024-01-31,서울특별시,구로구,오류동,오류동,43725,21069,22656,43746,21085,22661,21,16,5
1153010900,2024-01-31,서울특별시,구로구,궁동,궁동,13963,6744,7219,13950,6740,7210,-13,-4,-9
1153011000,2024-01-31,서울특별시,구로구,온수동,온수동,8757,4378,4379,8733,4360,4373,-24,-18,-6
1153011100,2024-01-31,서울특별시,구로구,천왕동,천왕동,16219,7488,8731,16138,7449,8689,-81,-39,-42
1153011200,2024-01-31,서울특별시,구로구,항동,항동,16335,7906,8429,16330,7900,8430,-5,-6,1
1154510100,2024-01-31,서울특별시,금천구,가산동,가산동,24695,13291,11404,24828,13344,11484,133,53,80
1154510200,2024-01-31,서울특별시,금천구,독산동,독산동,102277,51595,50682,102304,51653,50651,27,58,-31
1154510300,2024-01-31,서울특별시,금천구,시흥동,시흥동,100509,49528,50981,100325,49474,50851,-184,-54,-130
1156010100,2024-01-31,서울특별시,영등포구,영등포동,영등포동,13734,7187,6547,13729,7178,6551,-5,-9,4
1156010200,2024-01-31,서울특별시,영등포구,영등포동1가,영등포동1가,4005,1933,2072,4025,1920,2105,20,-13,33
1156010300,2024-01-31,서울특별시,영등포구,영등포동2가,영등포동2가,4224,2235,1989,4239,2235,2004,15,0,15
1156010400,2024-01-31,서울특별시,영등포구,영등포동3가,영등포동3가,1899,1067,832,1964,1108,856,65,41,24
1156010500,2024-01-31,서울특별시,영등포구,영등포동4가,영등포동4가,1350,703,647,1359,713,646,9,10,-1
1156010600,2024-01-31,서울특별시,영등포구,영등포동5가,영등포동5가,1802,1094,708,1785,1081,704,-17,-13,-4
1156010700,2024-01-31,서울특별시,영등포구,영등포동6가,영등포동6가,1876,1062,814,1880,1073,807,4,11,-7
1156010800,2024-01-31,서울특별시,영등포구,영등포동7가,영등포동7가,9893,4819,5074,9909,4832,5077,16,13,3
1156010900,2024-01-31,서울특별시,영등포구,영등포동8가,영등포동8가,4967,2293,2674,4943,2277,2666,-24,-16,-8
1156011000,2024-01-31,서울특별시,영등포구,여의도동,여의도동,33350,15646,17704,33412,15679,17733,62,33,29
1156011100,2024-01-31,서울특별시,영등포구,당산동1가,당산동1가,6679,3325,3354,6699,3336,3363,20,11,9
1156011200,2024-01-31,서울특별시,영등포구,당산동2가,당산동2가,5396,2530,2866,5417,2540,2877,21,10,11
1156011300,2024-01-31,서울특별시,영등포구,당산동3가,당산동3가,8941,4278,4663,8928,4279,4649,-13,1,-14
1156011400,2024-01-31,서울특별시,영등포구,당산동4가,당산동4가,12158,5850,6308,12164,5858,6306,6,8,-2
1156011500,2024-01-31,서울특별시,영등포구,당산동5가,당산동5가,12936,5923,7013,12930,5915,7015,-6,-8,2
1156011600,2024-01-31,서울특별시,영등포구,당산동6가,당산동6가,3372,1605,1767,3395,1616,1779,23,11,12
1156011700,2024-01-31,서울특별시,영등포구,당산동,당산동,8221,3738,4483,8231,3738,4493,10,0,10
1156011800,2024-01-31,서울특별시,영등포구,도림동,도림동,17579,8909,8670,17597,8915,8682,18,6,12
1156011900,2024-01-31,서울특별시,영등포구,문래동1가,문래동1가,255,163,92,266,166,100,11,3,8
1156012000,2024-01-31,서울특별시,영등포구,문래동2가,문래동2가,1097,550,547,1086,547,539,-11,-3,-8
1156012100,2024-01-31,서울특별시,영등포구,문래동3가,문래동3가,13510,6577,6933,13533,6582,6951,23,5,18
1156012200,2024-01-31,서울특별시,영등포구,문래동4가,문래동4가,1932,963,969,1942,967,975,10,4,6
1156012300,2024-01-31,서울특별시,영등포구,문래동5가,문래동5가,4592,2253,2339,4599,2249,2350,7,-4,11
1156012400,2024-01-31,서울특별시,영등포구,문래동6가,문래동6가,10728,5121,5607,10716,5120,5596,-12,-1,-11
1156012500,2024-01-31,서울특별시,영등포구,양평동1가,양평동1가,4951,2398,2553,4971,2404,2567,20,6,14
1156012600,2024-01-31,서울특별시,영등포구,양평동2가,양평동2가,7060,3427,3633,7068,3433,3635,8,6,2
1156012700,2024-01-31,서울특별시,영등포구,양평동3가,양평동3가,12013,5822,6191,12049,5841,6208,36,19,17
1156012800,2024-01-31,서울특별시,영등포구,양평동4가,양평동4가,6687,3279,3408,6679,3266,3413,-8,-13,5
1156012900,2024-01-31,서울특별시,영등포구,양평동5가,양평동5가,5892,2796,3096,5894,2798,3096,2,2,0
1156013000,2024-01-31,서울특별시,영등포구,양평동6가,양평동6가,4076,2006,2070,4176,2049,2127,100,43,57
1156013200,2024-01-31,서울특별시,영등포구,신길동,신길동,102573,50843,51730,102393,50762,51631,-180,-81,-99
1156013300,2024-01-31,서울특별시,영등포구,대림동,대림동,47046,23331,23715,47007,23292,23715,-39,-39,0
1159010100,2024-01-31,서울특별시,동작구,노량진동,노량진동,31412,16288,15124,31286,16221,15065,-126,-67,-59
1159010200,2024-01-31,서울특별시,동작구,상도동,상도동,113674,54709,58965,113485,54582,58903,-189,-127,-62
1159010300,2024-01-31,서울특별시,동작구,상도1동,상도1동,9631,4693,4938,9577,4670,4907,-54,-23,-31
1159010400,2024-01-31,서울특별시,동작구,본동,본동,10796,5296,5500,10733,5265,5468,-63,-31,-32
1159010500,2024-01-31,서울특별시,동작구,흑석동,흑석동,29961,14525,15436,30013,14549,15464,52,24,28
1159010600,2024-01-31,서울특별시,동작구,동작동,동작동,5553,2675,2878,5536,2669,2867,-17,-6,-11
1159010700,2024-01-31,서울특별시,동작구,사당동,사당동,96784,46465,50319,96726,46428,50298,-58,-37,-21
1159010800,2024-01-31,서울특별시,동작구,대방동,대방동,35638,16781,18857,35667,16807,18860,29,26,3
1159010900,2024-01-31,서울특별시,동작구,신대방동,신대방동,45320,21721,23599,45337,21743,23594,17,22,-5
1162010100,2024-01-31,서울특별시,관악구,봉천동,봉천동,221775,107801,113974,221702,107774,113928,-73,-27,-46
1162010200,2024-01-31,서울특별시,관악구,신림동,신림동,242494,126294,116200,242441,126244,116197,-53,-50,-3
1162010300,2024-01-31,서울특별시,관악구,남현동,남현동,17687,8556,9131,17729,8580,9149,42,24,18
1165010100,2024-01-31,서울특별시,서초구,방배동,방배동,94571,43899,50672,94366,43759,50607,-205,-140,-65
1165010200,2024-01-31,서울특별시,서초구,양재동,양재동,35620,17527,18093,35572,17476,18096,-48,-51,3
1165010300,2024-01-31,서울특별시,서초구,우면동,우면동,27411,12951,14460,27344,12931,14413,-67,-20,-47
1165010400,2024-01-31,서울특별시,서초구,원지동,원지동,253,130,123,249,128,121,-4,-2,-2
1165010600,2024-01-31,서울특별시,서초구,잠원동,잠원동,50584,24180,26404,50621,24212,26409,37,32,5
1165010700,2024-01-31,서울특별시,서초구,반포동,반포동,75816,36318,39498,76240,36506,39734,424,188,236
1165010800,2024-01-31,서울특별시,서초구,서초동,서초동,106213,50958,55255,106161,50880,55281,-52,-78,26
1165010900,2024-01-31,서울특별시,서초구,내곡동,내곡동,8258,4036,4222,8261,4043,4218,3,7,-4
1165011000,2024-01-31,서울특별시,서초구,염곡동,염곡동,998,487,511,1012,492,520,14,5,9
1165011100,2024-01-31,서울특별시,서초구,신원동,신원동,7940,3805,4135,7942,3804,4138,2,-1,3
1168010100,2024-01-31,서울특별시,강남구,역삼동,역삼동,70529,33646,36883,70497,33635,36862,-32,-11,-21
1168010300,2024-01-31,서울특별시,강남구,개포동,개포동,75386,35986,39400,80274,38384,41890,4888,2398,2490
1168010400,2024-01-31,서울특별시,강남구,청담동,청담동,24629,11494,13135,24659,11506,13153,30,12,18
1168010500,2024-01-31,서울특별시,강남구,삼성동,삼성동,42743,20625,22118,42657,20583,22074,-86,-42,-44
1168010600,2024-01-31,서울특별시,강남구,대치동,대치동,80762,40254,40508,80548,40152,40396,-214,-102,-112
1168010700,2024-01-31,서울특별시,강남구,신사동,신사동,10796,5031,5765,10830,5046,5784,34,15,19
1168010800,2024-01-31,서울특별시,강남구,논현동,논현동,41447,19387,22060,41345,19316,22029,-102,-71,-31
1168011000,2024-01-31,서울특별시,강남구,압구정동,압구정동,30226,14015,16211,30190,14013,16177,-36,-2,-34
1168011100,2024-01-31,서울특별시,강남구,세곡동,세곡동,14391,6795,7596,14344,6774,7570,-47,-21,-26
1168011200,2024-01-31,서울특별시,강남구,자곡동,자곡동,27333,12683,14650,27340,12682,14658,7,-1,8
1168011300,2024-01-31,서울특별시,강남구,율현동,율현동,3807,1857,1950,3792,1853,1939,-15,-4,-11
1168011400,2024-01-31,서울특별시,강남구,일원동,일원동,47748,23888,23860,47813,23928,23885,65,40,25
1168011500,2024-01-31,서울특별시,강남구,수서동,수서동,21861,9961,11900,21806,9929,11877,-55,-32,-23
1168011800,2024-01-31,서울특별시,강남구,도곡동,도곡동,53215,24898,28317,53059,24817,28242,-156,-81,-75
1171010100,2024-01-31,서울특별시,송파구,잠실동,잠실동,105885,50269,55616,105918,50273,55645,33,4,29
1171010200,2024-01-31,서울특별시,송파구,신천동,신천동,37715,18040,19675,37702,18034,19668,-13,-6,-7
1171010300,2024-01-31,서울특별시,송파구,풍납동,풍납동,35496,16969,18527,35410,16932,18478,-86,-37,-49
1171010400,2024-01-31,서울특별시,송파구,송파동,송파동,41914,19777,22137,41977,19800,22177,63,23,40
1171010500,2024-01-31,서울특별시,송파구,석촌동,석촌동,30766,14573,16193,30801,14569,16232,35,-4,39
1171010600,2024-01-31,서울특별시,송파구,삼전동,삼전동,29075,13552,15523,29086,13557,15529,11,5,6
1171010700,2024-01-31,서울특별시,송파구,가락동,가락동,83866,40958,42908,83807,40916,42891,-59,-42,-17
1171010800,2024-01-31,서울특별시,송파구,문정동,문정동,61417,29253,32164,61420,29252,32168,3,-1,4
1171010900,2024-01-31,서울특별시,송파구,장지동,장지동,43216,20842,22374,43131,20787,22344,-85,-55,-30
1171011100,2024-01-31,서울특별시,송파구,방이동,방이동,59160,27960,31200,59132,27937,31195,-28,-23,-5
1171011200,2024-01-31,서울특별시,송파구,오금동,오금동,37413,18072,19341,37415,18087,19328,2,15,-13
1171011300,2024-01-31,서울특별시,송파구,거여동,거여동,52677,25882,26795,52691,25889,26802,14,7,7
1171011400,2024-01-31,서울특별시,송파구,마천동,마천동,35566,18200,17366,35499,18156,17343,-67,-44,-23
1174010100,2024-01-31,서울특별시,강동구,명일동,명일동,42314,20664,21650,42262,20634,21628,-52,-30,-22
1174010200,2024-01-31,서울특별시,강동구,고덕동,고덕동,46758,23672,23086,46811,23714,23097,53,42,11
1174010300,2024-01-31,서울특별시,강동구,상일동,상일동,51053,24792,26261,51047,24765,26282,-6,-27,21
1174010500,2024-01-31,서울특별시,강동구,길동,길동,44675,21757,22918,44649,21745,22904,-26,-12,-14
1174010600,2024-01-31,서울특별시,강동구,둔촌동,둔촌동,24349,11920,12429,24349,11930,12419,0,10,-10
1174010700,2024-01-31,서울특별시,강동구,암사동,암사동,65775,32305,33470,65746,32262,33484,-29,-43,14
1174010800,2024-01-31,서울특별시,강동구,성내동,성내동,65333,31694,33639,65323,31657,33666,-10,-37,27
1174010900,2024-01-31,서울특별시,강동구,천호동,천호동,84811,41299,43512,84813,41290,43523,2,-9,11
1174011000,2024-01-31,서울특별시,강동구,강일동,강일동,34099,16320,17779,34389,16453,17936,290,133,157
2611010100,2024-01-31,부산광역시,중구,영주동,영주동,10969,5403,5566,10923,5390,5533,-46,-13,-33
2611010200,2024-01-31,부산광역시,중구,대창동1가,대창동1가,531,240,291,530,237,293,-1,-3,2
2611010300,2024-01-31,부산광역시,중구,대창동2가,대창동2가,61,34,27,61,35,26,0,1,-1
2611010400,2024-01-31,부산광역시,중구,중앙동1가,중앙동1가,234,98,136,236,101,135,2,3,-1
2611010500,2024-01-31,부산광역시,중구,중앙동2가,중앙동2가,391,167,224,388,164,224,-3,-3,0
2611010600,2024-01-31,부산광역시,중구,중앙동3가,중앙동3가,91,44,47,89,43,46,-2,-1,-1
2611010700,2024-01-31,부산광역시,중구,중앙동4가,중앙동4가,1219,598,621,1216,596,620,-3,-2,-1
2611010800,2024-01-31,부산광역시,중구,중앙동5가,중앙동5가,556,238,318,559,242,317,3,4,-1
2611010900,2024-01-31,부산광역시,중구,중앙동6가,중앙동6가,55,30,25,57,32,25,2,2,0
2611011100,2024-01-31,부산광역시,중구,동광동1가,동광동1가,137,61,76,135,60,75,-2,-1,-1
2611011200,2024-01-31,부산광역시,중구,동광동2가,동광동2가,81,47,34,78,47,31,-3,0,-3
2611011300,2024-01-31,부산광역시,중구,동광동3가,동광동3가,129,83,46,129,83,46,0,0,0
2611011400,2024-01-31,부산광역시,중구,동광동4가,동광동4가,100,56,44,100,56,44,0,0,0
2611011500,2024-01-31,부산광역시,중구,동광동5가,동광동5가,2026,1001,1025,2028,1007,1021,2,6,-4
2611011600,2024-01-31,부산광역시,중구,대청동1가,대청동1가,957,484,473,960,487,473,3,3,0
2611011700,2024-01-31,부산광역시,중구,대청동2가,대청동2가,477,223,254,481,220,261,4,-3,7
2611011800,2024-01-31,부산광역시,중구,대청동3가,대청동3가,150,71,79,150,71,79,0,0,0
2611011900,2024-01-31,부산광역시,중구,대청동4가,대청동4가,4215,1967,2248,4173,1957,2216,-42,-10,-32
2611012000,2024-01-31,부산광역시,중구,보수동1가,보수동1가,5923,2944,2979,5894,2938,2956,-29,-6,-23
2611012100,2024-01-31,부산광역시,중구,보수동2가,보수동2가,2254,1031,1223,2255,1030,1225,1,-1,2
2611012200,2024-01-31,부산광역시,중구,보수동3가,보수동3가,2119,942,1177,2112,941,1171,-7,-1,-6
2611012300,2024-01-31,부산광역시,중구,부평동1가,부평동1가,697,325,372,693,324,369,-4,-1,-3
2611012400,2024-01-31,부산광역시,중구,부평동2가,부평동2가,1022,476,546,1016,474,542,-6,-2,-4
2611012500,2024-01-31,부산광역시,중구,부평동3가,부평동3가,689,334,355,689,334,355,0,0,0
2611012600,2024-01-31,부산광역시,중구,부평동4가,부평동4가,1806,869,937,1802,868,934,-4,-1,-3
2611012700,2024-01-31,부산광역시,중구,신창동1가,신창동1가,347,173,174,346,171,175,-1,-2,1
2611012800,2024-01-31,부산광역시,중구,신창동2가,신창동2가,196,99,97,196,100,96,0,1,-1
2611012900,2024-01-31,부산광역시,중구,신창동3가,신창동3가,90,44,46,85,40,45,-5,-4,-1
2611013000,2024-01-31,부산광역시,중구,신창동4가,신창동4가,63,34,29,63,34,29,0,0,0
2611013100,2024-01-31,부산광역시,중구,창선동1가,창선동1가,35,21,14,33,19,14,-2,-2,0
2611013200,2024-01-31,부산광역시,중구,창선동2가,창선동2가,79,37,42,80,37,43,1,0,1
2611013300,2024-01-31,부산광역시,중구,광복동1가,광복동1가,61,30,31,62,30,32,1,0,1
2611013400,2024-01-31,부산광역시,중구,광복동2가,광복동2가,26,16,10,25,16,9,-1,0,-1
2611013500,2024-01-31,부산광역시,중구,광복동3가,광복동3가,26,16,10,26,16,10,0,0,0
2611013600,2024-01-31,부산광역시,중구,남포동1가,남포동1가,58,31,27,58,31,27,0,0,0
2611013700,2024-01-31,부산광역시,중구,남포동2가,남포동2가,60,32,28,58,30,28,-2,-2,0
2611013800,2024-01-31,부산광역시,중구,남포동3가,남포동3가,9,5,4,8,5,3,-1,0,-1
2611013900,2024-01-31,부산광역시,중구,남포동4가,남포동4가,187,119,68,184,118,66,-3,-1,-2
2611014000,2024-01-31,부산광역시,중구,남포동5가,남포동5가,202,117,85,202,116,86,0,-1,1
2611014100,2024-01-31,부산광역시,중구,남포동6가,남포동6가,291,163,128,296,168,128,5,5,0
2614010100,2024-01-31,부산광역시,서구,동대신동1가,동대신동1가,5307,2570,2737,5288,2563,2725,-19,-7,-12
2614010200,2024-01-31,부산광역시,서구,동대신동2가,동대신동2가,6737,3264,3473,6706,3253,3453,-31,-11,-20
2614010300,2024-01-31,부산광역시,서구,동대신동3가,동대신동3가,7368,3449,3919,7351,3458,3893,-17,9,-26
2614010400,2024-01-31,부산광역시,서구,서대신동1가,서대신동1가,5509,2610,2899,5492,2602,2890,-17,-8,-9
2614010500,2024-01-31,부산광역시,서구,서대신동2가,서대신동2가,9394,4440,4954,9375,4427,4948,-19,-13,-6
2614010600,2024-01-31,부산광역시,서구,서대신동3가,서대신동3가,14721,6915,7806,14704,6908,7796,-17,-7,-10
2614010700,2024-01-31,부산광역시,서구,부용동1가,부용동1가,1483,658,825,1477,652,825,-6,-6,0
2614010800,2024-01-31,부산광역시,서구,부용동2가,부용동2가,1228,610,618,1214,603,611,-14,-7,-7
2614010900,2024-01-31,부산광역시,서구,부민동1가,부민동1가,1244,578,666,1234,574,660,-10,-4,-6
2614011000,2024-01-31,부산광역시,서구,부민동2가,부민동2가,291,118,173,280,114,166,-11,-4,-7
2614011100,2024-01-31,부산광역시,서구,부민동3가,부민동3가,3112,1523,1589,3088,1509,1579,-24,-14,-10
2614011200,2024-01-31,부산광역시,서구,토성동1가,토성동1가,2688,1284,1404,2682,1282,1400,-6,-2,-4
2614011300,2024-01-31,부산광역시,서구,토성동2가,토성동2가,968,437,531,956,431,525,-12,-6,-6
2614011400,2024-01-31,부산광역시,서구,토성동3가,토성동3가,677,290,387,683,292,391,6,2,4
2614011500,2024-01-31,부산광역시,서구,아미동1가,아미동1가,292,135,157,285,132,153,-7,-3,-4
2614011600,2024-01-31,부산광역시,서구,아미동2가,아미동2가,6097,3039,3058,6126,3051,3075,29,12,17
2614011700,2024-01-31,부산광역시,서구,토성동4가,토성동4가,325,146,179,318,143,175,-7,-3,-4
2614011800,2024-01-31,부산광역시,서구,토성동5가,토성동5가,1855,893,962,1868,899,969,13,6,7
2614011900,2024-01-31,부산광역시,서구,초장동,초장동,3903,1955,1948,3884,1944,1940,-19,-11,-8
2614012000,2024-01-31,부산광역시,서구,충무동1가,충무동1가,1325,654,671,1338,663,675,13,9,4
2614012100,2024-01-31,부산광역시,서구,충무동2가,충무동2가,1103,514,589,1103,515,588,0,1,-1
2614012200,2024-01-31,부산광역시,서구,충무동3가,충무동3가,666,324,342,657,321,336,-9,-3,-6
2614012300,2024-01-31,부산광역시,서구,남부민동,남부민동,12591,6276,6315,12554,6256,6298,-37,-20,-17
2614012400,2024-01-31,부산광역시,서구,암남동,암남동,15205,7346,7859,15226,7364,7862,21,18,3
2617010100,2024-01-31,부산광역시,동구,초량동,초량동,28025,13724,14301,27980,13679,14301,-45,-45,0
2617010200,2024-01-31,부산광역시,동구,수정동,수정동,21458,10261,11197,21392,10222,11170,-66,-39,-27
2617010300,2024-01-31,부산광역시,동구,좌천동,좌천동,13377,6482,6895,13336,6459,6877,-41,-23,-18
2617010400,2024-01-31,부산광역시,동구,범일동,범일동,24932,12269,12663,24911,12235,12676,-21,-34,13
2620010100,2024-01-31,부산광역시,영도구,대교동1가,대교동1가,1146,613,533,1148,616,532,2,3,-1
2620010200,2024-01-31,부산광역시,영도구,대교동2가,대교동2가,1305,666,639,1313,673,640,8,7,1
2620010300,2024-01-31,부산광역시,영도구,대평동1가,대평동1가,1715,833,882,1703,833,870,-12,0,-12
2620010400,2024-01-31,부산광역시,영도구,대평동2가,대평동2가,338,180,158,336,178,158,-2,-2,0
2620010500,2024-01-31,부산광역시,영도구,남항동1가,남항동1가,3027,1479,1548,3008,1476,1532,-19,-3,-16
2620010600,2024-01-31,부산광역시,영도구,남항동2가,남항동2가,1075,523,552,1069,518,551,-6,-5,-1
2620010700,2024-01-31,부산광역시,영도구,남항동3가,남항동3가,1717,847,870,1713,846,867,-4,-1,-3
2620010800,2024-01-31,부산광역시,영도구,영선동1가,영선동1가,1154,567,587,1155,568,587,1,1,0
2620010900,2024-01-31,부산광역시,영도구,영선동2가,영선동2가,2533,1193,1340,2527,1187,1340,-6,-6,0
2620011000,2024-01-31,부산광역시,영도구,영선동3가,영선동3가,1650,776,874,1647,771,876,-3,-5,2
2620011100,2024-01-31,부산광역시,영도구,영선동4가,영선동4가,5871,2863,3008,5879,2869,3010,8,6,2
2620011200,2024-01-31,부산광역시,영도구,신선동1가,신선동1가,1853,917,936,1852,914,938,-1,-3,2
2620011300,2024-01-31,부산광역시,영도구,신선동2가,신선동2가,3463,1735,1728,3443,1720,1723,-20,-15,-5
2620011400,2024-01-31,부산광역시,영도구,신선동3가,신선동3가,1981,988,993,1963,979,984,-18,-9,-9
2620011500,2024-01-31,부산광역시,영도구,봉래동1가,봉래동1가,1405,749,656,1412,749,663,7,0,7
2620011600,2024-01-31,부산광역시,영도구,봉래동2가,봉래동2가,3011,1439,1572,3016,1439,1577,5,0,5
2620011700,2024-01-31,부산광역시,영도구,봉래동3가,봉래동3가,1863,922,941,1843,909,934,-20,-13,-7
2620011800,2024-01-31,부산광역시,영도구,봉래동4가,봉래동4가,4939,2379,2560,4923,2372,2551,-16,-7,-9
2620011900,2024-01-31,부산광역시,영도구,봉래동5가,봉래동5가,2515,1235,1280,2518,1237,1281,3,2,1
2620012000,2024-01-31,부산광역시,영도구,청학동,청학동,22262,10948,11314,22149,10888,11261,-113,-60,-53
2620012100,2024-01-31,부산광역시,영도구,동삼동,동삼동,41725,20465,21260,41718,20465,21253,-7,0,-7
2623010100,2024-01-31,부산광역시,부산진구,양정동,양정동,33509,15570,17939,33547,15575,17972,38,5,33
2623010200,2024-01-31,부산광역시,부산진구,전포동,전포동,44163,20891,23272,44066,20857,23209,-97,-34,-63
2623010300,2024-01-31,부산광역시,부산진구,부전동,부전동,21040,10463,10577,21165,10530,10635,125,67,58
2623010400,2024-01-31,부산광역시,부산진구,범천동,범천동,33921,16137,17784,33843,16077,17766,-78,-60,-18
2623010500,2024-01-31,부산광역시,부산진구,범전동,범전동,6552,3206,3346,6486,3170,3316,-66,-36,-30
2623010600,2024-01-31,부산광역시,부산진구,연지동,연지동,25821,12275,13546,25747,12238,13509,-74,-37,-37
2623010700,2024-01-31,부산광역시,부산진구,초읍동,초읍동,20650,9941,10709,20566,9904,10662,-84,-37,-47
2623010800,2024-01-31,부산광역시,부산진구,부암동,부암동,40011,19440,20571,41406,20104,21302,1395,664,731
2623010900,2024-01-31,부산광역시,부산진구,당감동,당감동,43352,20696,22656,43183,20598,22585,-169,-98,-71
2623011000,2024-01-31,부산광역시,부산진구,가야동,가야동,35093,17342,17751,34789,17201,17588,-304,-141,-163
2623011100,2024-01-31,부산광역시,부산진구,개금동,개금동,55396,26646,28750,55255,26553,28702,-141,-93,-48
2626010100,2024-01-31,부산광역시,동래구,명장동,명장동,27439,13289,14150,27392,13262,14130,-47,-27,-20
2626010200,2024-01-31,부산광역시,동래구,안락동,안락동,39541,19147,20394,39436,19081,20355,-105,-66,-39
2626010300,2024-01-31,부산광역시,동래구,칠산동,칠산동,3075,1554,1521,3050,1544,1506,-25,-10,-15
2626010400,2024-01-31,부산광역시,동래구,낙민동,낙민동,19774,9582,10192,19664,9522,10142,-110,-60,-50
2626010500,2024-01-31,부산광역시,동래구,복천동,복천동,5511,2605,2906,5471,2583,2888,-40,-22,-18
2626010600,2024-01-31,부산광역시,동래구,수안동,수안동,11151,5345,5806,11112,5322,5790,-39,-23,-16
2626010700,2024-01-31,부산광역시,동래구,명륜동,명륜동,26450,12964,13486,26371,12934,13437,-79,-30,-49
2626010800,2024-01-31,부산광역시,동래구,온천동,온천동,85564,41101,44463,85319,40973,44346,-245,-128,-117
2626010900,2024-01-31,부산광역시,동래구,사직동,사직동,52310,25333,26977,51969,25146,26823,-341,-187,-154
2629010600,2024-01-31,부산광역시,남구,대연동,대연동,93122,45452,47670,93636,45680,47956,514,228,286
2629010700,2024-01-31,부산광역시,남구,용호동,용호동,81480,39121,42359,81347,39037,42310,-133,-84,-49
2629010800,2024-01-31,부산광역시,남구,용당동,용당동,7867,3974,3893,7823,3946,3877,-44,-28,-16
2629010900,2024-01-31,부산광역시,남구,문현동,문현동,44184,21637,22547,44199,21617,22582,15,-20,35
2629011000,2024-01-31,부산광역시,남구,우암동,우암동,12281,6006,6275,12250,5986,6264,-31,-20,-11
2629011100,2024-01-31,부산광역시,남구,감만동,감만동,15251,7661,7590,15093,7583,7510,-158,-78,-80
2632010100,2024-01-31,부산광역시,북구,금곡동,금곡동,35750,17262,18488,35583,17172,18411,-167,-90,-77
2632010200,2024-01-31,부산광역시,북구,화명동,화명동,85964,41872,44092,85577,41718,43859,-387,-154,-233
2632010300,2024-01-31,부산광역시,북구,만덕동,만덕동,60619,29530,31089,60366,29396,30970,-253,-134,-119
2632010400,2024-01-31,부산광역시,북구,덕천동,덕천동,33681,16550,17131,34036,16700,17336,355,150,205
2632010500,2024-01-31,부산광역시,북구,구포동,구포동,57582,29345,28237,57370,29239,28131,-212,-106,-106
2635010100,2024-01-31,부산광역시,해운대구,반송동,반송동,33866,16618,17248,33726,16541,17185,-140,-77,-63
2635010200,2024-01-31,부산광역시,해운대구,석대동,석대동,332,179,153,329,178,151,-3,-1,-2
2635010300,2024-01-31,부산광역시,해운대구,반여동,반여동,68901,33706,35195,68770,33619,35151,-131,-87,-44
2635010400,2024-01-31,부산광역시,해운대구,재송동,재송동,59665,29106,30559,59513,29025,30488,-152,-81,-71
2635010500,2024-01-31,부산광역시,해운대구,우동,우동,80183,37908,42275,80034,37865,42169,-149,-43,-106
2635010600,2024-01-31,부산광역시,해운대구,중동,중동,42458,20290,22168,42430,20258,22172,-28,-32,4
2635010700,2024-01-31,부산광역시,해운대구,좌동,좌동,85689,39967,45722,85522,39882,45640,-167,-85,-82
2635010800,2024-01-31,부산광역시,해운대구,송정동,송정동,9354,4515,4839,9378,4526,4852,24,11,13
2638010100,2024-01-31,부산광역시,사하구,괴정동,괴정동,60126,28948,31178,59968,28863,31105,-158,-85,-73
2638010200,2024-01-31,부산광역시,사하구,당리동,당리동,24363,11852,12511,24280,11811,12469,-83,-41,-42
2638010300,2024-01-31,부산광역시,사하구,하단동,하단동,46574,23335,23239,46357,23197,23160,-217,-138,-79
2638010400,2024-01-31,부산광역시,사하구,신평동,신평동,33074,16739,16335,32987,16688,16299,-87,-51,-36
2638010500,2024-01-31,부산광역시,사하구,장림동,장림동,36182,18397,17785,36100,18361,17739,-82,-36,-46
2638010600,2024-01-31,부산광역시,사하구,다대동,다대동,62521,31016,31505,62352,30933,31419,-169,-83,-86
2638010700,2024-01-31,부산광역시,사하구,구평동,구평동,12433,6354,6079,12395,6346,6049,-38,-8,-30
2638010800,2024-01-31,부산광역시,사하구,감천동,감천동,22558,11164,11394,22496,11134,11362,-62,-30,-32
2641010100,2024-01-31,부산광역시,금정구,두구동,두구동,1609,862,747,1601,855,746,-8,-7,-1
2641010200,2024-01-31,부산광역시,금정구,노포동,노포동,751,417,334,743,413,330,-8,-4,-4
2641010300,2024-01-31,부산광역시,금정구,청룡동,청룡동,8722,4221,4501,8685,4202,4483,-37,-19,-18
2641010400,2024-01-31,부산광역시,금정구,남산동,남산동,26680,12957,13723,26586,12926,13660,-94,-31,-63
2641010500,2024-01-31,부산광역시,금정구,선동,선동,508,262,246,510,264,246,2,2,0
2641010600,2024-01-31,부산광역시,금정구,오륜동,오륜동,233,122,111,231,121,110,-2,-1,-1
2641010700,2024-01-31,부산광역시,금정구,구서동,구서동,50155,23877,26278,50048,23794,26254,-107,-83,-24
2641010800,2024-01-31,부산광역시,금정구,장전동,장전동,43598,21760,21838,43202,21549,21653,-396,-211,-185
2641010900,2024-01-31,부산광역시,금정구,부곡동,부곡동,51577,24555,27022,51398,24463,26935,-179,-92,-87
2641011000,2024-01-31,부산광역시,금정구,서동,서동,23537,11837,11700,23466,11814,11652,-71,-23,-48
2641011100,2024-01-31,부산광역시,금정구,금사동,금사동,4744,2437,2307,4727,2426,2301,-17,-11,-6
2641011200,2024-01-31,부산광역시,금정구,회동동,회동동,2539,1373,1166,2516,1359,1157,-23,-14,-9
2641011300,2024-01-31,부산광역시,금정구,금성동,금성동,937,469,468,929,464,465,-8,-5,-3
2644010100,2024-01-31,부산광역시,강서구,대저1동,대저1동,5939,3287,2652,5912,3279,2633,-27,-8,-19
2644010200,2024-01-31,부산광역시,강서구,대저2동,대저2동,6643,3737,2906,6615,3720,2895,-28,-17,-11
2644010300,2024-01-31,부산광역시,강서구,강동동,강동동,3896,2070,1826,3892,2066,1826,-4,-4,0
2644010400,2024-01-31,부산광역시,강서구,명지동,명지동,84540,42345,42195,84533,42341,42192,-7,-4,-3
2644010500,2024-01-31,부산광역시,강서구,죽림동,죽림동,383,203,180,378,200,178,-5,-3,-2
2644010600,2024-01-31,부산광역시,강서구,식만동,식만동,455,249,206,454,248,206,-1,-1,0
2644010700,2024-01-31,부산광역시,강서구,죽동동,죽동동,393,204,189,399,205,194,6,1,5
2644010800,2024-01-31,부산광역시,강서구,봉림동,봉림동,940,522,418,939,522,417,-1,0,-1
2644010900,2024-01-31,부산광역시,강서구,송정동,송정동,1435,880,555,1435,885,550,0,5,-5
2644011000,2024-01-31,부산광역시,강서구,화전동,화전동,3705,2216,1489,3597,2172,1425,-108,-44,-64
2644011100,2024-01-31,부산광역시,강서구,녹산동,녹산동,1149,595,554,1159,602,557,10,7,3
2644011200,2024-01-31,부산광역시,강서구,생곡동,생곡동,545,283,262,540,279,261,-5,-4,-1
2644011300,2024-01-31,부산광역시,강서구,구랑동,구랑동,63,44,19,61,44,17,-2,0,-2
2644011400,2024-01-31,부산광역시,강서구,지사동,지사동,10292,5348,4944,10287,5355,4932,-5,7,-12
2644011500,2024-01-31,부산광역시,강서구,미음동,미음동,81,69,12,80,68,12,-1,-1,0
2644011600,2024-01-31,부산광역시,강서구,범방동,범방동,996,675,321,992,675,317,-4,0,-4
2644011700,2024-01-31,부산광역시,강서구,신호동,신호동,16612,8794,7818,16515,8747,7768,-97,-47,-50
2644011800,2024-01-31,부산광역시,강서구,동선동,동선동,1046,526,520,1036,522,514,-10,-4,-6
2644011900,2024-01-31,부산광역시,강서구,성북동,성북동,1079,600,479,1076,597,479,-3,-3,0
2644012000,2024-01-31,부산광역시,강서구,눌차동,눌차동,723,387,336,726,388,338,3,1,2
2644012100,2024-01-31,부산광역시,강서구,천성동,천성동,786,432,354,787,433,354,1,1,0
2644012200,2024-01-31,부산광역시,강서구,대항동,대항동,695,355,340,696,354,342,1,-1,2
2647010100,2024-01-31,부산광역시,연제구,거제동,거제동,63194,30270,32924,67198,32206,34992,4004,1936,2068
2647010200,2024-01-31,부산광역시,연제구,연산동,연산동,142572,68074,74498,142133,67830,74303,-439,-244,-195
2650010100,2024-01-31,부산광역시,수영구,망미동,망미동,36439,17452,18987,36287,17379,18908,-152,-73,-79
2650010200,2024-01-31,부산광역시,수영구,수영동,수영동,14034,6675,7359,13972,6636,7336,-62,-39,-23
2650010300,2024-01-31,부산광역시,수영구,민락동,민락동,27766,13350,14416,27679,13285,14394,-87,-65,-22
2650010400,2024-01-31,부산광역시,수영구,광안동,광안동,66671,30768,35903,66441,30648,35793,-230,-120,-110
2650010500,2024-01-31,부산광역시,수영구,남천동,남천동,29608,13656,15952,29707,13709,15998,99,53,46
2653010100,2024-01-31,부산광역시,사상구,삼락동,삼락동,5240,2748,2492,5198,2720,2478,-42,-28,-14
2653010200,2024-01-31,부산광역시,사상구,모라동,모라동,35717,17534,18183,35652,17483,18169,-65,-51,-14
2653010300,2024-01-31,부산광역시,사상구,덕포동,덕포동,23673,11979,11694,23727,12012,11715,54,33,21
2653010400,2024-01-31,부산광역시,사상구,괘법동,괘법동,24359,12518,11841,24276,12470,11806,-83,-48,-35
2653010500,2024-01-31,부산광역시,사상구,감전동,감전동,12193,6450,5743,12125,6410,5715,-68,-40,-28
2653010600,2024-01-31,부산광역시,사상구,주례동,주례동,50648,25292,25356,50425,25174,25251,-223,-118,-105
2653010700,2024-01-31,부산광역시,사상구,학장동,학장동,26579,13142,13437,26533,13118,13415,-46,-24,-22
2653010800,2024-01-31,부산광역시,사상구,엄궁동,엄궁동,24523,12202,12321,24440,12162,12278,-83,-40,-43
2671025021,2024-01-31,부산광역시,기장군,기장읍,동부리,7984,3962,4022,7985,3972,4013,1,10,-9
2671025022,2024-01-31,부산광역시,기장군,기장읍,교리,10383,5138,5245,10361,5120,5241,-22,-18,-4
2671025023,2024-01-31,부산광역시,기장군,기장읍,신천리,115,61,54,114,60,54,-1,-1,0
2671025024,2024-01-31,부산광역시,기장군,기장읍,죽성리,1406,409,997,1403,411,992,-3,2,-5
2671025025,2024-01-31,부산광역시,기장군,기장읍,서부리,3122,1519,1603,3116,1516,1600,-6,-3,-3
2671025026,2024-01-31,부산광역시,기장군,기장읍,대라리,13882,7001,6881,13865,6993,6872,-17,-8,-9
2671025027,2024-01-31,부산광역시,기장군,기장읍,청강리,8167,3988,4179,8159,3983,4176,-8,-5,-3
2671025028,2024-01-31,부산광역시,기장군,기장읍,대변리,1312,632,680,1311,632,679,-1,0,-1
2671025029,2024-01-31,부산광역시,기장군,기장읍,연화리,473,237,236,470,236,234,-3,-1,-2
2671025030,2024-01-31,부산광역시,기장군,기장읍,만화리,183,107,76,179,106,73,-4,-1,-3
2671025031,2024-01-31,부산광역시,기장군,기장읍,석산리,133,75,58,134,76,58,1,1,0
2671025032,2024-01-31,부산광역시,기장군,기장읍,당사리,180,90,90,182,91,91,2,1,1
2671025033,2024-01-31,부산광역시,기장군,기장읍,시랑리,683,373,310,683,371,312,0,-2,2
2671025034,2024-01-31,부산광역시,기장군,기장읍,내리,4129,1874,2255,4094,1858,2236,-35,-16,-19
2671025321,2024-01-31,부산광역시,기장군,장안읍,좌천리,1680,879,801,1674,879,795,-6,0,-6
2671025324,2024-01-31,부산광역시,기장군,장안읍,좌동리,207,110,97,208,111,97,1,1,0
2671025325,2024-01-31,부산광역시,기장군,장안읍,장안리,308,163,145,304,160,144,-4,-3,-1
2671025326,2024-01-31,부산광역시,기장군,장안읍,덕선리,237,127,110,236,124,112,-1,-3,2
2671025327,2024-01-31,부산광역시,기장군,장안읍,용소리,206,100,106,204,98,106,-2,-2,0
2671025328,2024-01-31,부산광역시,기장군,장안읍,기룡리,356,191,165,356,190,166,0,-1,1
2671025329,2024-01-31,부산광역시,기장군,장안읍,명례리,409,245,164,408,243,165,-1,-2,1
2671025330,2024-01-31,부산광역시,기장군,장안읍,월내리,1101,571,530,1090,565,525,-11,-6,-5
2671025331,2024-01-31,부산광역시,기장군,장안읍,반룡리,286,169,117,291,174,117,5,5,0
2671025332,2024-01-31,부산광역시,기장군,장안읍,임랑리,471,253,218,479,257,222,8,4,4
2671025333,2024-01-31,부산광역시,기장군,장안읍,오리,518,276,242,523,277,246,5,1,4
2671025334,2024-01-31,부산광역시,기장군,장안읍,길천리,3067,1706,1361,3035,1688,1347,-32,-18,-14
2671025621,2024-01-31,부산광역시,기장군,정관읍,방곡리,7293,3645,3648,7282,3648,3634,-11,3,-14
2671025622,2024-01-31,부산광역시,기장군,정관읍,매학리,6129,3117,3012,6083,3095,2988,-46,-22,-24
2671025623,2024-01-31,부산광역시,기장군,정관읍,임곡리,243,132,111,242,131,111,-1,-1,0
2671025624,2024-01-31,부산광역시,기장군,정관읍,월평리,344,162,182,340,161,179,-4,-1,-3
2671025625,2024-01-31,부산광역시,기장군,정관읍,달산리,11455,5801,5654,11421,5780,5641,-34,-21,-13
2671025626,2024-01-31,부산광역시,기장군,정관읍,병산리,129,72,57,127,72,55,-2,0,-2
2671025627,2024-01-31,부산광역시,기장군,정관읍,모전리,28862,14114,14748,28808,14091,14717,-54,-23,-31
2671025628,2024-01-31,부산광역시,기장군,정관읍,용수리,25267,12402,12865,25201,12369,12832,-66,-33,-33
2671025629,2024-01-31,부산광역시,기장군,정관읍,두명리,150,68,82,151,69,82,1,1,0
2671025630,2024-01-31,부산광역시,기장군,정관읍,예림리,500,283,217,499,283,216,-1,0,-1
2671025921,2024-01-31,부산광역시,기장군,일광읍,삼성리,20864,10241,10623,20891,10262,10629,27,21,6
2671025922,2024-01-31,부산광역시,기장군,일광읍,이천리,5208,2543,2665,5196,2544,2652,-12,1,-13
2671025923,2024-01-31,부산광역시,기장군,일광읍,학리,427,213,214,424,210,214,-3,-3,0
2671025924,2024-01-31,부산광역시,기장군,일광읍,동백리,452,219,233,453,221,232,1,2,-1
2671025925,2024-01-31,부산광역시,기장군,일광읍,문중리,316,154,162,317,156,161,1,2,-1
2671025926,2024-01-31,부산광역시,기장군,일광읍,신평리,298,140,158,297,141,156,-1,1,-2
2671025927,2024-01-31,부산광역시,기장군,일광읍,칠암리,464,242,222,461,240,221,-3,-2,-1
2671025928,2024-01-31,부산광역시,기장군,일광읍,문동리,272,135,137,275,136,139,3,1,2
2671025929,2024-01-31,부산광역시,기장군,일광읍,청광리,80,41,39,80,41,39,0,0,0
2671025930,2024-01-31,부산광역시,기장군,일광읍,원리,491,263,228,489,263,226,-2,0,-2
2671025931,2024-01-31,부산광역시,기장군,일광읍,화전리,356,179,177,355,176,179,-1,-3,2
2671025932,2024-01-31,부산광역시,기장군,일광읍,횡계리,125,66,59,125,65,60,0,-1,1
2671025933,2024-01-31,부산광역시,기장군,일광읍,용천리,323,171,152,325,172,153,2,1,1
2671033021,2024-01-31,부산광역시,기장군,철마면,와여리,265,144,121,263,144,119,-2,0,-2
2671033022,2024-01-31,부산광역시,기장군,철마면,장전리,337,174,163,332,171,161,-5,-3,-2
2671033023,2024-01-31,부산광역시,기장군,철마면,백길리,89,51,38,89,51,38,0,0,0
2671033024,2024-01-31,부산광역시,기장군,철마면,송정리,572,302,270,569,299,270,-3,-3,0
2671033025,2024-01-31,부산광역시,기장군,철마면,웅천리,443,230,213,447,230,217,4,0,4
2671033026,2024-01-31,부산광역시,기장군,철마면,연구리,246,137,109,246,135,111,0,-2,2
2671033027,2024-01-31,부산광역시,기장군,철마면,구칠리,292,164,128,290,163,127,-2,-1,-1
2671033028,2024-01-31,부산광역시,기장군,철마면,이곡리,157,91,66,157,91,66,0,0,0
2671033029,2024-01-31,부산광역시,기장군,철마면,고촌리,4526,2187,2339,4495,2168,2327,-31,-19,-12
2671033030,2024-01-31,부산광역시,기장군,철마면,안평리,291,147,144,291,148,143,0,1,-1
2671033031,2024-01-31,부산광역시,기장군,철마면,임기리,465,250,215,462,247,215,-3,-3,0
2711010100,2024-01-31,대구광역시,중구,동인동1가,동인동1가,948,460,488,940,457,483,-8,-3,-5
2711010200,2024-01-31,대구광역시,중구,동인동2가,동인동2가,1112,521,591,1092,516,576,-20,-5,-15
2711010300,2024-01-31,대구광역시,중구,동인동3가,동인동3가,3736,1884,1852,3798,1921,1877,62,37,25
2711010400,2024-01-31,대구광역시,중구,동인동4가,동인동4가,2576,1284,1292,2571,1288,1283,-5,4,-9
2711010500,2024-01-31,대구광역시,중구,삼덕동1가,삼덕동1가,98,53,45,99,52,47,1,-1,2
2711010600,2024-01-31,대구광역시,중구,삼덕동2가,삼덕동2가,2624,1314,1310,2669,1345,1324,45,31,14
2711010700,2024-01-31,대구광역시,중구,삼덕동3가,삼덕동3가,3921,1852,2069,3910,1846,2064,-11,-6,-5
2711010800,2024-01-31,대구광역시,중구,봉산동,봉산동,2253,1044,1209,2234,1037,1197,-19,-7,-12
2711010900,2024-01-31,대구광역시,중구,장관동,장관동,181,99,82,182,100,82,1,1,0
2711011000,2024-01-31,대구광역시,중구,상서동,상서동,111,59,52,113,61,52,2,2,0
2711011100,2024-01-31,대구광역시,중구,수동,수동,199,84,115,196,85,111,-3,1,-4
2711011200,2024-01-31,대구광역시,중구,덕산동,덕산동,13,5,8,13,5,8,0,0,0
2711011300,2024-01-31,대구광역시,중구,종로1가,종로1가,119,75,44,117,75,42,-2,0,-2
2711011400,2024-01-31,대구광역시,중구,종로2가,종로2가,73,41,32,74,42,32,1,1,0
2711011500,2024-01-31,대구광역시,중구,사일동,사일동,1,1,0,1,1,0,0,0,0
2711011600,2024-01-31,대구광역시,중구,동일동,동일동,7,4,3,7,4,3,0,0,0
2711011700,2024-01-31,대구광역시,중구,남일동,남일동,276,116,160,268,113,155,-8,-3,-5
2711011800,2024-01-31,대구광역시,중구,전동,전동,57,38,19,57,37,20,0,-1,1
2711011900,2024-01-31,대구광역시,중구,동성로3가,동성로3가,40,23,17,38,21,17,-2,-2,0
2711012000,2024-01-31,대구광역시,중구,동문동,동문동,552,261,291,536,253,283,-16,-8,-8
2711012100,2024-01-31,대구광역시,중구,문화동,문화동,222,99,123,229,106,123,7,7,0
2711012200,2024-01-31,대구광역시,중구,공평동,공평동,196,101,95,189,98,91,-7,-3,-4
2711012300,2024-01-31,대구광역시,중구,동성로2가,동성로2가,25,15,10,26,16,10,1,1,0
2711012400,2024-01-31,대구광역시,중구,태평로1가,태평로1가,393,208,185,392,206,186,-1,-2,1
2711012500,2024-01-31,대구광역시,중구,교동,교동,771,345,426,771,354,417,0,9,-9
2711012600,2024-01-31,대구광역시,중구,용덕동,용덕동,40,18,22,40,18,22,0,0,0
2711012700,2024-01-31,대구광역시,중구,상덕동,상덕동,10,6,4,10,6,4,0,0,0
2711012800,2024-01-31,대구광역시,중구,완전동,완전동,299,154,145,297,151,146,-2,-3,1
2711012900,2024-01-31,대구광역시,중구,도원동,도원동,116,47,69,113,47,66,-3,0,-3
2711013000,2024-01-31,대구광역시,중구,수창동,수창동,4245,2077,2168,4421,2163,2258,176,86,90
2711013100,2024-01-31,대구광역시,중구,태평로3가,태평로3가,557,294,263,569,296,273,12,2,10
2711013200,2024-01-31,대구광역시,중구,인교동,인교동,384,185,199,378,184,194,-6,-1,-5
2711013300,2024-01-31,대구광역시,중구,서야동,서야동,168,90,78,166,89,77,-2,-1,-1
2711013400,2024-01-31,대구광역시,중구,서성로1가,서성로1가,151,74,77,149,75,74,-2,1,-3
2711013500,2024-01-31,대구광역시,중구,시장북로,시장북로,201,100,101,195,96,99,-6,-4,-2
2711013600,2024-01-31,대구광역시,중구,하서동,하서동,244,103,141,246,107,139,2,4,-2
2711013700,2024-01-31,대구광역시,중구,남성로,남성로,91,46,45,93,47,46,2,1,1
2711013800,2024-01-31,대구광역시,중구,계산동1가,계산동1가,68,35,33,71,35,36,3,0,3
2711013900,2024-01-31,대구광역시,중구,계산동2가,계산동2가,643,302,341,640,296,344,-3,-6,3
2711014000,2024-01-31,대구광역시,중구,동산동,동산동,1349,656,693,1346,654,692,-3,-2,-1
2711014100,2024-01-31,대구광역시,중구,서문로2가,서문로2가,110,55,55,109,54,55,-1,-1,0
2711014200,2024-01-31,대구광역시,중구,서성로2가,서성로2가,8,5,3,8,5,3,0,0,0
2711014300,2024-01-31,대구광역시,중구,포정동,포정동,69,35,34,96,45,51,27,10,17
2711014400,2024-01-31,대구광역시,중구,서문로1가,서문로1가,75,38,37,76,37,39,1,-1,2
2711014500,2024-01-31,대구광역시,중구,서내동,서내동,77,41,36,77,40,37,0,-1,1
2711014600,2024-01-31,대구광역시,중구,북성로2가,북성로2가,48,29,19,47,28,19,-1,-1,0
2711014700,2024-01-31,대구광역시,중구,대안동,대안동,124,77,47,122,76,46,-2,-1,-1
2711014800,2024-01-31,대구광역시,중구,동성로1가,동성로1가,8,3,5,8,3,5,0,0,0
2711014900,2024-01-31,대구광역시,중구,태평로2가,태평로2가,1126,561,565,1630,812,818,504,251,253
2711015000,2024-01-31,대구광역시,중구,북성로1가,북성로1가,154,118,36,153,118,35,-1,0,-1
2711015100,2024-01-31,대구광역시,중구,화전동,화전동,32,21,11,32,21,11,0,0,0
2711015200,2024-01-31,대구광역시,중구,향촌동,향촌동,265,136,129,265,136,129,0,0,0
2711015300,2024-01-31,대구광역시,중구,북내동,북내동,108,54,54,107,53,54,-1,-1,0
2711015400,2024-01-31,대구광역시,중구,대신동,대신동,7485,3626,3859,7483,3623,3860,-2,-3,1
2711015500,2024-01-31,대구광역시,중구,달성동,달성동,3584,1780,1804,3664,1816,1848,80,36,44
2711015600,2024-01-31,대구광역시,중구,남산동,남산동,34211,15989,18222,34068,15904,18164,-143,-85,-58
2711015700,2024-01-31,대구광역시,중구,대봉동,대봉동,12510,5888,6622,12484,5876,6608,-26,-12,-14
2714010100,2024-01-31,대구광역시,동구,신암동,신암동,51145,25040,26105,51375,25164,26211,230,124,106
2714010200,2024-01-31,대구광역시,동구,신천동,신천동,39695,19188,20507,39677,19191,20486,-18,3,-21
2714010300,2024-01-31,대구광역시,동구,효목동,효목동,25815,12521,13294,25716,12457,13259,-99,-64,-35
2714010400,2024-01-31,대구광역시,동구,평광동,평광동,310,166,144,308,166,142,-2,0,-2
2714010500,2024-01-31,대구광역시,동구,봉무동,봉무동,14846,7254,7592,14772,7221,7551,-74,-33,-41
2714010600,2024-01-31,대구광역시,동구,불로동,불로동,9864,4913,4951,9819,4892,4927,-45,-21,-24
2714010700,2024-01-31,대구광역시,동구,도동,도동,2814,1453,1361,2813,1454,1359,-1,1,-2
2714010800,2024-01-31,대구광역시,동구,지저동,지저동,9113,4525,4588,9075,4518,4557,-38,-7,-31
2714010900,2024-01-31,대구광역시,동구,입석동,입석동,5816,3010,2806,5815,3006,2809,-1,-4,3
2714011000,2024-01-31,대구광역시,동구,검사동,검사동,9769,4937,4832,9770,4942,4828,1,5,-4
2714011100,2024-01-31,대구광역시,동구,방촌동,방촌동,27934,13577,14357,27881,13550,14331,-53,-27,-26
2714011200,2024-01-31,대구광역시,동구,둔산동,둔산동,1278,680,598,1268,673,595,-10,-7,-3
2714011300,2024-01-31,대구광역시,동구,부동,부동,374,190,184,373,192,181,-1,2,-3
2714011400,2024-01-31,대구광역시,동구,신평동,신평동,2495,1242,1253,2479,1234,1245,-16,-8,-8
2714011500,2024-01-31,대구광역시,동구,서호동,서호동,2760,1378,1382,2736,1359,1377,-24,-19,-5
2714011600,2024-01-31,대구광역시,동구,동호동,동호동,4809,2424,2385,4790,2411,2379,-19,-13,-6
2714011700,2024-01-31,대구광역시,동구,신기동,신기동,8451,4097,4354,8426,4088,4338,-25,-9,-16
2714011800,2024-01-31,대구광역시,동구,율하동,율하동,30857,14987,15870,30741,14929,15812,-116,-58,-58
2714011900,2024-01-31,대구광역시,동구,용계동,용계동,11230,5574,5656,11523,5727,5796,293,153,140
2714012000,2024-01-31,대구광역시,동구,율암동,율암동,3830,1926,1904,3873,1947,1926,43,21,22
2714012100,2024-01-31,대구광역시,동구,상매동,상매동,61,36,25,60,35,25,-1,-1,0
2714012200,2024-01-31,대구광역시,동구,매여동,매여동,122,64,58,123,64,59,1,0,1
2714012300,2024-01-31,대구광역시,동구,각산동,각산동,18439,9206,9233,18360,9157,9203,-79,-49,-30
2714012400,2024-01-31,대구광역시,동구,신서동,신서동,26015,12468,13547,26033,12480,13553,18,12,6
2714012500,2024-01-31,대구광역시,동구,동내동,동내동,109,74,35,109,73,36,0,-1,1
2714012600,2024-01-31,대구광역시,동구,괴전동,괴전동,5742,2809,2933,5713,2795,2918,-29,-14,-15
2714012700,2024-01-31,대구광역시,동구,금강동,금강동,218,104,114,217,104,113,-1,0,-1
2714012800,2024-01-31,대구광역시,동구,대림동,대림동,2616,1253,1363,2621,1257,1364,5,4,1
2714012900,2024-01-31,대구광역시,동구,사복동,사복동,3629,1770,1859,3615,1760,1855,-14,-10,-4
2714013000,2024-01-31,대구광역시,동구,숙천동,숙천동,1713,839,874,1711,838,873,-2,-1,-1
2714013100,2024-01-31,대구광역시,동구,내곡동,내곡동,92,44,48,91,44,47,-1,0,-1
2714013200,2024-01-31,대구광역시,동구,능성동,능성동,187,96,91,182,94,88,-5,-2,-3
2714013300,2024-01-31,대구광역시,동구,진인동,진인동,491,244,247,487,243,244,-4,-1,-3
2714013400,2024-01-31,대구광역시,동구,도학동,도학동,295,160,135,298,161,137,3,1,2
2714013500,2024-01-31,대구광역시,동구,백안동,백안동,779,396,383,773,391,382,-6,-5,-1
2714013600,2024-01-31,대구광역시,동구,미곡동,미곡동,351,182,169,351,183,168,0,1,-1
2714013700,2024-01-31,대구광역시,동구,용수동,용수동,233,119,114,232,118,114,-1,-1,0
2714013800,2024-01-31,대구광역시,동구,신무동,신무동,221,108,113,215,105,110,-6,-3,-3
2714013900,2024-01-31,대구광역시,동구,미대동,미대동,340,178,162,342,179,163,2,1,1
2714014000,2024-01-31,대구광역시,동구,내동,내동,149,83,66,149,83,66,0,0,0
2714014100,2024-01-31,대구광역시,동구,신용동,신용동,226,113,113,222,111,111,-4,-2,-2
2714014200,2024-01-31,대구광역시,동구,중대동,중대동,811,392,419,817,397,420,6,5,1
2714014300,2024-01-31,대구광역시,동구,송정동,송정동,305,162,143,304,163,141,-1,1,-2
2714014400,2024-01-31,대구광역시,동구,덕곡동,덕곡동,542,268,274,541,267,274,-1,-1,0
2714014500,2024-01-31,대구광역시,동구,지묘동,지묘동,15922,7678,8244,15907,7676,8231,-15,-2,-13
2717010100,2024-01-31,대구광역시,서구,내당동,내당동,33867,16368,17499,33751,16292,17459,-116,-76,-40
2717010200,2024-01-31,대구광역시,서구,비산동,비산동,47512,23764,23748,47333,23659,23674,-179,-105,-74
2717010300,2024-01-31,대구광역시,서구,평리동,평리동,54337,27169,27168,54974,27496,27478,637,327,310
2717010400,2024-01-31,대구광역시,서구,상리동,상리동,1408,713,695,1402,711,691,-6,-2,-4
2717010500,2024-01-31,대구광역시,서구,중리동,중리동,16691,8249,8442,16646,8232,8414,-45,-17,-28
2717010600,2024-01-31,대구광역시,서구,이현동,이현동,428,261,167,416,251,165,-12,-10,-2
2717010700,2024-01-31,대구광역시,서구,원대동1가,원대동1가,1702,851,851,1696,849,847,-6,-2,-4
2717010800,2024-01-31,대구광역시,서구,원대동2가,원대동2가,1079,545,534,1077,546,531,-2,1,-3
2717010900,2024-01-31,대구광역시,서구,원대동3가,원대동3가,7064,3578,3486,7218,3650,3568,154,72,82
2720010100,2024-01-31,대구광역시,남구,이천동,이천동,12795,6020,6775,12779,6013,6766,-16,-7,-9
2720010200,2024-01-31,대구광역시,남구,봉덕동,봉덕동,36594,17368,19226,36503,17335,19168,-91,-33,-58
2720010300,2024-01-31,대구광역시,남구,대명동,대명동,89798,43124,46674,89524,42971,46553,-274,-153,-121
2723010100,2024-01-31,대구광역시,북구,칠성동1가,칠성동1가,827,425,402,813,416,397,-14,-9,-5
2723010200,2024-01-31,대구광역시,북구,칠성동2가,칠성동2가,21335,10165,11170,21321,10138,11183,-14,-27,13
2723010300,2024-01-31,대구광역시,북구,고성동1가,고성동1가,2501,1257,1244,2545,1279,1266,44,22,22
2723010400,2024-01-31,대구광역시,북구,고성동2가,고성동2가,1461,712,749,1462,709,753,1,-3,4
2723010500,2024-01-31,대구광역시,북구,고성동3가,고성동3가,3847,1867,1980,3902,1898,2004,55,31,24
2723010600,2024-01-31,대구광역시,북구,침산동,침산동,40338,19551,20787,40258,19501,20757,-80,-50,-30
2723010700,2024-01-31,대구광역시,북구,노원동1가,노원동1가,1888,977,911,1883,977,906,-5,0,-5
2723010800,2024-01-31,대구광역시,북구,노원동2가,노원동2가,3852,1963,1889,3842,1957,1885,-10,-6,-4
2723010900,2024-01-31,대구광역시,북구,노원동3가,노원동3가,4780,2523,2257,4779,2527,2252,-1,4,-5
2723011000,2024-01-31,대구광역시,북구,대현동,대현동,16407,8233,8174,16315,8163,8152,-92,-70,-22
2723011100,2024-01-31,대구광역시,북구,산격동,산격동,34938,17765,17173,34656,17601,17055,-282,-164,-118
2723011200,2024-01-31,대구광역시,북구,복현동,복현동,36866,18678,18188,36696,18564,18132,-170,-114,-56
2723011300,2024-01-31,대구광역시,북구,검단동,검단동,5943,2938,3005,5926,2926,3000,-17,-12,-5
2723011400,2024-01-31,대구광역시,북구,동변동,동변동,10548,5444,5104,10525,5440,5085,-23,-4,-19
2723011500,2024-01-31,대구광역시,북구,서변동,서변동,13233,6777,6456,13198,6761,6437,-35,-16,-19
2723011600,2024-01-31,대구광역시,북구,조야동,조야동,1189,635,554,1189,633,556,0,-2,2
2723011700,2024-01-31,대구광역시,북구,노곡동,노곡동,766,415,351,770,417,353,4,2,2
2723011800,2024-01-31,대구광역시,북구,읍내동,읍내동,25196,12477,12719,25125,12443,12682,-71,-34,-37
2723011900,2024-01-31,대구광역시,북구,동호동,동호동,181,103,78,182,103,79,1,0,1
2723012000,2024-01-31,대구광역시,북구,학정동,학정동,8689,4311,4378,8640,4289,4351,-49,-22,-27
2723012100,2024-01-31,대구광역시,북구,도남동,도남동,1552,765,787,1599,785,814,47,20,27
2723012200,2024-01-31,대구광역시,북구,국우동,국우동,20461,10058,10403,20420,10033,10387,-41,-25,-16
2723012300,2024-01-31,대구광역시,북구,구암동,구암동,32871,16030,16841,32861,16028,16833,-10,-2,-8
2723012400,2024-01-31,대구광역시,북구,동천동,동천동,26416,12802,13614,26372,12783,13589,-44,-19,-25
2723012500,2024-01-31,대구광역시,북구,관음동,관음동,15185,7663,7522,15156,7646,7510,-29,-17,-12
2723012600,2024-01-31,대구광역시,북구,태전동,태전동,45300,22301,22999,45177,22249,22928,-123,-52,-71
2723012700,2024-01-31,대구광역시,북구,매천동,매천동,12589,6268,6321,12560,6258,6302,-29,-10,-19
2723012800,2024-01-31,대구광역시,북구,팔달동,팔달동,4268,2095,2173,4246,2079,2167,-22,-16,-6
2723012900,2024-01-31,대구광역시,북구,금호동,금호동,797,433,364,799,429,370,2,-4,6
2723013000,2024-01-31,대구광역시,북구,사수동,사수동,15845,7769,8076,15779,7734,8045,-66,-35,-31
2723013100,2024-01-31,대구광역시,북구,연경동,연경동,9555,4778,4777,9567,4786,4781,12,8,4
2726010100,2024-01-31,대구광역시,수성구,범어동,범어동,67879,32742,35137,69025,33288,35737,1146,546,600
2726010200,2024-01-31,대구광역시,수성구,만촌동,만촌동,52404,26314,26090,52399,26314,26085,-5,0,-5
2726010300,2024-01-31,대구광역시,수성구,수성동1가,수성동1가,17272,7860,9412,17266,7849,9417,-6,-11,5
2726010400,2024-01-31,대구광역시,수성구,수성동2가,수성동2가,3093,1515,1578,3060,1501,1559,-33,-14,-19
2726010500,2024-01-31,대구광역시,수성구,수성동3가,수성동3가,7833,3801,4032,7777,3786,3991,-56,-15,-41
2726010600,2024-01-31,대구광역시,수성구,수성동4가,수성동4가,13510,6241,7269,13473,6225,7248,-37,-16,-21
2726010700,2024-01-31,대구광역시,수성구,황금동,황금동,34189,16310,17879,34124,16271,17853,-65,-39,-26
2726010800,2024-01-31,대구광역시,수성구,중동,중동,13084,6490,6594,13052,6463,6589,-32,-27,-5
2726010900,2024-01-31,대구광역시,수성구,상동,상동,15097,7262,7835,15053,7255,7798,-44,-7,-37
2726011000,2024-01-31,대구광역시,수성구,파동,파동,13307,6342,6965,13882,6623,7259,575,281,294
2726011100,2024-01-31,대구광역시,수성구,두산동,두산동,14443,7022,7421,14404,6991,7413,-39,-31,-8
2726011200,2024-01-31,대구광역시,수성구,지산동,지산동,39185,18538,20647,39074,18483,20591,-111,-55,-56
2726011300,2024-01-31,대구광역시,수성구,범물동,범물동,26793,12584,14209,26685,12545,14140,-108,-39,-69
2726011400,2024-01-31,대구광역시,수성구,시지동,시지동,18714,9068,9646,18587,9003,9584,-127,-65,-62
2726011500,2024-01-31,대구광역시,수성구,매호동,매호동,15898,7491,8407,15818,7447,8371,-80,-44,-36
2726011600,2024-01-31,대구광역시,수성구,성동,성동,231,120,111,232,120,112,1,0,1
2726011700,2024-01-31,대구광역시,수성구,사월동,사월동,11372,5601,5771,11299,5558,5741,-73,-43,-30
2726011800,2024-01-31,대구광역시,수성구,신매동,신매동,29768,14305,15463,29624,14240,15384,-144,-65,-79
2726011900,2024-01-31,대구광역시,수성구,욱수동,욱수동,4939,2434,2505,5091,2504,2587,152,70,82
2726012000,2024-01-31,대구광역시,수성구,노변동,노변동,6182,3086,3096,6188,3089,3099,6,3,3
2726012200,2024-01-31,대구광역시,수성구,삼덕동,삼덕동,454,237,217,447,233,214,-7,-4,-3
2726012300,2024-01-31,대구광역시,수성구,연호동,연호동,501,284,217,497,281,216,-4,-3,-1
2726012400,2024-01-31,대구광역시,수성구,이천동,이천동,499,280,219,520,292,228,21,12,9
2726012500,2024-01-31,대구광역시,수성구,고모동,고모동,240,124,116,239,123,116,-1,-1,0
2726012600,2024-01-31,대구광역시,수성구,가천동,가천동,255,127,128,253,127,126,-2,0,-2
2726012700,2024-01-31,대구광역시,수성구,대흥동,대흥동,189,99,90,191,102,89,2,3,-1
2729010100,2024-01-31,대구광역시,달서구,성당동,성당동,21827,10572,11255,21818,10569,11249,-9,-3,-6
2729010200,2024-01-31,대구광역시,달서구,두류동,두류동,23501,11433,12068,23447,11391,12056,-54,-42,-12
2729010400,2024-01-31,대구광역시,달서구,파호동,파호동,6385,3119,3266,6349,3102,3247,-36,-17,-19
2729010500,2024-01-31,대구광역시,달서구,호림동,호림동,71,49,22,73,49,24,2,0,2
2729010600,2024-01-31,대구광역시,달서구,갈산동,갈산동,206,151,55,208,153,55,2,2,0
2729010700,2024-01-31,대구광역시,달서구,신당동,신당동,15536,7722,7814,15342,7643,7699,-194,-79,-115
2729010800,2024-01-31,대구광역시,달서구,이곡동,이곡동,36504,18238,18266,36453,18220,18233,-51,-18,-33
2729010900,2024-01-31,대구광역시,달서구,장동,장동,148,101,47,148,101,47,0,0,0
2729011000,2024-01-31,대구광역시,달서구,장기동,장기동,16656,8149,8507,16643,8157,8486,-13,8,-21
2729011100,2024-01-31,대구광역시,달서구,용산동,용산동,54934,27410,27524,54758,27310,27448,-176,-100,-76
2729011200,2024-01-31,대구광역시,달서구,죽전동,죽전동,8035,4025,4010,8042,4032,4010,7,7,0
2729011300,2024-01-31,대구광역시,달서구,감삼동,감삼동,34218,16622,17596,34377,16726,17651,159,104,55
2729011400,2024-01-31,대구광역시,달서구,본리동,본리동,19461,9545,9916,19447,9545,9902,-14,0,-14
2729011500,2024-01-31,대구광역시,달서구,상인동,상인동,62880,30575,32305,62722,30501,32221,-158,-74,-84
2729011600,2024-01-31,대구광역시,달서구,도원동,도원동,33289,15968,17321,33204,15928,17276,-85,-40,-45
2729011700,2024-01-31,대구광역시,달서구,진천동,진천동,30005,14775,15230,29904,14737,15167,-101,-38,-63
2729011800,2024-01-31,대구광역시,달서구,유천동,유천동,23300,11460,11840,23251,11415,11836,-49,-45,-4
2729011900,2024-01-31,대구광역시,달서구,대천동,대천동,10920,5458,5462,10886,5429,5457,-34,-29,-5
2729012000,2024-01-31,대구광역시,달서구,월성동,월성동,54764,26457,28307,54638,26386,28252,-126,-71,-55
2729012100,2024-01-31,대구광역시,달서구,월암동,월암동,260,201,59,256,197,59,-4,-4,0
2729012200,2024-01-31,대구광역시,달서구,송현동,송현동,34249,16720,17529,34091,16642,17449,-158,-78,-80
2729012300,2024-01-31,대구광역시,달서구,대곡동,대곡동,20656,9995,10661,20594,9955,10639,-62,-40,-22
2729012400,2024-01-31,대구광역시,달서구,본동,본동,12374,6113,6261,12367,6108,6259,-7,-5,-2
2729012500,2024-01-31,대구광역시,달서구,호산동,호산동,7602,4075,3527,7558,4026,3532,-44,-49,5
2771025021,2024-01-31,대구광역시,달성군,화원읍,천내리,13925,7011,6914,13892,6999,6893,-33,-12,-21
2771025022,2024-01-31,대구광역시,달성군,화원읍,구라리,8070,3924,4146,8054,3925,4129,-16,1,-17
2771025023,2024-01-31,대구광역시,달성군,화원읍,성산리,4204,2108,2096,4191,2099,2092,-13,-9,-4
2771025024,2024-01-31,대구광역시,달성군,화원읍,설화리,3381,1763,1618,3363,1759,1604,-18,-4,-14
2771025025,2024-01-31,대구광역시,달성군,화원읍,명곡리,10801,5178,5623,10807,5174,5633,6,-4,10
2771025026,2024-01-31,대구광역시,달성군,화원읍,본리리,6280,3144,3136,6257,3129,3128,-23,-15,-8
2771025321,2024-01-31,대구광역시,달성군,논공읍,노이리,422,236,186,418,235,183,-4,-1,-3
2771025322,2024-01-31,대구광역시,달성군,논공읍,금포리,3067,1658,1409,3029,1642,1387,-38,-16,-22
2771025323,2024-01-31,대구광역시,달성군,논공읍,삼리리,440,243,197,437,241,196,-3,-2,-1
2771025324,2024-01-31,대구광역시,달성군,논공읍,위천리,224,121,103,223,118,105,-1,-3,2
2771025325,2024-01-31,대구광역시,달성군,논공읍,상리,206,113,93,204,112,92,-2,-1,-1
2771025326,2024-01-31,대구광역시,달성군,논공읍,하리,167,91,76,164,91,73,-3,0,-3
2771025327,2024-01-31,대구광역시,달성군,논공읍,남리,5230,2803,2427,5206,2787,2419,-24,-16,-8
2771025328,2024-01-31,대구광역시,달성군,논공읍,북리,6590,3468,3122,6550,3450,3100,-40,-18,-22
2771025329,2024-01-31,대구광역시,달성군,논공읍,본리리,108,81,27,108,81,27,0,0,0
2771025621,2024-01-31,대구광역시,달성군,다사읍,이천리,143,80,63,143,80,63,0,0,0
2771025622,2024-01-31,대구광역시,달성군,다사읍,달천리,124,69,55,126,70,56,2,1,1
2771025623,2024-01-31,대구광역시,달성군,다사읍,박곡리,163,87,76,163,87,76,0,0,0
2771025624,2024-01-31,대구광역시,달성군,다사읍,방천리,7,5,2,7,5,2,0,0,0
2771025625,2024-01-31,대구광역시,달성군,다사읍,서재리,25313,12605,12708,25254,12582,12672,-59,-23,-36
2771025626,2024-01-31,대구광역시,달성군,다사읍,세천리,13927,7251,6676,13907,7238,6669,-20,-13,-7
2771025627,2024-01-31,대구광역시,달성군,다사읍,죽곡리,19576,9557,10019,19559,9551,10008,-17,-6,-11
2771025628,2024-01-31,대구광역시,달성군,다사읍,매곡리,32227,15960,16267,32264,15982,16282,37,22,15
2771025629,2024-01-31,대구광역시,달성군,다사읍,부곡리,210,115,95,211,115,96,1,0,1
2771025630,2024-01-31,대구광역시,달성군,다사읍,문양리,362,191,171,361,191,170,-1,0,-1
2771025631,2024-01-31,대구광역시,달성군,다사읍,문산리,208,101,107,201,98,103,-7,-3,-4
2771025921,2024-01-31,대구광역시,달성군,유가읍,음리,181,85,96,179,84,95,-2,-1,-1
2771025922,2024-01-31,대구광역시,달성군,유가읍,양리,158,83,75,161,84,77,3,1,2
2771025923,2024-01-31,대구광역시,달성군,유가읍,용리,139,78,61,139,77,62,0,-1,1
2771025924,2024-01-31,대구광역시,달성군,유가읍,봉리,25685,12936,12749,25961,13070,12891,276,134,142
2771025925,2024-01-31,대구광역시,달성군,유가읍,쌍계리,2712,1382,1330,2700,1371,1329,-12,-11,-1
2771025926,2024-01-31,대구광역시,달성군,유가읍,초곡리,116,68,48,115,67,48,-1,-1,0
2771025927,2024-01-31,대구광역시,달성군,유가읍,상리,242,134,108,240,134,106,-2,0,-2
2771025928,2024-01-31,대구광역시,달성군,유가읍,금리,259,188,71,265,192,73,6,4,2
2771025929,2024-01-31,대구광역시,달성군,유가읍,유곡리,368,194,174,365,194,171,-3,0,-3
2771025930,2024-01-31,대구광역시,달성군,유가읍,도의리,204,101,103,200,99,101,-4,-2,-2
2771025931,2024-01-31,대구광역시,달성군,유가읍,가태리,166,87,79,162,86,76,-4,-1,-3
2771025932,2024-01-31,대구광역시,달성군,유가읍,한정리,277,148,129,275,146,129,-2,-2,0
2771025933,2024-01-31,대구광역시,달성군,유가읍,본말리,122,63,59,125,64,61,3,1,2
2771026221,2024-01-31,대구광역시,달성군,옥포읍,신당리,396,207,189,395,206,189,-1,-1,0
2771026222,2024-01-31,대구광역시,달성군,옥포읍,교항리,9638,4794,4844,9617,4792,4825,-21,-2,-19
2771026223,2024-01-31,대구광역시,달성군,옥포읍,강림리,6446,3160,3286,6434,3149,3285,-12,-11,-1
2771026224,2024-01-31,대구광역시,달성군,옥포읍,송촌리,69,36,33,68,35,33,-1,-1,0
2771026225,2024-01-31,대구광역시,달성군,옥포읍,간경리,538,294,244,536,292,244,-2,-2,0
2771026226,2024-01-31,대구광역시,달성군,옥포읍,기세리,382,206,176,376,202,174,-6,-4,-2
2771026227,2024-01-31,대구광역시,달성군,옥포읍,반송리,418,225,193,420,226,194,2,1,1
2771026228,2024-01-31,대구광역시,달성군,옥포읍,김흥리,460,267,193,464,268,196,4,1,3
2771026229,2024-01-31,대구광역시,달성군,옥포읍,본리리,5561,2845,2716,5554,2834,2720,-7,-11,4
2771026521,2024-01-31,대구광역시,달성군,현풍읍,상리,1069,640,429,1054,626,428,-15,-14,-1
2771026522,2024-01-31,대구광역시,달성군,현풍읍,중리,14003,7281,6722,13974,7279,6695,-29,-2,-27
2771026523,2024-01-31,대구광역시,달성군,현풍읍,부리,1797,1007,790,1777,994,783,-20,-13,-7
2771026524,2024-01-31,대구광역시,달성군,현풍읍,하리,463,262,201,461,259,202,-2,-3,1
2771026525,2024-01-31,대구광역시,달성군,현풍읍,성하리,516,270,246,517,271,246,1,1,0
2771026526,2024-01-31,대구광역시,달성군,현풍읍,원교리,996,505,491,997,512,485,1,7,-6
2771026527,2024-01-31,대구광역시,달성군,현풍읍,자모리,127,77,50,129,78,51,2,1,1
2771026528,2024-01-31,대구광역시,달성군,현풍읍,오산리,132,72,60,130,71,59,-2,-1,-1
2771026529,2024-01-31,대구광역시,달성군,현풍읍,지리,238,122,116,240,123,117,2,1,1
2771026530,2024-01-31,대구광역시,달성군,현풍읍,대리,2668,1376,1292,2644,1364,1280,-24,-12,-12
2771026531,2024-01-31,대구광역시,달성군,현풍읍,신기리,101,59,42,101,59,42,0,0,0
2771031021,2024-01-31,대구광역시,달성군,가창면,용계리,3032,1408,1624,3006,1400,1606,-26,-8,-18
2771031022,2024-01-31,대구광역시,달성군,가창면,오리,281,145,136,280,143,137,-1,-2,1
2771031023,2024-01-31,대구광역시,달성군,가창면,정대리,279,155,124,279,155,124,0,0,0
2771031024,2024-01-31,대구광역시,달성군,가창면,냉천리,416,206,210,414,204,210,-2,-2,0
2771031025,2024-01-31,대구광역시,달성군,가창면,행정리,470,243,227,465,239,226,-5,-4,-1
2771031026,2024-01-31,대구광역시,달성군,가창면,상원리,366,180,186,367,180,187,1,0,1
2771031027,2024-01-31,대구광역시,달성군,가창면,단산리,412,215,197,411,214,197,-1,-1,0
2771031028,2024-01-31,대구광역시,달성군,가창면,대일리,438,223,215,438,222,216,0,-1,1
2771031029,2024-01-31,대구광역시,달성군,가창면,주리,316,178,138,313,176,137,-3,-2,-1
2771031030,2024-01-31,대구광역시,달성군,가창면,옥분리,248,138,110,245,137,108,-3,-1,-2
2771031031,2024-01-31,대구광역시,달성군,가창면,삼산리,544,279,265,533,270,263,-11,-9,-2
2771031032,2024-01-31,대구광역시,달성군,가창면,우록리,527,275,252,529,277,252,2,2,0
2771033021,2024-01-31,대구광역시,달성군,하빈면,하산리,561,307,254,553,303,250,-8,-4,-4
2771033022,2024-01-31,대구광역시,달성군,하빈면,묘리,318,191,127,318,190,128,0,-1,1
2771033023,2024-01-31,대구광역시,달성군,하빈면,기곡리,236,133,103,237,134,103,1,1,0
2771033024,2024-01-31,대구광역시,달성군,하빈면,대평리,310,157,153,310,157,153,0,0,0
2771033025,2024-01-31,대구광역시,달성군,하빈면,무등리,234,126,108,234,126,108,0,0,0
2771033026,2024-01-31,대구광역시,달성군,하빈면,현내리,441,239,202,441,240,201,0,1,-1
2771033027,2024-01-31,대구광역시,달성군,하빈면,감문리,223,109,114,226,109,117,3,0,3
2771033028,2024-01-31,대구광역시,달성군,하빈면,동곡리,415,215,200,414,213,201,-1,-2,1
2771033029,2024-01-31,대구광역시,달성군,하빈면,봉촌리,615,342,273,617,344,273,2,2,0
2771038021,2024-01-31,대구광역시,달성군,구지면,창리,6533,3377,3156,6533,3369,3164,0,-8,8
2771038022,2024-01-31,대구광역시,달성군,구지면,응암리,9389,5061,4328,9321,5022,4299,-68,-39,-29
2771038023,2024-01-31,대구광역시,달성군,구지면,고봉리,193,94,99,194,94,100,1,0,1
2771038024,2024-01-31,대구광역시,달성군,구지면,가천리,136,66,70,134,64,70,-2,-2,0
2771038025,2024-01-31,대구광역시,달성군,구지면,평촌리,201,108,93,200,106,94,-1,-2,1
2771038026,2024-01-31,대구광역시,달성군,구지면,예현리,113,68,45,116,69,47,3,1,2
2771038027,2024-01-31,대구광역시,달성군,구지면,유산리,49,22,27,48,22,26,-1,0,-1
2771038028,2024-01-31,대구광역시,달성군,구지면,목단리,116,55,61,114,55,59,-2,0,-2
2771038029,2024-01-31,대구광역시,달성군,구지면,대암리,118,59,59,117,59,58,-1,0,-1
2771038030,2024-01-31,대구광역시,달성군,구지면,내리,255,185,70,257,187,70,2,2,0
2771038031,2024-01-31,대구광역시,달성군,구지면,화산리,1736,903,833,1729,895,834,-7,-8,1
2771038032,2024-01-31,대구광역시,달성군,구지면,수리리,189,106,83,191,107,84,2,1,1
2771038033,2024-01-31,대구광역시,달성군,구지면,징리,113,53,60,110,52,58,-3,-1,-2
2771038034,2024-01-31,대구광역시,달성군,구지면,오설리,107,57,50,109,58,51,2,1,1
2771038035,2024-01-31,대구광역시,달성군,구지면,도동리,132,69,63,131,69,62,-1,0,-1
2772025021,2024-01-31,대구광역시,군위군,군위읍,동부리,1501,784,717,1505,784,721,4,0,4
2772025022,2024-01-31,대구광역시,군위군,군위읍,서부리,2725,1386,1339,2696,1374,1322,-29,-12,-17
2772025023,2024-01-31,대구광역시,군위군,군위읍,금구리,314,160,154,313,159,154,-1,-1,0
2772025024,2024-01-31,대구광역시,군위군,군위읍,무성리,396,218,178,393,217,176,-3,-1,-2
2772025025,2024-01-31,대구광역시,군위군,군위읍,수서리,354,205,149,354,205,149,0,0,0
2772025026,2024-01-31,대구광역시,군위군,군위읍,사직리,186,85,101,186,85,101,0,0,0
2772025027,2024-01-31,대구광역시,군위군,군위읍,내량리,361,180,181,360,180,180,-1,0,-1
2772025028,2024-01-31,대구광역시,군위군,군위읍,외량리,277,159,118,274,157,117,-3,-2,-1
2772025029,2024-01-31,대구광역시,군위군,군위읍,삽령리,130,67,63,126,64,62,-4,-3,-1
2772025030,2024-01-31,대구광역시,군위군,군위읍,대북리,255,127,128,256,128,128,1,1,0
2772025031,2024-01-31,대구광역시,군위군,군위읍,오곡리,143,70,73,144,70,74,1,0,1
2772025032,2024-01-31,대구광역시,군위군,군위읍,정리,459,263,196,454,257,197,-5,-6,1
2772025033,2024-01-31,대구광역시,군위군,군위읍,하곡리,218,125,93,218,124,94,0,-1,1
2772025034,2024-01-31,대구광역시,군위군,군위읍,용대리,132,58,74,132,59,73,0,1,-1
2772025035,2024-01-31,대구광역시,군위군,군위읍,상곡리,163,86,77,161,85,76,-2,-1,-1
2772025036,2024-01-31,대구광역시,군위군,군위읍,광현리,251,133,118,253,134,119,2,1,1
2772025037,2024-01-31,대구광역시,군위군,군위읍,대흥리,204,96,108,204,96,108,0,0,0
2772031021,2024-01-31,대구광역시,군위군,소보면,사리리,126,68,58,126,68,58,0,0,0
2772031022,2024-01-31,대구광역시,군위군,소보면,보현리,131,66,65,129,65,64,-2,-1,-1
2772031023,2024-01-31,대구광역시,군위군,소보면,복성리,130,68,62,130,68,62,0,0,0
2772031024,2024-01-31,대구광역시,군위군,소보면,위성리,213,112,101,214,112,102,1,0,1
2772031025,2024-01-31,대구광역시,군위군,소보면,달산리,251,128,123,249,127,122,-2,-1,-1
2772031026,2024-01-31,대구광역시,군위군,소보면,송원리,314,154,160,312,152,160,-2,-2,0
2772031027,2024-01-31,대구광역시,군위군,소보면,신계리,81,43,38,83,45,38,2,2,0
2772031028,2024-01-31,대구광역시,군위군,소보면,도산리,231,116,115,232,116,116,1,0,1
2772031029,2024-01-31,대구광역시,군위군,소보면,서경리,116,58,58,118,60,58,2,2,0
2772031030,2024-01-31,대구광역시,군위군,소보면,평호리,112,61,51,112,61,51,0,0,0
2772031031,2024-01-31,대구광역시,군위군,소보면,산법리,53,35,18,53,35,18,0,0,0
2772031032,2024-01-31,대구광역시,군위군,소보면,내의리,281,164,117,282,165,117,1,1,0
2772031033,2024-01-31,대구광역시,군위군,소보면,봉황리,204,106,98,203,106,97,-1,0,-1
2772031034,2024-01-31,대구광역시,군위군,소보면,봉소리,74,42,32,74,42,32,0,0,0
2772032021,2024-01-31,대구광역시,군위군,효령면,노행리,210,119,91,212,120,92,2,1,1
2772032022,2024-01-31,대구광역시,군위군,효령면,오천리,92,48,44,91,48,43,-1,0,-1
2772032023,2024-01-31,대구광역시,군위군,효령면,성리,205,106,99,204,105,99,-1,-1,0
2772032024,2024-01-31,대구광역시,군위군,효령면,병수리,208,98,110,208,99,109,0,1,-1
2772032025,2024-01-31,대구광역시,군위군,효령면,불로리,104,54,50,102,52,50,-2,-2,0
2772032026,2024-01-31,대구광역시,군위군,효령면,내리리,122,70,52,123,71,52,1,1,0
2772032027,2024-01-31,대구광역시,군위군,효령면,중구리,395,202,193,395,204,191,0,2,-2
2772032028,2024-01-31,대구광역시,군위군,효령면,거매리,167,87,80,166,87,79,-1,0,-1
2772032029,2024-01-31,대구광역시,군위군,효령면,장군리,397,216,181,397,216,181,0,0,0
2772032030,2024-01-31,대구광역시,군위군,효령면,장기리,289,150,139,291,151,140,2,1,1
2772032031,2024-01-31,대구광역시,군위군,효령면,금매리,243,128,115,238,125,113,-5,-3,-2
2772032032,2024-01-31,대구광역시,군위군,효령면,화계리,204,99,105,204,99,105,0,0,0
2772032033,2024-01-31,대구광역시,군위군,효령면,마시리,305,159,146,303,157,146,-2,-2,0
2772032034,2024-01-31,대구광역시,군위군,효령면,매곡리,284,137,147,288,138,150,4,1,3
2772032035,2024-01-31,대구광역시,군위군,효령면,고곡리,525,282,243,524,283,241,-1,1,-2
2772033021,2024-01-31,대구광역시,군위군,부계면,창평리,400,207,193,398,205,193,-2,-2,0
2772033022,2024-01-31,대구광역시,군위군,부계면,가호리,260,129,131,258,131,127,-2,2,-4
2772033023,2024-01-31,대구광역시,군위군,부계면,춘산리,121,62,59,122,62,60,1,0,1
2772033024,2024-01-31,대구광역시,군위군,부계면,대율리,446,223,223,446,223,223,0,0,0
2772033025,2024-01-31,대구광역시,군위군,부계면,동산리,272,145,127,275,147,128,3,2,1
2772033026,2024-01-31,대구광역시,군위군,부계면,남산리,386,220,166,384,217,167,-2,-3,1
2772033027,2024-01-31,대구광역시,군위군,부계면,명산리,68,33,35,67,33,34,-1,0,-1
2772033028,2024-01-31,대구광역시,군위군,부계면,신화리,141,73,68,139,72,67,-2,-1,-1
2772034021,2024-01-31,대구광역시,군위군,우보면,나호리,191,98,93,191,100,91,0,2,-2
2772034022,2024-01-31,대구광역시,군위군,우보면,이화리,477,234,243,474,232,242,-3,-2,-1
2772034023,2024-01-31,대구광역시,군위군,우보면,두북리,94,51,43,96,52,44,2,1,1
2772034024,2024-01-31,대구광역시,군위군,우보면,선곡리,184,98,86,185,99,86,1,1,0
2772034025,2024-01-31,대구광역시,군위군,우보면,미성리,191,86,105,190,86,104,-1,0,-1
2772034026,2024-01-31,대구광역시,군위군,우보면,모산리,193,99,94,192,98,94,-1,-1,0
2772034027,2024-01-31,대구광역시,군위군,우보면,문덕리,216,110,106,216,111,105,0,1,-1
2772034028,2024-01-31,대구광역시,군위군,우보면,달산리,183,94,89,182,93,89,-1,-1,0
2772034029,2024-01-31,대구광역시,군위군,우보면,봉산리,210,111,99,214,112,102,4,1,3
2772035021,2024-01-31,대구광역시,군위군,의흥면,읍내리,604,271,333,599,268,331,-5,-3,-2
2772035022,2024-01-31,대구광역시,군위군,의흥면,수북리,235,121,114,239,121,118,4,0,4
2772035023,2024-01-31,대구광역시,군위군,의흥면,수서리,125,65,60,124,64,60,-1,-1,0
2772035024,2024-01-31,대구광역시,군위군,의흥면,이지리,252,119,133,247,121,126,-5,2,-7
2772035025,2024-01-31,대구광역시,군위군,의흥면,파전리,126,61,65,127,61,66,1,0,1
2772035026,2024-01-31,대구광역시,군위군,의흥면,신덕리,102,48,54,99,46,53,-3,-2,-1
2772035027,2024-01-31,대구광역시,군위군,의흥면,지호리,157,74,83,156,74,82,-1,0,-1
2772035028,2024-01-31,대구광역시,군위군,의흥면,연계리,222,112,110,222,112,110,0,0,0
2772035029,2024-01-31,대구광역시,군위군,의흥면,매성리,126,61,65,124,59,65,-2,-2,0
2772035030,2024-01-31,대구광역시,군위군,의흥면,원산리,215,115,100,219,117,102,4,2,2
2772035031,2024-01-31,대구광역시,군위군,의흥면,금양리,153,81,72,152,81,71,-1,0,-1
2772036021,2024-01-31,대구광역시,군위군,산성면,백학리,131,69,62,132,70,62,1,1,0
2772036022,2024-01-31,대구광역시,군위군,산성면,삼산리,217,113,104,218,113,105,1,0,1
2772036023,2024-01-31,대구광역시,군위군,산성면,봉림리,129,67,62,129,67,62,0,0,0
2772036024,2024-01-31,대구광역시,군위군,산성면,무암리,124,67,57,123,67,56,-1,0,-1
2772036025,2024-01-31,대구광역시,군위군,산성면,운산리,103,48,55,103,48,55,0,0,0
2772036026,2024-01-31,대구광역시,군위군,산성면,화본리,317,166,151,320,167,153,3,1,2
2772036027,2024-01-31,대구광역시,군위군,산성면,화전리,167,78,89,169,78,91,2,0,2
2772037000,2024-01-31,대구광역시,군위군,삼국유사면,삼국유사면,1,0,1,0,0,0,-1,0,-1
2772037021,2024-01-31,대구광역시,군위군,삼국유사면,화수리,157,79,78,158,81,77,1,2,-1
2772037022,2024-01-31,대구광역시,군위군,삼국유사면,화북리,280,149,131,274,147,127,-6,-2,-4
2772037023,2024-01-31,대구광역시,군위군,삼국유사면,괴산리,74,40,34,73,39,34,-1,-1,0
2772037024,2024-01-31,대구광역시,군위군,삼국유사면,학성리,56,33,23,57,33,24,1,0,1
2772037025,2024-01-31,대구광역시,군위군,삼국유사면,장곡리,13,6,7,13,6,7,0,0,0
2772037026,2024-01-31,대구광역시,군위군,삼국유사면,인곡리,37,20,17,36,20,16,-1,0,-1
2772037027,2024-01-31,대구광역시,군위군,삼국유사면,양지리,122,62,60,120,60,60,-2,-2,0
2772037028,2024-01-31,대구광역시,군위군,삼국유사면,낙전리,75,34,41,77,34,43,2,0,2
2772037029,2024-01-31,대구광역시,군위군,삼국유사면,가암리,177,98,79,176,98,78,-1,0,-1
2772037030,2024-01-31,대구광역시,군위군,삼국유사면,석산리,178,99,79,179,100,79,1,1,0
2772037031,2024-01-31,대구광역시,군위군,삼국유사면,학암리,144,79,65,144,79,65,0,0,0
2811010100,2024-01-31,인천광역시,중구,중앙동1가,중앙동1가,73,37,36,66,34,32,-7,-3,-4
2811010200,2024-01-31,인천광역시,중구,중앙동2가,중앙동2가,66,42,24,67,43,24,1,1,0
2811010300,2024-01-31,인천광역시,중구,중앙동3가,중앙동3가,277,176,101,276,177,99,-1,1,-2
2811010400,2024-01-31,인천광역시,중구,중앙동4가,중앙동4가,69,37,32,68,37,31,-1,0,-1
2811010600,2024-01-31,인천광역시,중구,해안동2가,해안동2가,52,28,24,52,28,24,0,0,0
2811010700,2024-01-31,인천광역시,중구,해안동3가,해안동3가,13,7,6,13,7,6,0,0,0
2811010800,2024-01-31,인천광역시,중구,해안동4가,해안동4가,15,6,9,18,7,11,3,1,2
2811010900,2024-01-31,인천광역시,중구,관동1가,관동1가,208,99,109,212,100,112,4,1,3
2811011000,2024-01-31,인천광역시,중구,관동2가,관동2가,121,59,62,121,60,61,0,1,-1
2811011100,2024-01-31,인천광역시,중구,관동3가,관동3가,99,46,53,97,43,54,-2,-3,1
2811011200,2024-01-31,인천광역시,중구,항동1가,항동1가,84,41,43,84,41,43,0,0,0
2811011500,2024-01-31,인천광역시,중구,항동4가,항동4가,1,1,0,1,1,0,0,0,0
2811011600,2024-01-31,인천광역시,중구,항동5가,항동5가,7,3,4,7,3,4,0,0,0
2811011800,2024-01-31,인천광역시,중구,항동7가,항동7가,5387,2911,2476,5339,2884,2455,-48,-27,-21
2811011900,2024-01-31,인천광역시,중구,송학동1가,송학동1가,22,8,14,22,8,14,0,0,0
2811012000,2024-01-31,인천광역시,중구,송학동2가,송학동2가,230,103,127,234,105,129,4,2,2
2811012100,2024-01-31,인천광역시,중구,송학동3가,송학동3가,323,157,166,319,157,162,-4,0,-4
2811012200,2024-01-31,인천광역시,중구,사동,사동,293,173,120,291,175,116,-2,2,-4
2811012300,2024-01-31,인천광역시,중구,신생동,신생동,1225,605,620,1229,608,621,4,3,1
2811012400,2024-01-31,인천광역시,중구,신포동,신포동,245,121,124,245,120,125,0,-1,1
2811012500,2024-01-31,인천광역시,중구,답동,답동,1230,603,627,1224,599,625,-6,-4,-2
2811012600,2024-01-31,인천광역시,중구,신흥동1가,신흥동1가,4310,2096,2214,4335,2116,2219,25,20,5
2811012700,2024-01-31,인천광역시,중구,신흥동2가,신흥동2가,2346,1172,1174,2342,1170,1172,-4,-2,-2
2811012800,2024-01-31,인천광역시,중구,신흥동3가,신흥동3가,6459,3378,3081,6460,3377,3083,1,-1,2
2811012900,2024-01-31,인천광역시,중구,선화동,선화동,995,508,487,984,501,483,-11,-7,-4
2811013000,2024-01-31,인천광역시,중구,유동,유동,418,209,209,439,220,219,21,11,10
2811013100,2024-01-31,인천광역시,중구,율목동,율목동,2533,1304,1229,2529,1301,1228,-4,-3,-1
2811013200,2024-01-31,인천광역시,중구,도원동,도원동,3669,1899,1770,3662,1899,1763,-7,0,-7
2811013300,2024-01-31,인천광역시,중구,내동,내동,1072,556,516,1066,553,513,-6,-3,-3
2811013400,2024-01-31,인천광역시,중구,경동,경동,998,540,458,994,534,460,-4,-6,2
2811013500,2024-01-31,인천광역시,중구,용동,용동,479,293,186,468,286,182,-11,-7,-4
2811013600,2024-01-31,인천광역시,중구,인현동,인현동,825,450,375,812,443,369,-13,-7,-6
2811013700,2024-01-31,인천광역시,중구,전동,전동,2015,1026,989,2023,1031,992,8,5,3
2811013800,2024-01-31,인천광역시,중구,북성동1가,북성동1가,1197,653,544,1192,652,540,-5,-1,-4
2811013900,2024-01-31,인천광역시,중구,북성동2가,북성동2가,1010,517,493,1024,523,501,14,6,8
2811014000,2024-01-31,인천광역시,중구,북성동3가,북성동3가,312,158,154,309,155,154,-3,-3,0
2811014100,2024-01-31,인천광역시,중구,선린동,선린동,487,237,250,487,243,244,0,6,-6
2811014200,2024-01-31,인천광역시,중구,송월동1가,송월동1가,2822,1416,1406,2790,1400,1390,-32,-16,-16
2811014300,2024-01-31,인천광역시,중구,송월동2가,송월동2가,534,274,260,531,272,259,-3,-2,-1
2811014400,2024-01-31,인천광역시,중구,송월동3가,송월동3가,616,301,315,613,299,314,-3,-2,-1
2811014500,2024-01-31,인천광역시,중구,중산동,중산동,50504,25294,25210,50807,25437,25370,303,143,160
2811014600,2024-01-31,인천광역시,중구,운남동,운남동,21683,11555,10128,21777,11590,10187,94,35,59
2811014700,2024-01-31,인천광역시,중구,운서동,운서동,36631,19323,17308,36866,19467,17399,235,144,91
2811014800,2024-01-31,인천광역시,중구,운북동,운북동,3397,1924,1473,3403,1918,1485,6,-6,12
2811014900,2024-01-31,인천광역시,중구,을왕동,을왕동,1539,860,679,1516,851,665,-23,-9,-14
2811015000,2024-01-31,인천광역시,중구,남북동,남북동,824,452,372,822,452,370,-2,0,-2
2811015100,2024-01-31,인천광역시,중구,덕교동,덕교동,560,302,258,559,301,258,-1,-1,0
2811015200,2024-01-31,인천광역시,중구,무의동,무의동,683,374,309,686,376,310,3,2,1
2814010100,2024-01-31,인천광역시,동구,만석동,만석동,6428,3321,3107,6415,3316,3099,-13,-5,-8
2814010200,2024-01-31,인천광역시,동구,화수동,화수동,6801,3498,3303,6775,3481,3294,-26,-17,-9
2814010300,2024-01-31,인천광역시,동구,송현동,송현동,16844,8268,8576,16806,8248,8558,-38,-20,-18
2814010400,2024-01-31,인천광역시,동구,화평동,화평동,1765,905,860,1747,898,849,-18,-7,-11
2814010500,2024-01-31,인천광역시,동구,창영동,창영동,641,336,305,635,333,302,-6,-3,-3
2814010600,2024-01-31,인천광역시,동구,금곡동,금곡동,1633,804,829,1624,802,822,-9,-2,-7
2814010700,2024-01-31,인천광역시,동구,송림동,송림동,25370,12673,12697,25323,12640,12683,-47,-33,-14
2817710100,2024-01-31,인천광역시,미추홀구,숭의동,숭의동,44568,22322,22246,44435,22250,22185,-133,-72,-61
2817710200,2024-01-31,인천광역시,미추홀구,용현동,용현동,89808,45668,44140,91326,46425,44901,1518,757,761
2817710300,2024-01-31,인천광역시,미추홀구,학익동,학익동,47215,23332,23883,47101,23280,23821,-114,-52,-62
2817710400,2024-01-31,인천광역시,미추홀구,도화동,도화동,52427,26407,26020,52331,26356,25975,-96,-51,-45
2817710500,2024-01-31,인천광역시,미추홀구,주안동,주안동,143587,71869,71718,143392,71725,71667,-195,-144,-51
2817710600,2024-01-31,인천광역시,미추홀구,관교동,관교동,14322,6993,7329,14297,6973,7324,-25,-20,-5
2817710700,2024-01-31,인천광역시,미추홀구,문학동,문학동,14068,7656,6412,14055,7659,6396,-13,3,-16
2818510100,2024-01-31,인천광역시,연수구,옥련동,옥련동,37083,18270,18813,36992,18220,18772,-91,-50,-41
2818510200,2024-01-31,인천광역시,연수구,선학동,선학동,17865,9261,8604,17924,9296,8628,59,35,24
2818510300,2024-01-31,인천광역시,연수구,연수동,연수동,52411,26463,25948,52229,26379,25850,-182,-84,-98
2818510400,2024-01-31,인천광역시,연수구,청학동,청학동,23149,12076,11073,23095,12039,11056,-54,-37,-17
2818510500,2024-01-31,인천광역시,연수구,동춘동,동춘동,59634,29024,30610,59625,29000,30625,-9,-24,15
2818510600,2024-01-31,인천광역시,연수구,송도동,송도동,202274,99505,102769,202816,99776,103040,542,271,271
2820010100,2024-01-31,인천광역시,남동구,구월동,구월동,109257,54046,55211,109698,54284,55414,441,238,203
2820010200,2024-01-31,인천광역시,남동구,간석동,간석동,91804,45755,46049,91393,45543,45850,-411,-212,-199
2820010300,2024-01-31,인천광역시,남동구,만수동,만수동,112059,54984,57075,111701,54806,56895,-358,-178,-180
2820010400,2024-01-31,인천광역시,남동구,장수동,장수동,5059,2541,2518,5032,2533,2499,-27,-8,-19
2820010500,2024-01-31,인천광역시,남동구,서창동,서창동,51641,25653,25988,51476,25576,25900,-165,-77,-88
2820010600,2024-01-31,인천광역시,남동구,운연동,운연동,302,166,136,303,165,138,1,-1,2
2820010700,2024-01-31,인천광역시,남동구,남촌동,남촌동,10875,5650,5225,10843,5633,5210,-32,-17,-15
2820010800,2024-01-31,인천광역시,남동구,수산동,수산동,502,267,235,495,260,235,-7,-7,0
2820010900,2024-01-31,인천광역시,남동구,도림동,도림동,8693,4369,4324,8689,4367,4322,-4,-2,-2
2820011000,2024-01-31,인천광역시,남동구,논현동,논현동,101411,50526,50885,101232,50408,50824,-179,-118,-61
2820011100,2024-01-31,인천광역시,남동구,고잔동,고잔동,812,573,239,798,565,233,-14,-8,-6
2823710100,2024-01-31,인천광역시,부평구,부평동,부평동,136361,66664,69697,136135,66557,69578,-226,-107,-119
2823710200,2024-01-31,인천광역시,부평구,십정동,십정동,57197,29096,28101,57110,29035,28075,-87,-61,-26
2823710300,2024-01-31,인천광역시,부평구,산곡동,산곡동,83582,40686,42896,84621,41199,43422,1039,513,526
2823710400,2024-01-31,인천광역시,부평구,청천동,청천동,48667,24430,24237,49744,24957,24787,1077,527,550
2823710500,2024-01-31,인천광역시,부평구,삼산동,삼산동,61105,29697,31408,61004,29640,31364,-101,-57,-44
2823710600,2024-01-31,인천광역시,부평구,갈산동,갈산동,32294,16005,16289,32190,15948,16242,-104,-57,-47
2823710700,2024-01-31,인천광역시,부평구,부개동,부개동,63193,30755,32438,63093,30713,32380,-100,-42,-58
2823710800,2024-01-31,인천광역시,부평구,일신동,일신동,9022,4547,4475,9027,4542,4485,5,-5,10
2823710900,2024-01-31,인천광역시,부평구,구산동,구산동,2717,1412,1305,2703,1401,1302,-14,-11,-3
2824510100,2024-01-31,인천광역시,계양구,효성동,효성동,53950,27092,26858,53851,27029,26822,-99,-63,-36
2824510200,2024-01-31,인천광역시,계양구,계산동,계산동,60119,30306,29813,59969,30240,29729,-150,-66,-84
2824510300,2024-01-31,인천광역시,계양구,작전동,작전동,69482,34233,35249,69373,34210,35163,-109,-23,-86
2824510400,2024-01-31,인천광역시,계양구,서운동,서운동,8156,4056,4100,8141,4053,4088,-15,-3,-12
2824510500,2024-01-31,인천광역시,계양구,임학동,임학동,12223,6191,6032,12208,6185,6023,-15,-6,-9
2824510600,2024-01-31,인천광역시,계양구,용종동,용종동,13022,6433,6589,12991,6413,6578,-31,-20,-11
2824510700,2024-01-31,인천광역시,계양구,병방동,병방동,16624,8091,8533,16589,8067,8522,-35,-24,-11
2824510800,2024-01-31,인천광역시,계양구,방축동,방축동,3312,1694,1618,3313,1696,1617,1,2,-1
2824510900,2024-01-31,인천광역시,계양구,박촌동,박촌동,10112,4932,5180,10091,4916,5175,-21,-16,-5
2824511000,2024-01-31,인천광역시,계양구,동양동,동양동,14563,7147,7416,14525,7115,7410,-38,-32,-6
2824511100,2024-01-31,인천광역시,계양구,귤현동,귤현동,9102,4460,4642,9063,4450,4613,-39,-10,-29
2824511200,2024-01-31,인천광역시,계양구,상야동,상야동,173,98,75,171,97,74,-2,-1,-1
2824511300,2024-01-31,인천광역시,계양구,하야동,하야동,149,84,65,150,85,65,1,1,0
2824511400,2024-01-31,인천광역시,계양구,평동,평동,57,37,20,57,37,20,0,0,0
2824511600,2024-01-31,인천광역시,계양구,선주지동,선주지동,117,55,62,118,55,63,1,0,1
2824511700,2024-01-31,인천광역시,계양구,이화동,이화동,1404,682,722,1407,680,727,3,-2,5
2824511800,2024-01-31,인천광역시,계양구,오류동,오류동,3217,1572,1645,3216,1581,1635,-1,9,-10
2824511900,2024-01-31,인천광역시,계양구,갈현동,갈현동,135,70,65,136,71,65,1,1,0
2824512000,2024-01-31,인천광역시,계양구,둑실동,둑실동,175,101,74,173,100,73,-2,-1,-1
2824512100,2024-01-31,인천광역시,계양구,목상동,목상동,103,59,44,103,59,44,0,0,0
2824512200,2024-01-31,인천광역시,계양구,다남동,다남동,762,386,376,771,393,378,9,7,2
2824512300,2024-01-31,인천광역시,계양구,장기동,장기동,3309,1680,1629,3292,1672,1620,-17,-8,-9
2826010100,2024-01-31,인천광역시,서구,백석동,백석동,11136,5537,5599,11440,5677,5763,304,140,164
2826010200,2024-01-31,인천광역시,서구,시천동,시천동,88,48,40,88,48,40,0,0,0
2826010300,2024-01-31,인천광역시,서구,검암동,검암동,30058,15211,14847,29957,15156,14801,-101,-55,-46
2826010400,2024-01-31,인천광역시,서구,경서동,경서동,12832,6798,6034,12814,6796,6018,-18,-2,-16
2826010500,2024-01-31,인천광역시,서구,공촌동,공촌동,4473,2300,2173,4447,2290,2157,-26,-10,-16
2826010600,2024-01-31,인천광역시,서구,연희동,연희동,12976,6755,6221,12930,6732,6198,-46,-23,-23
2826010700,2024-01-31,인천광역시,서구,심곡동,심곡동,20827,10480,10347,20878,10480,10398,51,0,51
2826010800,2024-01-31,인천광역시,서구,가정동,가정동,66490,33393,33097,66636,33476,33160,146,83,63
2826010900,2024-01-31,인천광역시,서구,신현동,신현동,29459,14626,14833,29382,14574,14808,-77,-52,-25
2826011000,2024-01-31,인천광역시,서구,석남동,석남동,45404,23114,22290,45226,23034,22192,-178,-80,-98
2826011100,2024-01-31,인천광역시,서구,원창동,원창동,279,226,53,284,228,56,5,2,3
2826011200,2024-01-31,인천광역시,서구,가좌동,가좌동,58542,29770,28772,58597,29807,28790,55,37,18
2826011300,2024-01-31,인천광역시,서구,마전동,마전동,49644,25228,24416,49680,25231,24449,36,3,33
2826011400,2024-01-31,인천광역시,서구,당하동,당하동,71824,35622,36202,72535,35993,36542,711,371,340
2826011500,2024-01-31,인천광역시,서구,원당동,원당동,45162,22675,22487,45393,22769,22624,231,94,137
2826011700,2024-01-31,인천광역시,서구,대곡동,대곡동,1076,612,464,1074,610,464,-2,-2,0
2826011800,2024-01-31,인천광역시,서구,금곡동,금곡동,4452,2348,2104,4448,2353,2095,-4,5,-9
2826011900,2024-01-31,인천광역시,서구,오류동,오류동,5381,2893,2488,5364,2874,2490,-17,-19,2
2826012000,2024-01-31,인천광역시,서구,왕길동,왕길동,18884,9435,9449,18832,9408,9424,-52,-27,-25
2826012100,2024-01-31,인천광역시,서구,불로동,불로동,22137,11208,10929,22166,11223,10943,29,15,14
2826012200,2024-01-31,인천광역시,서구,청라동,청라동,113234,56262,56972,113504,56437,57067,270,175,95
2871025021,2024-01-31,인천광역시,강화군,강화읍,신문리,2976,1450,1526,3001,1455,1546,25,5,20
2871025022,2024-01-31,인천광역시,강화군,강화읍,관청리,4494,2180,2314,4496,2177,2319,2,-3,5
2871025023,2024-01-31,인천광역시,강화군,강화읍,국화리,1323,664,659,1323,661,662,0,-3,3
2871025024,2024-01-31,인천광역시,강화군,강화읍,남산리,2214,1122,1092,2209,1121,1088,-5,-1,-4
2871025025,2024-01-31,인천광역시,강화군,강화읍,갑곳리,6003,2898,3105,5987,2886,3101,-16,-12,-4
2871025026,2024-01-31,인천광역시,강화군,강화읍,용정리,2297,1106,1191,2305,1116,1189,8,10,-2
2871025027,2024-01-31,인천광역시,강화군,강화읍,옥림리,1928,976,952,1926,974,952,-2,-2,0
2871025028,2024-01-31,인천광역시,강화군,강화읍,월곳리,328,183,145,326,183,143,-2,0,-2
2871025029,2024-01-31,인천광역시,강화군,강화읍,대산리,736,371,365,737,372,365,1,1,0
2871031021,2024-01-31,인천광역시,강화군,선원면,금월리,644,330,314,645,329,316,1,-1,2
2871031022,2024-01-31,인천광역시,강화군,선원면,연리,553,271,282,549,268,281,-4,-3,-1
2871031023,2024-01-31,인천광역시,강화군,선원면,지산리,625,308,317,627,310,317,2,2,0
2871031024,2024-01-31,인천광역시,강화군,선원면,신정리,463,226,237,464,224,240,1,-2,3
2871031025,2024-01-31,인천광역시,강화군,선원면,창리,3827,1862,1965,3817,1852,1965,-10,-10,0
2871031026,2024-01-31,인천광역시,강화군,선원면,선행리,857,427,430,856,424,432,-1,-3,2
2871031027,2024-01-31,인천광역시,강화군,선원면,냉정리,962,531,431,974,535,439,12,4,8
2871032021,2024-01-31,인천광역시,강화군,불은면,두운리,935,449,486,936,449,487,1,0,1
2871032022,2024-01-31,인천광역시,강화군,불은면,고능리,606,311,295,610,313,297,4,2,2
2871032023,2024-01-31,인천광역시,강화군,불은면,오두리,284,134,150,281,132,149,-3,-2,-1
2871032024,2024-01-31,인천광역시,강화군,불은면,넙성리,467,236,231,465,236,229,-2,0,-2
2871032025,2024-01-31,인천광역시,강화군,불은면,신현리,592,304,288,592,304,288,0,0,0
2871032026,2024-01-31,인천광역시,강화군,불은면,삼동암리,848,430,418,853,429,424,5,-1,6
2871032027,2024-01-31,인천광역시,강화군,불은면,삼성리,929,483,446,933,483,450,4,0,4
2871032028,2024-01-31,인천광역시,강화군,불은면,덕성리,406,211,195,401,211,190,-5,0,-5
2871033000,2024-01-31,인천광역시,강화군,길상면,길상면,1,1,0,0,0,0,-1,-1,0
2871033021,2024-01-31,인천광역시,강화군,길상면,온수리,2340,1169,1171,2338,1175,1163,-2,6,-8
2871033022,2024-01-31,인천광역시,강화군,길상면,선두리,1187,589,598,1186,588,598,-1,-1,0
2871033023,2024-01-31,인천광역시,강화군,길상면,동검리,270,144,126,272,148,124,2,4,-2
2871033024,2024-01-31,인천광역시,강화군,길상면,초지리,1267,664,603,1263,662,601,-4,-2,-2
2871033025,2024-01-31,인천광역시,강화군,길상면,장흥리,853,438,415,856,440,416,3,2,1
2871033026,2024-01-31,인천광역시,강화군,길상면,길직리,1314,653,661,1310,650,660,-4,-3,-1
2871034021,2024-01-31,인천광역시,강화군,화도면,내리,795,405,390,799,409,390,4,4,0
2871034022,2024-01-31,인천광역시,강화군,화도면,상방리,635,322,313,636,323,313,1,1,0
2871034023,2024-01-31,인천광역시,강화군,화도면,문산리,463,226,237,464,226,238,1,0,1
2871034024,2024-01-31,인천광역시,강화군,화도면,덕포리,552,286,266,550,285,265,-2,-1,-1
2871034025,2024-01-31,인천광역시,강화군,화도면,사기리,398,214,184,400,217,183,2,3,-1
2871034026,2024-01-31,인천광역시,강화군,화도면,동막리,356,184,172,354,184,170,-2,0,-2
2871034027,2024-01-31,인천광역시,강화군,화도면,흥왕리,393,205,188,397,208,189,4,3,1
2871034028,2024-01-31,인천광역시,강화군,화도면,여차리,423,207,216,423,206,217,0,-1,1
2871034029,2024-01-31,인천광역시,강화군,화도면,장화리,537,274,263,530,271,259,-7,-3,-4
2871035021,2024-01-31,인천광역시,강화군,양도면,하일리,366,182,184,364,181,183,-2,-1,-1
2871035022,2024-01-31,인천광역시,강화군,양도면,능내리,368,182,186,368,180,188,0,-2,2
2871035023,2024-01-31,인천광역시,강화군,양도면,건평리,306,155,151,306,154,152,0,-1,1
2871035024,2024-01-31,인천광역시,강화군,양도면,인산리,796,413,383,798,416,382,2,3,-1
2871035025,2024-01-31,인천광역시,강화군,양도면,삼흥리,765,365,400,763,364,399,-2,-1,-1
2871035026,2024-01-31,인천광역시,강화군,양도면,길정리,318,164,154,316,163,153,-2,-1,-1
2871035027,2024-01-31,인천광역시,강화군,양도면,도장리,800,398,402,798,401,397,-2,3,-5
2871035028,2024-01-31,인천광역시,강화군,양도면,조산리,496,249,247,498,249,249,2,0,2
2871036021,2024-01-31,인천광역시,강화군,내가면,고천리,1144,553,591,1139,550,589,-5,-3,-2
2871036022,2024-01-31,인천광역시,강화군,내가면,오상리,490,249,241,489,250,239,-1,1,-2
2871036023,2024-01-31,인천광역시,강화군,내가면,외포리,706,336,370,708,340,368,2,4,-2
2871036024,2024-01-31,인천광역시,강화군,내가면,황청리,391,190,201,401,193,208,10,3,7
2871036025,2024-01-31,인천광역시,강화군,내가면,구하리,298,144,154,297,144,153,-1,0,-1
2871037021,2024-01-31,인천광역시,강화군,하점면,신봉리,438,218,220,431,214,217,-7,-4,-3
2871037022,2024-01-31,인천광역시,강화군,하점면,장정리,652,328,324,649,327,322,-3,-1,-2
2871037023,2024-01-31,인천광역시,강화군,하점면,부근리,538,267,271,532,264,268,-6,-3,-3
2871037024,2024-01-31,인천광역시,강화군,하점면,삼거리,363,196,167,361,193,168,-2,-3,1
2871037025,2024-01-31,인천광역시,강화군,하점면,신삼리,341,179,162,343,178,165,2,-1,3
2871037026,2024-01-31,인천광역시,강화군,하점면,망월리,599,310,289,594,307,287,-5,-3,-2
2871037027,2024-01-31,인천광역시,강화군,하점면,창후리,604,313,291,603,310,293,-1,-3,2
2871037028,2024-01-31,인천광역시,강화군,하점면,이강리,474,238,236,474,237,237,0,-1,1
2871038021,2024-01-31,인천광역시,강화군,양사면,철산리,79,38,41,78,38,40,-1,0,-1
2871038022,2024-01-31,인천광역시,강화군,양사면,덕하리,582,277,305,580,274,306,-2,-3,1
2871038023,2024-01-31,인천광역시,강화군,양사면,북성리,379,200,179,380,201,179,1,1,0
2871038024,2024-01-31,인천광역시,강화군,양사면,교산리,437,227,210,437,231,206,0,4,-4
2871038025,2024-01-31,인천광역시,강화군,양사면,인화리,436,231,205,435,230,205,-1,-1,0
2871039021,2024-01-31,인천광역시,강화군,송해면,솔정리,556,287,269,557,286,271,1,-1,2
2871039022,2024-01-31,인천광역시,강화군,송해면,신당리,315,155,160,314,155,159,-1,0,-1
2871039023,2024-01-31,인천광역시,강화군,송해면,숭뢰리,374,190,184,370,189,181,-4,-1,-3
2871039024,2024-01-31,인천광역시,강화군,송해면,당산리,278,141,137,275,140,135,-3,-1,-2
2871039025,2024-01-31,인천광역시,강화군,송해면,상도리,534,262,272,533,260,273,-1,-2,1
2871039026,2024-01-31,인천광역시,강화군,송해면,하도리,719,366,353,716,362,354,-3,-4,1
2871039027,2024-01-31,인천광역시,강화군,송해면,양오리,476,245,231,484,249,235,8,4,4
2871040000,2024-01-31,인천광역시,강화군,교동면,교동면,2,1,1,0,0,0,-2,-1,-1
2871040021,2024-01-31,인천광역시,강화군,교동면,대룡리,465,234,231,468,236,232,3,2,1
2871040022,2024-01-31,인천광역시,강화군,교동면,읍내리,230,116,114,229,115,114,-1,-1,0
2871040023,2024-01-31,인천광역시,강화군,교동면,상용리,200,106,94,202,106,96,2,0,2
2871040024,2024-01-31,인천광역시,강화군,교동면,봉소리,172,88,84,171,88,83,-1,0,-1
2871040025,2024-01-31,인천광역시,강화군,교동면,고구리,281,146,135,278,144,134,-3,-2,-1
2871040026,2024-01-31,인천광역시,강화군,교동면,삼선리,280,138,142,278,137,141,-2,-1,-1
2871040027,2024-01-31,인천광역시,강화군,교동면,인사리,123,67,56,124,68,56,1,1,0
2871040028,2024-01-31,인천광역시,강화군,교동면,난정리,213,108,105,215,109,106,2,1,1
2871040029,2024-01-31,인천광역시,강화군,교동면,양갑리,183,95,88,184,96,88,1,1,0
2871040030,2024-01-31,인천광역시,강화군,교동면,동산리,134,78,56,132,77,55,-2,-1,-1
2871040031,2024-01-31,인천광역시,강화군,교동면,서한리,168,92,76,168,92,76,0,0,0
2871040032,2024-01-31,인천광역시,강화군,교동면,무학리,119,61,58,121,62,59,2,1,1
2871040033,2024-01-31,인천광역시,강화군,교동면,지석리,185,97,88,184,97,87,-1,0,-1
2871041021,2024-01-31,인천광역시,강화군,삼산면,석모리,651,327,324,681,341,340,30,14,16
2871041022,2024-01-31,인천광역시,강화군,삼산면,상리,170,89,81,169,88,81,-1,-1,0
2871041023,2024-01-31,인천광역시,강화군,삼산면,하리,144,71,73,147,72,75,3,1,2
2871041024,2024-01-31,인천광역시,강화군,삼산면,석포리,273,138,135,269,138,131,-4,0,-4
2871041025,2024-01-31,인천광역시,강화군,삼산면,매음리,771,424,347,776,425,351,5,1,4
2871041026,2024-01-31,인천광역시,강화군,삼산면,서검리,60,32,28,60,32,28,0,0,0
2871041027,2024-01-31,인천광역시,강화군,삼산면,미법리,31,18,13,31,18,13,0,0,0
2871042021,2024-01-31,인천광역시,강화군,서도면,주문도리,347,180,167,341,179,162,-6,-1,-5
2871042022,2024-01-31,인천광역시,강화군,서도면,아차도리,31,12,19,31,12,19,0,0,0
2871042023,2024-01-31,인천광역시,강화군,서도면,말도리,20,15,5,20,15,5,0,0,0
2871042024,2024-01-31,인천광역시,강화군,서도면,볼음도리,253,141,112,252,140,112,-1,-1,0
2872031021,2024-01-31,인천광역시,옹진군,북도면,시도리,381,188,193,380,188,192,-1,0,-1
2872031022,2024-01-31,인천광역시,옹진군,북도면,신도리,662,353,309,663,356,307,1,3,-2
2872031023,2024-01-31,인천광역시,옹진군,북도면,모도리,119,59,60,117,59,58,-2,0,-2
2872031024,2024-01-31,인천광역시,옹진군,북도면,장봉리,969,517,452,965,514,451,-4,-3,-1
2872033021,2024-01-31,인천광역시,옹진군,백령면,진촌리,2363,1346,1017,2362,1341,1021,-1,-5,4
2872033022,2024-01-31,인천광역시,옹진군,백령면,북포리,1403,936,467,1397,933,464,-6,-3,-3
2872033023,2024-01-31,인천광역시,옹진군,백령면,가을리,326,173,153,317,168,149,-9,-5,-4
2872033024,2024-01-31,인천광역시,옹진군,백령면,연화리,412,242,170,414,244,170,2,2,0
2872033025,2024-01-31,인천광역시,옹진군,백령면,남포리,371,178,193,374,182,192,3,4,-1
2872034021,2024-01-31,인천광역시,옹진군,대청면,대청리,1201,702,499,1202,708,494,1,6,-5
2872034022,2024-01-31,인천광역시,옹진군,대청면,소청리,221,139,82,225,143,82,4,4,0
2872035021,2024-01-31,인천광역시,옹진군,덕적면,북리,239,147,92,234,144,90,-5,-3,-2
2872035022,2024-01-31,인천광역시,옹진군,덕적면,진리,716,408,308,700,402,298,-16,-6,-10
2872035023,2024-01-31,인천광역시,옹진군,덕적면,서포리,425,237,188,428,240,188,3,3,0
2872035024,2024-01-31,인천광역시,옹진군,덕적면,소야리,278,145,133,279,146,133,1,1,0
2872035025,2024-01-31,인천광역시,옹진군,덕적면,울도리,70,39,31,70,39,31,0,0,0
2872035026,2024-01-31,인천광역시,옹진군,덕적면,백아리,74,43,31,74,43,31,0,0,0
2872035027,2024-01-31,인천광역시,옹진군,덕적면,문갑리,100,54,46,104,54,50,4,0,4
2872035028,2024-01-31,인천광역시,옹진군,덕적면,굴업리,38,22,16,37,22,15,-1,0,-1
2872036021,2024-01-31,인천광역시,옹진군,영흥면,외리,1440,864,576,1446,865,581,6,1,5
2872036022,2024-01-31,인천광역시,옹진군,영흥면,내리,4133,2253,1880,4125,2245,1880,-8,-8,0
2872036023,2024-01-31,인천광역시,옹진군,영흥면,선재리,1003,540,463,1006,543,463,3,3,0
2872037021,2024-01-31,인천광역시,옹진군,자월면,자월리,737,395,342,736,396,340,-1,1,-2
2872037022,2024-01-31,인천광역시,옹진군,자월면,이작리,370,196,174,369,196,173,-1,0,-1
2872037023,2024-01-31,인천광역시,옹진군,자월면,승봉리,241,125,116,240,124,116,-1,-1,0
2872038000,2024-01-31,인천광역시,옹진군,연평면,연평면,5,5,0,0,0,0,-5,-5,0
2872038021,2024-01-31,인천광역시,옹진군,연평면,연평리,2080,1337,743,2083,1334,749,3,-3,6
2911010100,2024-01-31,광주광역시,동구,대인동,대인동,1268,691,577,1257,693,564,-11,2,-13
2911010200,2024-01-31,광주광역시,동구,금남로5가,금남로5가,355,151,204,352,151,201,-3,0,-3
2911010300,2024-01-31,광주광역시,동구,충장로5가,충장로5가,435,228,207,433,227,206,-2,-1,-1
2911010400,2024-01-31,광주광역시,동구,수기동,수기동,1158,546,612,1174,558,616,16,12,4
2911010500,2024-01-31,광주광역시,동구,대의동,대의동,60,29,31,60,29,31,0,0,0
2911010600,2024-01-31,광주광역시,동구,궁동,궁동,175,92,83,175,92,83,0,0,0
2911010700,2024-01-31,광주광역시,동구,장동,장동,502,274,228,496,269,227,-6,-5,-1
2911010800,2024-01-31,광주광역시,동구,동명동,동명동,3653,1845,1808,3632,1827,1805,-21,-18,-3
2911010900,2024-01-31,광주광역시,동구,계림동,계림동,23695,11949,11746,23685,11934,11751,-10,-15,5
2911011000,2024-01-31,광주광역시,동구,산수동,산수동,17794,8780,9014,17749,8744,9005,-45,-36,-9
2911011100,2024-01-31,광주광역시,동구,지산동,지산동,8380,4313,4067,8309,4262,4047,-71,-51,-20
2911011200,2024-01-31,광주광역시,동구,남동,남동,335,158,177,335,162,173,0,4,-4
2911011300,2024-01-31,광주광역시,동구,광산동,광산동,60,35,25,59,34,25,-1,-1,0
2911011400,2024-01-31,광주광역시,동구,금동,금동,804,458,346,805,459,346,1,1,0
2911011500,2024-01-31,광주광역시,동구,호남동,호남동,280,122,158,282,127,155,2,5,-3
2911011600,2024-01-31,광주광역시,동구,불로동,불로동,121,82,39,130,84,46,9,2,7
2911011700,2024-01-31,광주광역시,동구,황금동,황금동,48,31,17,47,30,17,-1,-1,0
2911011800,2024-01-31,광주광역시,동구,서석동,서석동,1546,802,744,1509,792,717,-37,-10,-27
2911011900,2024-01-31,광주광역시,동구,소태동,소태동,10166,4959,5207,10154,4947,5207,-12,-12,0
2911012000,2024-01-31,광주광역시,동구,용연동,용연동,109,55,54,108,54,54,-1,-1,0
2911012100,2024-01-31,광주광역시,동구,운림동,운림동,4784,2233,2551,4780,2226,2554,-4,-7,3
2911012200,2024-01-31,광주광역시,동구,학동,학동,13684,6490,7194,13647,6462,7185,-37,-28,-9
2911012300,2024-01-31,광주광역시,동구,월남동,월남동,3489,1667,1822,3487,1664,1823,-2,-3,1
2911012400,2024-01-31,광주광역시,동구,선교동,선교동,1940,913,1027,2115,1001,1114,175,88,87
2911012500,2024-01-31,광주광역시,동구,내남동,내남동,2585,1236,1349,2580,1231,1349,-5,-5,0
2911012600,2024-01-31,광주광역시,동구,용산동,용산동,8676,4235,4441,8722,4272,4450,46,37,9
2911012700,2024-01-31,광주광역시,동구,충장로1가,충장로1가,13,7,6,13,7,6,0,0,0
2911012800,2024-01-31,광주광역시,동구,충장로2가,충장로2가,10,6,4,10,6,4,0,0,0
2911012900,2024-01-31,광주광역시,동구,충장로3가,충장로3가,19,8,11,19,8,11,0,0,0
2911013000,2024-01-31,광주광역시,동구,충장로4가,충장로4가,458,193,265,455,193,262,-3,0,-3
2911013100,2024-01-31,광주광역시,동구,금남로1가,금남로1가,4,2,2,4,2,2,0,0,0
2911013200,2024-01-31,광주광역시,동구,금남로2가,금남로2가,182,71,111,180,71,109,-2,0,-2
2911013300,2024-01-31,광주광역시,동구,금남로3가,금남로3가,140,67,73,141,70,71,1,3,-2
2911013400,2024-01-31,광주광역시,동구,금남로4가,금남로4가,248,102,146,248,107,141,0,5,-5
2914010400,2024-01-31,광주광역시,서구,양동,양동,7521,3674,3847,7509,3672,3837,-12,-2,-10
2914010600,2024-01-31,광주광역시,서구,농성동,농성동,16066,7997,8069,16014,7976,8038,-52,-21,-31
2914011500,2024-01-31,광주광역시,서구,광천동,광천동,6975,3587,3388,6825,3506,3319,-150,-81,-69
2914011600,2024-01-31,광주광역시,서구,유촌동,유촌동,8255,4155,4100,8239,4157,4082,-16,2,-18
2914011700,2024-01-31,광주광역시,서구,덕흥동,덕흥동,431,237,194,441,242,199,10,5,5
2914011800,2024-01-31,광주광역시,서구,쌍촌동,쌍촌동,47012,23298,23714,47010,23331,23679,-2,33,-35
2914011900,2024-01-31,광주광역시,서구,화정동,화정동,57125,27882,29243,57125,27882,29243,0,0,0
2914012000,2024-01-31,광주광역시,서구,치평동,치평동,30709,14560,16149,30695,14542,16153,-14,-18,4
2914012100,2024-01-31,광주광역시,서구,내방동,내방동,7086,3491,3595,7091,3490,3601,5,-1,6
2914012500,2024-01-31,광주광역시,서구,서창동,서창동,629,323,306,628,320,308,-1,-3,2
2914012600,2024-01-31,광주광역시,서구,세하동,세하동,432,229,203,431,230,201,-1,1,-2
2914012700,2024-01-31,광주광역시,서구,용두동,용두동,272,140,132,275,142,133,3,2,1
2914012800,2024-01-31,광주광역시,서구,풍암동,풍암동,34864,17209,17655,34774,17150,17624,-90,-59,-31
2914012900,2024-01-31,광주광역시,서구,벽진동,벽진동,486,268,218,477,265,212,-9,-3,-6
2914013000,2024-01-31,광주광역시,서구,금호동,금호동,46757,22537,24220,46701,22527,24174,-56,-10,-46
2914013100,2024-01-31,광주광역시,서구,마륵동,마륵동,3123,1595,1528,3141,1599,1542,18,4,14
2914013200,2024-01-31,광주광역시,서구,매월동,매월동,779,432,347,773,434,339,-6,2,-8
2914013300,2024-01-31,광주광역시,서구,동천동,동천동,15469,7325,8144,15433,7306,8127,-36,-19,-17
2915510100,2024-01-31,광주광역시,남구,사동,사동,851,455,396,841,447,394,-10,-8,-2
2915510200,2024-01-31,광주광역시,남구,구동,구동,379,205,174,381,203,178,2,-2,4
2915510300,2024-01-31,광주광역시,남구,서동,서동,3554,1836,1718,3538,1831,1707,-16,-5,-11
2915510400,2024-01-31,광주광역시,남구,월산동,월산동,23193,11646,11547,23121,11604,11517,-72,-42,-30
2915510500,2024-01-31,광주광역시,남구,백운동,백운동,19211,9223,9988,19219,9225,9994,8,2,6
2915510600,2024-01-31,광주광역시,남구,주월동,주월동,27242,13261,13981,27245,13274,13971,3,13,-10
2915510700,2024-01-31,광주광역시,남구,노대동,노대동,9282,4360,4922,9238,4333,4905,-44,-27,-17
2915510800,2024-01-31,광주광역시,남구,진월동,진월동,28237,13098,15139,28151,13061,15090,-86,-37,-49
2915510900,2024-01-31,광주광역시,남구,덕남동,덕남동,106,54,52,106,54,52,0,0,0
2915511000,2024-01-31,광주광역시,남구,행암동,행암동,11472,5557,5915,11459,5551,5908,-13,-6,-7
2915511100,2024-01-31,광주광역시,남구,임암동,임암동,10830,5259,5571,10848,5265,5583,18,6,12
2915511200,2024-01-31,광주광역시,남구,송하동,송하동,5037,2473,2564,5035,2470,2565,-2,-3,1
2915511300,2024-01-31,광주광역시,남구,양림동,양림동,6626,2998,3628,6609,2993,3616,-17,-5,-12
2915511400,2024-01-31,광주광역시,남구,방림동,방림동,14919,7063,7856,15016,7096,7920,97,33,64
2915511500,2024-01-31,광주광역시,남구,봉선동,봉선동,40487,18819,21668,40454,18820,21634,-33,1,-34
2915511600,2024-01-31,광주광역시,남구,구소동,구소동,292,133,159,296,134,162,4,1,3
2915511700,2024-01-31,광주광역시,남구,양촌동,양촌동,117,54,63,116,54,62,-1,0,-1
2915511800,2024-01-31,광주광역시,남구,도금동,도금동,121,63,58,121,63,58,0,0,0
2915511900,2024-01-31,광주광역시,남구,승촌동,승촌동,415,200,215,415,200,215,0,0,0
2915512000,2024-01-31,광주광역시,남구,지석동,지석동,2360,1160,1200,2355,1156,1199,-5,-4,-1
2915512100,2024-01-31,광주광역시,남구,압촌동,압촌동,2416,1205,1211,2426,1214,1212,10,9,1
2915512200,2024-01-31,광주광역시,남구,화장동,화장동,425,195,230,422,193,229,-3,-2,-1
2915512300,2024-01-31,광주광역시,남구,칠석동,칠석동,318,166,152,316,164,152,-2,-2,0
2915512400,2024-01-31,광주광역시,남구,석정동,석정동,178,96,82,180,96,84,2,0,2
2915512500,2024-01-31,광주광역시,남구,신장동,신장동,224,110,114,222,111,111,-2,1,-3
2915512600,2024-01-31,광주광역시,남구,양과동,양과동,355,174,181,351,174,177,-4,0,-4
2915512700,2024-01-31,광주광역시,남구,이장동,이장동,268,135,133,265,135,130,-3,0,-3
2915512800,2024-01-31,광주광역시,남구,대지동,대지동,230,106,124,226,106,120,-4,0,-4
2915512900,2024-01-31,광주광역시,남구,원산동,원산동,308,153,155,308,153,155,0,0,0
2915513000,2024-01-31,광주광역시,남구,월성동,월성동,193,93,100,192,92,100,-1,-1,0
2917010100,2024-01-31,광주광역시,북구,중흥동,중흥동,19356,9967,9389,19518,10041,9477,162,74,88
2917010200,2024-01-31,광주광역시,북구,유동,유동,2723,1404,1319,2725,1410,1315,2,6,-4
2917010300,2024-01-31,광주광역시,북구,누문동,누문동,231,136,95,226,133,93,-5,-3,-2
2917010400,2024-01-31,광주광역시,북구,북동,북동,856,465,391,857,464,393,1,-1,2
2917010500,2024-01-31,광주광역시,북구,임동,임동,9048,4414,4634,9048,4408,4640,0,-6,6
2917010600,2024-01-31,광주광역시,북구,신안동,신안동,12289,6442,5847,12282,6443,5839,-7,1,-8
2917010700,2024-01-31,광주광역시,북구,용봉동,용봉동,37161,18490,18671,37147,18493,18654,-14,3,-17
2917010800,2024-01-31,광주광역시,북구,동림동,동림동,22809,11146,11663,22780,11134,11646,-29,-12,-17
2917010900,2024-01-31,광주광역시,북구,운암동,운암동,43076,20982,22094,42998,20922,22076,-78,-60,-18
2917011000,2024-01-31,광주광역시,북구,우산동,우산동,15713,7684,8029,15699,7684,8015,-14,0,-14
2917011100,2024-01-31,광주광역시,북구,풍향동,풍향동,5230,2595,2635,5225,2600,2625,-5,5,-10
2917011200,2024-01-31,광주광역시,북구,문흥동,문흥동,34843,16744,18099,34800,16690,18110,-43,-54,11
2917011300,2024-01-31,광주광역시,북구,각화동,각화동,18230,8966,9264,18328,8998,9330,98,32,66
2917011400,2024-01-31,광주광역시,북구,두암동,두암동,34773,16954,17819,34690,16909,17781,-83,-45,-38
2917011500,2024-01-31,광주광역시,북구,오치동,오치동,21910,10903,11007,21885,10875,11010,-25,-28,3
2917011600,2024-01-31,광주광역시,북구,삼각동,삼각동,13314,6880,6434,13301,6868,6433,-13,-12,-1
2917011700,2024-01-31,광주광역시,북구,매곡동,매곡동,13317,6485,6832,13305,6478,6827,-12,-7,-5
2917011800,2024-01-31,광주광역시,북구,충효동,충효동,251,127,124,251,128,123,0,1,-1
2917011900,2024-01-31,광주광역시,북구,덕의동,덕의동,22,12,10,22,12,10,0,0,0
2917012000,2024-01-31,광주광역시,북구,금곡동,금곡동,247,132,115,249,132,117,2,0,2
2917012100,2024-01-31,광주광역시,북구,망월동,망월동,570,277,293,573,278,295,3,1,2
2917012200,2024-01-31,광주광역시,북구,청풍동,청풍동,301,153,148,304,153,151,3,0,3
2917012300,2024-01-31,광주광역시,북구,화암동,화암동,78,36,42,76,35,41,-2,-1,-1
2917012400,2024-01-31,광주광역시,북구,장등동,장등동,504,264,240,499,259,240,-5,-5,0
2917012500,2024-01-31,광주광역시,북구,운정동,운정동,356,200,156,350,194,156,-6,-6,0
2917012600,2024-01-31,광주광역시,북구,본촌동,본촌동,7426,3657,3769,7445,3673,3772,19,16,3
2917012700,2024-01-31,광주광역시,북구,일곡동,일곡동,28461,13864,14597,28442,13855,14587,-19,-9,-10
2917012800,2024-01-31,광주광역시,북구,양산동,양산동,19908,10111,9797,19879,10107,9772,-29,-4,-25
2917012900,2024-01-31,광주광역시,북구,연제동,연제동,15992,7899,8093,15988,7884,8104,-4,-15,11
2917013000,2024-01-31,광주광역시,북구,신용동,신용동,28968,14300,14668,28944,14289,14655,-24,-11,-13
2917013100,2024-01-31,광주광역시,북구,용두동,용두동,10788,5396,5392,10744,5370,5374,-44,-26,-18
2917013200,2024-01-31,광주광역시,북구,지야동,지야동,341,181,160,340,183,157,-1,2,-3
2917013300,2024-01-31,광주광역시,북구,태령동,태령동,193,102,91,192,102,90,-1,0,-1
2917013400,2024-01-31,광주광역시,북구,수곡동,수곡동,133,58,75,128,58,70,-5,0,-5
2917013500,2024-01-31,광주광역시,북구,효령동,효령동,252,130,122,250,130,120,-2,0,-2
2917013600,2024-01-31,광주광역시,북구,용전동,용전동,508,256,252,509,261,248,1,5,-4
2917013700,2024-01-31,광주광역시,북구,용강동,용강동,188,101,87,189,101,88,1,0,1
2917013800,2024-01-31,광주광역시,북구,생용동,생용동,232,123,109,230,122,108,-2,-1,-1
2917013900,2024-01-31,광주광역시,북구,월출동,월출동,243,137,106,237,133,104,-6,-4,-2
2917014000,2024-01-31,광주광역시,북구,대촌동,대촌동,174,108,66,164,105,59,-10,-3,-7
2917014100,2024-01-31,광주광역시,북구,오룡동,오룡동,668,398,270,654,391,263,-14,-7,-7
2920010100,2024-01-31,광주광역시,광산구,송정동,송정동,16572,8314,8258,16584,8326,8258,12,12,0
2920010200,2024-01-31,광주광역시,광산구,도산동,도산동,14231,7200,7031,14211,7194,7017,-20,-6,-14
2920010400,2024-01-31,광주광역시,광산구,신촌동,신촌동,4276,2154,2122,4256,2140,2116,-20,-14,-6
2920010500,2024-01-31,광주광역시,광산구,서봉동,서봉동,152,78,74,151,77,74,-1,-1,0
2920010600,2024-01-31,광주광역시,광산구,운수동,운수동,966,524,442,961,521,440,-5,-3,-2
2920010700,2024-01-31,광주광역시,광산구,선암동,선암동,13119,6769,6350,13111,6774,6337,-8,5,-13
2920010800,2024-01-31,광주광역시,광산구,소촌동,소촌동,18880,9566,9314,18849,9560,9289,-31,-6,-25
2920010900,2024-01-31,광주광역시,광산구,우산동,우산동,29169,14841,14328,29026,14757,14269,-143,-84,-59
2920011000,2024-01-31,광주광역시,광산구,황룡동,황룡동,308,175,133,302,171,131,-6,-4,-2
2920011100,2024-01-31,광주광역시,광산구,박호동,박호동,170,94,76,168,93,75,-2,-1,-1
2920011200,2024-01-31,광주광역시,광산구,비아동,비아동,4795,2480,2315,4803,2489,2314,8,9,-1
2920011300,2024-01-31,광주광역시,광산구,도천동,도천동,2715,1437,1278,2719,1439,1280,4,2,2
2920011400,2024-01-31,광주광역시,광산구,수완동,수완동,22287,11036,11251,22325,11065,11260,38,29,9
2920011500,2024-01-31,광주광역시,광산구,월계동,월계동,36565,18361,18204,36563,18358,18205,-2,-3,1
2920011600,2024-01-31,광주광역시,광산구,쌍암동,쌍암동,12556,6544,6012,12618,6576,6042,62,32,30
2920011700,2024-01-31,광주광역시,광산구,산월동,산월동,18564,9138,9426,18547,9133,9414,-17,-5,-12
2920011800,2024-01-31,광주광역시,광산구,신창동,신창동,35490,18123,17367,35486,18116,17370,-4,-7,3
2920011900,2024-01-31,광주광역시,광산구,신가동,신가동,36626,18189,18437,36597,18182,18415,-29,-7,-22
2920012000,2024-01-31,광주광역시,광산구,운남동,운남동,29235,14222,15013,29156,14188,14968,-79,-34,-45
2920012100,2024-01-31,광주광역시,광산구,안청동,안청동,216,126,90,216,125,91,0,-1,1
2920012200,2024-01-31,광주광역시,광산구,진곡동,진곡동,232,145,87,226,141,85,-6,-4,-2
2920012300,2024-01-31,광주광역시,광산구,장덕동,장덕동,30487,15152,15335,30398,15102,15296,-89,-50,-39
2920012400,2024-01-31,광주광역시,광산구,흑석동,흑석동,7013,3523,3490,7009,3524,3485,-4,1,-5
2920012500,2024-01-31,광주광역시,광산구,하남동,하남동,7529,4010,3519,7778,4128,3650,249,118,131
2920012600,2024-01-31,광주광역시,광산구,장수동,장수동,235,125,110,238,126,112,3,1,2
2920012700,2024-01-31,광주광역시,광산구,산정동,산정동,19370,9712,9658,19365,9718,9647,-5,6,-11
2920012800,2024-01-31,광주광역시,광산구,월곡동,월곡동,21806,10931,10875,21768,10909,10859,-38,-22,-16
2920012900,2024-01-31,광주광역시,광산구,등임동,등임동,160,80,80,160,81,79,0,1,-1
2920013000,2024-01-31,광주광역시,광산구,산막동,산막동,185,106,79,189,107,82,4,1,3
2920013100,2024-01-31,광주광역시,광산구,고룡동,고룡동,264,161,103,259,159,100,-5,-2,-3
2920013200,2024-01-31,광주광역시,광산구,신룡동,신룡동,178,96,82,178,96,82,0,0,0
2920013300,2024-01-31,광주광역시,광산구,두정동,두정동,164,85,79,163,85,78,-1,0,-1
2920013400,2024-01-31,광주광역시,광산구,임곡동,임곡동,531,254,277,533,253,280,2,-1,3
2920013500,2024-01-31,광주광역시,광산구,광산동,광산동,260,149,111,257,148,109,-3,-1,-2
2920013600,2024-01-31,광주광역시,광산구,오산동,오산동,125,59,66,123,58,65,-2,-1,-1
2920013700,2024-01-31,광주광역시,광산구,사호동,사호동,112,52,60,108,51,57,-4,-1,-3
2920013800,2024-01-31,광주광역시,광산구,하산동,하산동,409,219,190,412,219,193,3,0,3
2920013900,2024-01-31,광주광역시,광산구,유계동,유계동,303,151,152,300,149,151,-3,-2,-1
2920014000,2024-01-31,광주광역시,광산구,본덕동,본덕동,248,126,122,245,124,121,-3,-2,-1
2920014100,2024-01-31,광주광역시,광산구,용봉동,용봉동,140,82,58,138,80,58,-2,-2,0
2920014200,2024-01-31,광주광역시,광산구,요기동,요기동,197,103,94,196,103,93,-1,0,-1
2920014300,2024-01-31,광주광역시,광산구,복룡동,복룡동,194,108,86,195,108,87,1,0,1
2920014400,2024-01-31,광주광역시,광산구,송대동,송대동,217,111,106,217,111,106,0,0,0
2920014500,2024-01-31,광주광역시,광산구,옥동,옥동,1037,540,497,1027,535,492,-10,-5,-5
2920014600,2024-01-31,광주광역시,광산구,월전동,월전동,655,459,196,657,457,200,2,-2,4
2920014700,2024-01-31,광주광역시,광산구,장록동,장록동,326,177,149,317,174,143,-9,-3,-6
2920014800,2024-01-31,광주광역시,광산구,송촌동,송촌동,267,156,111,266,156,110,-1,0,-1
2920014900,2024-01-31,광주광역시,광산구,지죽동,지죽동,1126,596,530,1144,605,539,18,9,9
2920015000,2024-01-31,광주광역시,광산구,용동,용동,258,150,108,261,152,109,3,2,1
2920015100,2024-01-31,광주광역시,광산구,용곡동,용곡동,335,172,163,329,169,160,-6,-3,-3
2920015200,2024-01-31,광주광역시,광산구,지정동,지정동,228,118,110,220,113,107,-8,-5,-3
2920015300,2024-01-31,광주광역시,광산구,명화동,명화동,205,106,99,206,107,99,1,1,0
2920015400,2024-01-31,광주광역시,광산구,동산동,동산동,259,135,124,259,135,124,0,0,0
2920015500,2024-01-31,광주광역시,광산구,연산동,연산동,310,168,142,310,170,140,0,2,-2
2920015600,2024-01-31,광주광역시,광산구,도덕동,도덕동,312,154,158,311,153,158,-1,-1,0
2920015700,2024-01-31,광주광역시,광산구,송산동,송산동,259,123,136,258,122,136,-1,-1,0
2920015800,2024-01-31,광주광역시,광산구,지평동,지평동,261,133,128,261,132,129,0,-1,1
2920015900,2024-01-31,광주광역시,광산구,오운동,오운동,106,58,48,105,58,47,-1,0,-1
2920016000,2024-01-31,광주광역시,광산구,삼거동,삼거동,351,164,187,356,171,185,5,7,-2
2920016100,2024-01-31,광주광역시,광산구,양동,양동,75,39,36,75,39,36,0,0,0
2920016200,2024-01-31,광주광역시,광산구,내산동,내산동,127,86,41,127,85,42,0,-1,1
2920016300,2024-01-31,광주광역시,광산구,대산동,대산동,124,72,52,123,72,51,-1,0,-1
2920016400,2024-01-31,광주광역시,광산구,송학동,송학동,205,110,95,207,112,95,2,2,0
2920016500,2024-01-31,광주광역시,광산구,신동,신동,129,65,64,126,64,62,-3,-1,-2
2920016600,2024-01-31,광주광역시,광산구,삼도동,삼도동,180,96,84,185,99,86,5,3,2
2920016700,2024-01-31,광주광역시,광산구,남산동,남산동,331,168,163,330,167,163,-1,-1,0
2920016800,2024-01-31,광주광역시,광산구,송치동,송치동,184,89,95,186,89,97,2,0,2
2920016900,2024-01-31,광주광역시,광산구,산수동,산수동,175,84,91,173,83,90,-2,-1,-1
2920017000,2024-01-31,광주광역시,광산구,선동,선동,145,76,69,145,76,69,0,0,0
2920017100,2024-01-31,광주광역시,광산구,지산동,지산동,124,64,60,124,64,60,0,0,0
2920017200,2024-01-31,광주광역시,광산구,왕동,왕동,39,28,11,37,27,10,-2,-1,-1
2920017300,2024-01-31,광주광역시,광산구,북산동,북산동,154,72,82,152,71,81,-2,-1,-1
2920017400,2024-01-31,광주광역시,광산구,명도동,명도동,192,94,98,188,92,96,-4,-2,-2
2920017500,2024-01-31,광주광역시,광산구,동호동,동호동,143,63,80,143,62,81,0,-1,1
2920017600,2024-01-31,광주광역시,광산구,덕림동,덕림동,186,105,81,183,103,80,-3,-2,-1
2920017700,2024-01-31,광주광역시,광산구,양산동,양산동,104,57,47,103,57,46,-1,0,-1
2920017800,2024-01-31,광주광역시,광산구,동림동,동림동,110,53,57,108,52,56,-2,-1,-1
2920020200,2024-01-31,광주광역시,광산구,오선동,오선동,468,357,111,456,347,109,-12,-10,-2
3011010100,2024-01-31,대전광역시,동구,원동,원동,396,204,192,394,204,190,-2,0,-2
3011010200,2024-01-31,대전광역시,동구,인동,인동,6978,3365,3613,6978,3359,3619,0,-6,6
3011010300,2024-01-31,대전광역시,동구,효동,효동,2894,1358,1536,2902,1362,1540,8,4,4
3011010400,2024-01-31,대전광역시,동구,천동,천동,7982,3845,4137,7945,3827,4118,-37,-18,-19
3011010500,2024-01-31,대전광역시,동구,가오동,가오동,11981,5972,6009,11947,5962,5985,-34,-10,-24
3011010600,2024-01-31,대전광역시,동구,신흥동,신흥동,8304,4108,4196,8289,4102,4187,-15,-6,-9
3011010700,2024-01-31,대전광역시,동구,판암동,판암동,19671,9485,10186,19644,9485,10159,-27,0,-27
3011010800,2024-01-31,대전광역시,동구,삼정동,삼정동,383,199,184,384,197,187,1,-2,3
3011010900,2024-01-31,대전광역시,동구,용운동,용운동,21341,10775,10566,21290,10751,10539,-51,-24,-27
3011011000,2024-01-31,대전광역시,동구,대동,대동,14085,7069,7016,14057,7056,7001,-28,-13,-15
3011011100,2024-01-31,대전광역시,동구,자양동,자양동,10816,5739,5077,10673,5671,5002,-143,-68,-75
3011011200,2024-01-31,대전광역시,동구,신안동,신안동,600,319,281,598,318,280,-2,-1,-1
3011011300,2024-01-31,대전광역시,동구,소제동,소제동,1333,729,604,1324,722,602,-9,-7,-2
3011011400,2024-01-31,대전광역시,동구,가양동,가양동,31840,16210,15630,31692,16153,15539,-148,-57,-91
3011011500,2024-01-31,대전광역시,동구,용전동,용전동,20167,10334,9833,20203,10329,9874,36,-5,41
3011011600,2024-01-31,대전광역시,동구,성남동,성남동,11004,5424,5580,10969,5411,5558,-35,-13,-22
3011011700,2024-01-31,대전광역시,동구,홍도동,홍도동,11281,5757,5524,11229,5729,5500,-52,-28,-24
3011011800,2024-01-31,대전광역시,동구,삼성동,삼성동,13222,6711,6511,13192,6690,6502,-30,-21,-9
3011011900,2024-01-31,대전광역시,동구,정동,정동,852,549,303,858,559,299,6,10,-4
3011012000,2024-01-31,대전광역시,동구,중동,중동,664,363,301,661,362,299,-3,-1,-2
3011012100,2024-01-31,대전광역시,동구,추동,추동,345,178,167,342,177,165,-3,-1,-2
3011012200,2024-01-31,대전광역시,동구,비룡동,비룡동,241,133,108,240,132,108,-1,-1,0
3011012300,2024-01-31,대전광역시,동구,주산동,주산동,181,94,87,181,93,88,0,-1,1
3011012500,2024-01-31,대전광역시,동구,마산동,마산동,77,45,32,77,45,32,0,0,0
3011012600,2024-01-31,대전광역시,동구,효평동,효평동,161,82,79,159,80,79,-2,-2,0
3011012700,2024-01-31,대전광역시,동구,직동,직동,83,49,34,83,49,34,0,0,0
3011012800,2024-01-31,대전광역시,동구,세천동,세천동,533,270,263,536,274,262,3,4,-1
3011012900,2024-01-31,대전광역시,동구,신상동,신상동,190,100,90,191,100,91,1,0,1
3011013000,2024-01-31,대전광역시,동구,신하동,신하동,251,128,123,245,126,119,-6,-2,-4
3011013100,2024-01-31,대전광역시,동구,신촌동,신촌동,46,24,22,45,24,21,-1,0,-1
3011013200,2024-01-31,대전광역시,동구,사성동,사성동,35,18,17,34,18,16,-1,0,-1
3011013300,2024-01-31,대전광역시,동구,내탑동,내탑동,2,1,1,2,1,1,0,0,0
3011013400,2024-01-31,대전광역시,동구,오동,오동,47,24,23,47,24,23,0,0,0
3011013500,2024-01-31,대전광역시,동구,주촌동,주촌동,66,33,33,66,33,33,0,0,0
3011013600,2024-01-31,대전광역시,동구,낭월동,낭월동,9909,5026,4883,9904,5021,4883,-5,-5,0
3011013700,2024-01-31,대전광역시,동구,대별동,대별동,493,265,228,494,264,230,1,-1,2
3011013800,2024-01-31,대전광역시,동구,이사동,이사동,313,168,145,311,166,145,-2,-2,0
3011013900,2024-01-31,대전광역시,동구,대성동,대성동,7580,3712,3868,7612,3717,3895,32,5,27
3011014000,2024-01-31,대전광역시,동구,장척동,장척동,56,29,27,56,29,27,0,0,0
3011014100,2024-01-31,대전광역시,동구,소호동,소호동,143,81,62,144,81,63,1,0,1
3011014200,2024-01-31,대전광역시,동구,구도동,구도동,93,55,38,92,54,38,-1,-1,0
3011014300,2024-01-31,대전광역시,동구,삼괴동,삼괴동,329,172,157,330,172,158,1,0,1
3011014400,2024-01-31,대전광역시,동구,상소동,상소동,375,194,181,372,193,179,-3,-1,-2
3011014500,2024-01-31,대전광역시,동구,하소동,하소동,285,159,126,287,161,126,2,2,0
3014010100,2024-01-31,대전광역시,중구,은행동,은행동,788,526,262,779,516,263,-9,-10,1
3014010200,2024-01-31,대전광역시,중구,선화동,선화동,13167,6645,6522,13127,6620,6507,-40,-25,-15
3014010300,2024-01-31,대전광역시,중구,목동,목동,16783,7998,8785,16814,8018,8796,31,20,11
3014010400,2024-01-31,대전광역시,중구,중촌동,중촌동,13777,6710,7067,13767,6708,7059,-10,-2,-8
3014010500,2024-01-31,대전광역시,중구,대흥동,대흥동,13113,6485,6628,13124,6475,6649,11,-10,21
3014010600,2024-01-31,대전광역시,중구,문창동,문창동,4313,2226,2087,4310,2228,2082,-3,2,-5
3014010700,2024-01-31,대전광역시,중구,석교동,석교동,6491,3250,3241,6473,3233,3240,-18,-17,-1
3014010800,2024-01-31,대전광역시,중구,호동,호동,2730,1359,1371,2730,1356,1374,0,-3,3
3014010900,2024-01-31,대전광역시,중구,옥계동,옥계동,5551,2849,2702,5527,2833,2694,-24,-16,-8
3014011000,2024-01-31,대전광역시,중구,대사동,대사동,5384,2618,2766,5371,2625,2746,-13,7,-20
3014011100,2024-01-31,대전광역시,중구,부사동,부사동,6488,3255,3233,6485,3261,3224,-3,6,-9
3014011200,2024-01-31,대전광역시,중구,용두동,용두동,9135,4440,4695,9100,4420,4680,-35,-20,-15
3014011300,2024-01-31,대전광역시,중구,오류동,오류동,10348,4843,5505,10348,4836,5512,0,-7,7
3014011400,2024-01-31,대전광역시,중구,태평동,태평동,37413,17893,19520,37300,17812,19488,-113,-81,-32
3014011500,2024-01-31,대전광역시,중구,유천동,유천동,19210,9599,9611,19209,9607,9602,-1,8,-9
3014011600,2024-01-31,대전광역시,중구,문화동,문화동,32562,15734,16828,32518,15719,16799,-44,-15,-29
3014011700,2024-01-31,대전광역시,중구,산성동,산성동,17800,8885,8915,17751,8857,8894,-49,-28,-21
3014011800,2024-01-31,대전광역시,중구,사정동,사정동,5708,2921,2787,5703,2919,2784,-5,-2,-3
3014011900,2024-01-31,대전광역시,중구,안영동,안영동,1500,863,637,1495,859,636,-5,-4,-1
3014012000,2024-01-31,대전광역시,중구,무수동,무수동,68,39,29,68,39,29,0,0,0
3014012100,2024-01-31,대전광역시,중구,구완동,구완동,66,34,32,65,33,32,-1,-1,0
3014012200,2024-01-31,대전광역시,중구,침산동,침산동,144,67,77,142,67,75,-2,0,-2
3014012300,2024-01-31,대전광역시,중구,목달동,목달동,116,66,50,112,64,48,-4,-2,-2
3014012400,2024-01-31,대전광역시,중구,정생동,정생동,215,113,102,217,114,103,2,1,1
3014012500,2024-01-31,대전광역시,중구,어남동,어남동,251,141,110,247,138,109,-4,-3,-1
3014012600,2024-01-31,대전광역시,중구,금동,금동,135,67,68,137,68,69,2,1,1
3017010100,2024-01-31,대전광역시,서구,복수동,복수동,21694,10709,10985,21723,10723,11000,29,14,15
3017010200,2024-01-31,대전광역시,서구,변동,변동,13527,6852,6675,13459,6807,6652,-68,-45,-23
3017010300,2024-01-31,대전광역시,서구,도마동,도마동,35477,17835,17642,35345,17740,17605,-132,-95,-37
3017010400,2024-01-31,대전광역시,서구,정림동,정림동,15230,7375,7855,15230,7376,7854,0,1,-1
3017010500,2024-01-31,대전광역시,서구,용문동,용문동,11891,5643,6248,11911,5669,6242,20,26,-6
3017010600,2024-01-31,대전광역시,서구,탄방동,탄방동,26594,12764,13830,26705,12815,13890,111,51,60
3017010800,2024-01-31,대전광역시,서구,괴정동,괴정동,18774,9178,9596,18777,9183,9594,3,5,-2
3017010900,2024-01-31,대전광역시,서구,가장동,가장동,10936,5249,5687,10944,5260,5684,8,11,-3
3017011000,2024-01-31,대전광역시,서구,내동,내동,22956,11049,11907,22935,11034,11901,-21,-15,-6
3017011100,2024-01-31,대전광역시,서구,갈마동,갈마동,45210,22873,22337,45259,22906,22353,49,33,16
3017011200,2024-01-31,대전광역시,서구,둔산동,둔산동,70484,34129,36355,70635,34216,36419,151,87,64
3017011300,2024-01-31,대전광역시,서구,월평동,월평동,45435,22529,22906,45440,22541,22899,5,12,-7
3017011400,2024-01-31,대전광역시,서구,가수원동,가수원동,10254,5002,5252,10253,4991,5262,-1,-11,10
3017011500,2024-01-31,대전광역시,서구,도안동,도안동,36589,17969,18620,36605,17977,18628,16,8,8
3017011600,2024-01-31,대전광역시,서구,관저동,관저동,63548,30678,32870,63494,30660,32834,-54,-18,-36
3017011700,2024-01-31,대전광역시,서구,흑석동,흑석동,669,328,341,666,325,341,-3,-3,0
3017011800,2024-01-31,대전광역시,서구,매노동,매노동,285,160,125,284,159,125,-1,-1,0
3017011900,2024-01-31,대전광역시,서구,산직동,산직동,336,157,179,330,156,174,-6,-1,-5
3017012000,2024-01-31,대전광역시,서구,장안동,장안동,547,280,267,545,278,267,-2,-2,0
3017012100,2024-01-31,대전광역시,서구,평촌동,평촌동,474,252,222,474,252,222,0,0,0
3017012200,2024-01-31,대전광역시,서구,오동,오동,318,171,147,320,173,147,2,2,0
3017012300,2024-01-31,대전광역시,서구,우명동,우명동,176,93,83,176,92,84,0,-1,1
3017012400,2024-01-31,대전광역시,서구,원정동,원정동,304,166,138,305,166,139,1,0,1
3017012500,2024-01-31,대전광역시,서구,용촌동,용촌동,163,81,82,162,81,81,-1,0,-1
3017012600,2024-01-31,대전광역시,서구,봉곡동,봉곡동,188,94,94,191,95,96,3,1,2
3017012700,2024-01-31,대전광역시,서구,괴곡동,괴곡동,303,170,133,307,171,136,4,1,3
3017012800,2024-01-31,대전광역시,서구,만년동,만년동,12272,6238,6034,12266,6236,6030,-6,-2,-4
3020010100,2024-01-31,대전광역시,유성구,원내동,원내동,11630,5955,5675,11604,5932,5672,-26,-23,-3
3020010200,2024-01-31,대전광역시,유성구,교촌동,교촌동,4583,2315,2268,4576,2311,2265,-7,-4,-3
3020010300,2024-01-31,대전광역시,유성구,대정동,대정동,4649,2383,2266,4647,2375,2272,-2,-8,6
3020010400,2024-01-31,대전광역시,유성구,용계동,용계동,2927,1500,1427,3090,1575,1515,163,75,88
3020010500,2024-01-31,대전광역시,유성구,학하동,학하동,2715,1439,1276,2740,1460,1280,25,21,4
3020010600,2024-01-31,대전광역시,유성구,계산동,계산동,8248,4111,4137,8240,4103,4137,-8,-8,0
3020010700,2024-01-31,대전광역시,유성구,성북동,성북동,385,197,188,384,196,188,-1,-1,0
3020010800,2024-01-31,대전광역시,유성구,세동,세동,331,172,159,330,174,156,-1,2,-3
3020010900,2024-01-31,대전광역시,유성구,송정동,송정동,331,155,176,335,159,176,4,4,0
3020011000,2024-01-31,대전광역시,유성구,방동,방동,343,184,159,343,184,159,0,0,0
3020011100,2024-01-31,대전광역시,유성구,봉명동,봉명동,27464,13705,13759,27514,13727,13787,50,22,28
3020011200,2024-01-31,대전광역시,유성구,구암동,구암동,10763,5613,5150,10776,5625,5151,13,12,1
3020011300,2024-01-31,대전광역시,유성구,덕명동,덕명동,7232,3795,3437,7172,3769,3403,-60,-26,-34
3020011400,2024-01-31,대전광역시,유성구,원신흥동,원신흥동,17738,8607,9131,18026,8751,9275,288,144,144
3020011500,2024-01-31,대전광역시,유성구,상대동,상대동,25006,12163,12843,24932,12131,12801,-74,-32,-42
3020011600,2024-01-31,대전광역시,유성구,복용동,복용동,1521,806,715,1516,806,710,-5,0,-5
3020011700,2024-01-31,대전광역시,유성구,장대동,장대동,12479,6548,5931,12510,6558,5952,31,10,21
3020011800,2024-01-31,대전광역시,유성구,갑동,갑동,412,208,204,410,207,203,-2,-1,-1
3020011900,2024-01-31,대전광역시,유성구,노은동,노은동,14649,7339,7310,14654,7351,7303,5,12,-7
3020012000,2024-01-31,대전광역시,유성구,지족동,지족동,41754,20434,21320,41771,20447,21324,17,13,4
3020012100,2024-01-31,대전광역시,유성구,죽동,죽동,11394,5609,5785,11372,5622,5750,-22,13,-35
3020012200,2024-01-31,대전광역시,유성구,궁동,궁동,6802,3988,2814,6723,3942,2781,-79,-46,-33
3020012300,2024-01-31,대전광역시,유성구,어은동,어은동,9811,5008,4803,9815,5008,4807,4,0,4
3020012400,2024-01-31,대전광역시,유성구,구성동,구성동,781,545,236,754,527,227,-27,-18,-9
3020012500,2024-01-31,대전광역시,유성구,신성동,신성동,10901,5837,5064,10915,5875,5040,14,38,-24
3020012600,2024-01-31,대전광역시,유성구,가정동,가정동,767,395,372,771,400,371,4,5,-1
3020012700,2024-01-31,대전광역시,유성구,도룡동,도룡동,8748,4411,4337,8802,4423,4379,54,12,42
3020012800,2024-01-31,대전광역시,유성구,장동,장동,155,92,63,152,88,64,-3,-4,1
3020012900,2024-01-31,대전광역시,유성구,방현동,방현동,4,4,0,4,4,0,0,0,0
3020013000,2024-01-31,대전광역시,유성구,화암동,화암동,218,136,82,218,138,80,0,2,-2
3020013100,2024-01-31,대전광역시,유성구,덕진동,덕진동,44,38,6,45,38,7,1,0,1
3020013200,2024-01-31,대전광역시,유성구,하기동,하기동,10436,5125,5311,10418,5112,5306,-18,-13,-5
3020013300,2024-01-31,대전광역시,유성구,추목동,추목동,2487,1300,1187,2446,1277,1169,-41,-23,-18
3020013400,2024-01-31,대전광역시,유성구,자운동,자운동,227,123,104,224,123,101,-3,0,-3
3020013500,2024-01-31,대전광역시,유성구,신봉동,신봉동,2053,1126,927,2066,1139,927,13,13,0
3020013600,2024-01-31,대전광역시,유성구,수남동,수남동,111,85,26,108,84,24,-3,-1,-2
3020013700,2024-01-31,대전광역시,유성구,안산동,안산동,386,183,203,381,182,199,-5,-1,-4
3020013800,2024-01-31,대전광역시,유성구,외삼동,외삼동,465,247,218,459,244,215,-6,-3,-3
3020013900,2024-01-31,대전광역시,유성구,반석동,반석동,12473,6022,6451,12463,6024,6439,-10,2,-12
3020014000,2024-01-31,대전광역시,유성구,문지동,문지동,4116,2205,1911,4093,2187,1906,-23,-18,-5
3020014100,2024-01-31,대전광역시,유성구,전민동,전민동,21607,11025,10582,21657,11049,10608,50,24,26
3020014200,2024-01-31,대전광역시,유성구,원촌동,원촌동,590,321,269,594,321,273,4,0,4
3020014300,2024-01-31,대전광역시,유성구,탑립동,탑립동,483,266,217,487,268,219,4,2,2
3020014400,2024-01-31,대전광역시,유성구,용산동,용산동,10114,5022,5092,10140,5040,5100,26,18,8
3020014500,2024-01-31,대전광역시,유성구,봉산동,봉산동,9885,5220,4665,9936,5244,4692,51,24,27
3020014600,2024-01-31,대전광역시,유성구,관평동,관평동,23286,12003,11283,23284,12003,11281,-2,0,-2
3020014700,2024-01-31,대전광역시,유성구,송강동,송강동,17451,8817,8634,17396,8793,8603,-55,-24,-31
3020014800,2024-01-31,대전광역시,유성구,금고동,금고동,7,5,2,7,5,2,0,0,0
3020014900,2024-01-31,대전광역시,유성구,대동,대동,311,166,145,310,164,146,-1,-2,1
3020015000,2024-01-31,대전광역시,유성구,금탄동,금탄동,135,66,69,137,67,70,2,1,1
3020015100,2024-01-31,대전광역시,유성구,신동,신동,4,2,2,5,3,2,1,1,0
3020015200,2024-01-31,대전광역시,유성구,둔곡동,둔곡동,5147,2594,2553,5198,2619,2579,51,25,26
3020015300,2024-01-31,대전광역시,유성구,구룡동,구룡동,286,171,115,290,174,116,4,3,1
3023010100,2024-01-31,대전광역시,대덕구,오정동,오정동,13875,7274,6601,13821,7246,6575,-54,-28,-26
3023010200,2024-01-31,대전광역시,대덕구,대화동,대화동,6488,3384,3104,6465,3367,3098,-23,-17,-6
3023010300,2024-01-31,대전광역시,대덕구,읍내동,읍내동,6121,3109,3012,6104,3094,3010,-17,-15,-2
3023010400,2024-01-31,대전광역시,대덕구,연축동,연축동,1227,653,574,1222,649,573,-5,-4,-1
3023010500,2024-01-31,대전광역시,대덕구,신대동,신대동,1287,681,606,1288,679,609,1,-2,3
3023010600,2024-01-31,대전광역시,대덕구,와동,와동,2243,1118,1125,2222,1109,1113,-21,-9,-12
3023010700,2024-01-31,대전광역시,대덕구,송촌동,송촌동,26254,12998,13256,26196,12973,13223,-58,-25,-33
3023010800,2024-01-31,대전광역시,대덕구,법동,법동,27626,13191,14435,27599,13185,14414,-27,-6,-21
3023010900,2024-01-31,대전광역시,대덕구,중리동,중리동,18741,9725,9016,18688,9714,8974,-53,-11,-42
3023011000,2024-01-31,대전광역시,대덕구,비래동,비래동,15425,7661,7764,15394,7641,7753,-31,-20,-11
3023011100,2024-01-31,대전광역시,대덕구,석봉동,석봉동,16241,8310,7931,16252,8326,7926,11,16,-5
3023011200,2024-01-31,대전광역시,대덕구,목상동,목상동,5703,3068,2635,5701,3064,2637,-2,-4,2
3023011300,2024-01-31,대전광역시,대덕구,문평동,문평동,13,12,1,13,12,1,0,0,0
3023011400,2024-01-31,대전광역시,대덕구,신일동,신일동,438,264,174,437,264,173,-1,0,-1
3023011500,2024-01-31,대전광역시,대덕구,덕암동,덕암동,8607,4635,3972,8611,4640,3971,4,5,-1
3023011600,2024-01-31,대전광역시,대덕구,상서동,상서동,1318,730,588,1320,731,589,2,1,1
3023011700,2024-01-31,대전광역시,대덕구,평촌동,평촌동,3109,1648,1461,3108,1653,1455,-1,5,-6
3023011800,2024-01-31,대전광역시,대덕구,장동,장동,574,309,265,576,311,265,2,2,0
3023011900,2024-01-31,대전광역시,대덕구,용호동,용호동,91,43,48,91,43,48,0,0,0
3023012000,2024-01-31,대전광역시,대덕구,이현동,이현동,99,51,48,97,50,47,-2,-1,-1
3023012100,2024-01-31,대전광역시,대덕구,갈전동,갈전동,37,20,17,38,21,17,1,1,0
3023012400,2024-01-31,대전광역시,대덕구,삼정동,삼정동,125,62,63,124,61,63,-1,-1,0
3023012500,2024-01-31,대전광역시,대덕구,미호동,미호동,220,120,100,218,119,99,-2,-1,-1
3023012600,2024-01-31,대전광역시,대덕구,신탄진동,신탄진동,13991,7235,6756,13998,7238,6760,7,3,4
3111010100,2024-01-31,울산광역시,중구,학성동,학성동,10827,5540,5287,10798,5529,5269,-29,-11,-18
3111010200,2024-01-31,울산광역시,중구,학산동,학산동,3257,1680,1577,3241,1668,1573,-16,-12,-4
3111010300,2024-01-31,울산광역시,중구,복산동,복산동,20078,10041,10037,20321,10156,10165,243,115,128
3111010400,2024-01-31,울산광역시,중구,북정동,북정동,1100,553,547,1092,546,546,-8,-7,-1
3111010500,2024-01-31,울산광역시,중구,옥교동,옥교동,2962,1531,1431,2966,1538,1428,4,7,-3
3111010600,2024-01-31,울산광역시,중구,성남동,성남동,1634,874,760,1616,870,746,-18,-4,-14
3111010700,2024-01-31,울산광역시,중구,교동,교동,2494,1285,1209,2474,1272,1202,-20,-13,-7
3111010800,2024-01-31,울산광역시,중구,우정동,우정동,17403,8624,8779,17438,8648,8790,35,24,11
3111010900,2024-01-31,울산광역시,중구,성안동,성안동,20164,10291,9873,20138,10287,9851,-26,-4,-22
3111011000,2024-01-31,울산광역시,중구,유곡동,유곡동,14123,7121,7002,14126,7132,6994,3,11,-8
3111011100,2024-01-31,울산광역시,중구,태화동,태화동,26019,13008,13011,25961,12968,12993,-58,-40,-18
3111011200,2024-01-31,울산광역시,중구,다운동,다운동,13304,6711,6593,13260,6686,6574,-44,-25,-19
3111011300,2024-01-31,울산광역시,중구,동동,동동,3994,2115,1879,3975,2099,1876,-19,-16,-3
3111011400,2024-01-31,울산광역시,중구,서동,서동,11429,5637,5792,11417,5630,5787,-12,-7,-5
3111011500,2024-01-31,울산광역시,중구,남외동,남외동,20990,10640,10350,20912,10593,10319,-78,-47,-31
3111011600,2024-01-31,울산광역시,중구,장현동,장현동,4185,2096,2089,4173,2088,2085,-12,-8,-4
3111011700,2024-01-31,울산광역시,중구,약사동,약사동,10501,5258,5243,10503,5262,5241,2,4,-2
3111011800,2024-01-31,울산광역시,중구,반구동,반구동,24204,12542,11662,24157,12512,11645,-47,-30,-17
3114010100,2024-01-31,울산광역시,남구,무거동,무거동,50587,25866,24721,50423,25785,24638,-164,-81,-83
3114010200,2024-01-31,울산광역시,남구,옥동,옥동,21858,10881,10977,21806,10859,10947,-52,-22,-30
3114010300,2024-01-31,울산광역시,남구,두왕동,두왕동,3326,1703,1623,3310,1694,1616,-16,-9,-7
3114010400,2024-01-31,울산광역시,남구,신정동,신정동,86907,44140,42767,86800,44086,42714,-107,-54,-53
3114010500,2024-01-31,울산광역시,남구,달동,달동,39682,20498,19184,39649,20514,19135,-33,16,-49
3114010600,2024-01-31,울산광역시,남구,삼산동,삼산동,34203,17844,16359,34204,17821,16383,1,-23,24
3114010700,2024-01-31,울산광역시,남구,여천동,여천동,66,51,15,66,51,15,0,0,0
3114010800,2024-01-31,울산광역시,남구,야음동,야음동,55900,28145,27755,55848,28130,27718,-52,-15,-37
3114010900,2024-01-31,울산광역시,남구,선암동,선암동,12438,6374,6064,12402,6371,6031,-36,-3,-33
3114011000,2024-01-31,울산광역시,남구,상개동,상개동,1163,623,540,1162,621,541,-1,-2,1
3114011100,2024-01-31,울산광역시,남구,부곡동,부곡동,5,3,2,5,3,2,0,0,0
3114011300,2024-01-31,울산광역시,남구,성암동,성암동,6,3,3,6,3,3,0,0,0
3114011400,2024-01-31,울산광역시,남구,황성동,황성동,6,5,1,6,5,1,0,0,0
3114011500,2024-01-31,울산광역시,남구,용연동,용연동,12,8,4,12,8,4,0,0,0
3114011700,2024-01-31,울산광역시,남구,용잠동,용잠동,1,1,0,1,1,0,0,0,0
3114011800,2024-01-31,울산광역시,남구,장생포동,장생포동,764,404,360,760,402,358,-4,-2,-2
3114011900,2024-01-31,울산광역시,남구,매암동,매암동,308,180,128,302,180,122,-6,0,-6
3117010100,2024-01-31,울산광역시,동구,방어동,방어동,37972,20545,17427,37851,20477,17374,-121,-68,-53
3117010200,2024-01-31,울산광역시,동구,화정동,화정동,29166,15118,14048,29019,15061,13958,-147,-57,-90
3117010300,2024-01-31,울산광역시,동구,일산동,일산동,5308,2878,2430,5281,2868,2413,-27,-10,-17
3117010400,2024-01-31,울산광역시,동구,전하동,전하동,34497,17614,16883,34521,17629,16892,24,15,9
3117010600,2024-01-31,울산광역시,동구,주전동,주전동,738,362,376,740,368,372,2,6,-4
3117010700,2024-01-31,울산광역시,동구,동부동,동부동,14999,7587,7412,14928,7559,7369,-71,-28,-43
3117010800,2024-01-31,울산광역시,동구,서부동,서부동,29607,15307,14300,29764,15398,14366,157,91,66
3120010100,2024-01-31,울산광역시,북구,창평동,창평동,771,401,370,772,400,372,1,-1,2
3120010200,2024-01-31,울산광역시,북구,호계동,호계동,10105,5325,4780,10110,5344,4766,5,19,-14
3120010300,2024-01-31,울산광역시,북구,매곡동,매곡동,31681,16001,15680,31627,15994,15633,-54,-7,-47
3120010400,2024-01-31,울산광역시,북구,가대동,가대동,171,90,81,173,91,82,2,1,1
3120010500,2024-01-31,울산광역시,북구,신천동,신천동,17258,8648,8610,17226,8631,8595,-32,-17,-15
3120010600,2024-01-31,울산광역시,북구,중산동,중산동,18254,9378,8876,18226,9353,8873,-28,-25,-3
3120010700,2024-01-31,울산광역시,북구,상안동,상안동,5795,2951,2844,5778,2936,2842,-17,-15,-2
3120010800,2024-01-31,울산광역시,북구,천곡동,천곡동,20513,10317,10196,20463,10295,10168,-50,-22,-28
3120010900,2024-01-31,울산광역시,북구,달천동,달천동,9915,5014,4901,9901,5003,4898,-14,-11,-3
3120011000,2024-01-31,울산광역시,북구,시례동,시례동,278,150,128,275,149,126,-3,-1,-2
3120011100,2024-01-31,울산광역시,북구,무룡동,무룡동,337,161,176,334,159,175,-3,-2,-1
3120011200,2024-01-31,울산광역시,북구,구유동,구유동,386,194,192,387,195,192,1,1,0
3120011300,2024-01-31,울산광역시,북구,정자동,정자동,1147,607,540,1152,611,541,5,4,1
3120011400,2024-01-31,울산광역시,북구,신명동,신명동,255,142,113,259,145,114,4,3,1
3120011500,2024-01-31,울산광역시,북구,대안동,대안동,441,258,183,436,256,180,-5,-2,-3
3120011600,2024-01-31,울산광역시,북구,당사동,당사동,400,207,193,400,209,191,0,2,-2
3120011700,2024-01-31,울산광역시,북구,신현동,신현동,258,139,119,255,138,117,-3,-1,-2
3120011800,2024-01-31,울산광역시,북구,산하동,산하동,12365,6303,6062,12347,6291,6056,-18,-12,-6
3120011900,2024-01-31,울산광역시,북구,어물동,어물동,369,195,174,370,196,174,1,1,0
3120012000,2024-01-31,울산광역시,북구,명촌동,명촌동,13884,7329,6555,13852,7298,6554,-32,-31,-1
3120012100,2024-01-31,울산광역시,북구,진장동,진장동,2239,1556,683,2251,1574,677,12,18,-6
3120012200,2024-01-31,울산광역시,북구,연암동,연암동,9976,5278,4698,9927,5248,4679,-49,-30,-19
3120012300,2024-01-31,울산광역시,북구,효문동,효문동,3056,1597,1459,3293,1721,1572,237,124,113
3120012400,2024-01-31,울산광역시,북구,양정동,양정동,10273,6020,4253,10928,6366,4562,655,346,309
3120012500,2024-01-31,울산광역시,북구,화봉동,화봉동,24182,12282,11900,24153,12261,11892,-29,-21,-8
3120012600,2024-01-31,울산광역시,북구,송정동,송정동,12159,6134,6025,12177,6135,6042,18,1,17
3120012700,2024-01-31,울산광역시,북구,염포동,염포동,10009,5438,4571,9973,5424,4549,-36,-14,-22
3171025021,2024-01-31,울산광역시,울주군,온산읍,화산리,94,52,42,94,52,42,0,0,0
3171025022,2024-01-31,울산광역시,울주군,온산읍,삼평리,388,199,189,384,198,186,-4,-1,-3
3171025023,2024-01-31,울산광역시,울주군,온산읍,강양리,516,277,239,517,277,240,1,0,1
3171025024,2024-01-31,울산광역시,울주군,온산읍,우봉리,4,4,0,4,4,0,0,0,0
3171025025,2024-01-31,울산광역시,울주군,온산읍,당월리,3,3,0,3,3,0,0,0,0
3171025026,2024-01-31,울산광역시,울주군,온산읍,처용리,3,3,0,4,4,0,1,1,0
3171025031,2024-01-31,울산광역시,울주군,온산읍,원산리,4,2,2,4,2,2,0,0,0
3171025032,2024-01-31,울산광역시,울주군,온산읍,덕신리,18693,10998,7695,18549,10923,7626,-144,-75,-69
3171025033,2024-01-31,울산광역시,울주군,온산읍,학남리,185,110,75,187,111,76,2,1,1
3171025321,2024-01-31,울산광역시,울주군,언양읍,반송리,745,357,388,748,360,388,3,3,0
3171025322,2024-01-31,울산광역시,울주군,언양읍,반천리,2680,1345,1335,2699,1350,1349,19,5,14
3171025323,2024-01-31,울산광역시,울주군,언양읍,반곡리,281,142,139,277,141,136,-4,-1,-3
3171025324,2024-01-31,울산광역시,울주군,언양읍,어음리,3043,1518,1525,3058,1521,1537,15,3,12
3171025325,2024-01-31,울산광역시,울주군,언양읍,송대리,4801,2360,2441,4793,2361,2432,-8,1,-9
3171025326,2024-01-31,울산광역시,울주군,언양읍,평리,200,101,99,199,100,99,-1,-1,0
3171025327,2024-01-31,울산광역시,울주군,언양읍,다개리,382,207,175,387,210,177,5,3,2
3171025328,2024-01-31,울산광역시,울주군,언양읍,대곡리,100,54,46,99,53,46,-1,-1,0
3171025329,2024-01-31,울산광역시,울주군,언양읍,직동리,568,307,261,566,306,260,-2,-1,-1
3171025330,2024-01-31,울산광역시,울주군,언양읍,동부리,7254,3553,3701,7272,3566,3706,18,13,5
3171025331,2024-01-31,울산광역시,울주군,언양읍,서부리,8119,4006,4113,8140,4013,4127,21,7,14
3171025332,2024-01-31,울산광역시,울주군,언양읍,남부리,528,261,267,523,257,266,-5,-4,-1
3171025333,2024-01-31,울산광역시,울주군,언양읍,반연리,482,302,180,478,300,178,-4,-2,-2
3171025334,2024-01-31,울산광역시,울주군,언양읍,태기리,89,47,42,90,47,43,1,0,1
3171025335,2024-01-31,울산광역시,울주군,언양읍,구수리,267,144,123,268,146,122,1,2,-1
3171025621,2024-01-31,울산광역시,울주군,온양읍,발리,4394,2200,2194,4657,2350,2307,263,150,113
3171025622,2024-01-31,울산광역시,울주군,온양읍,대안리,13739,7088,6651,13618,7005,6613,-121,-83,-38
3171025623,2024-01-31,울산광역시,울주군,온양읍,망양리,4133,2225,1908,4108,2211,1897,-25,-14,-11
3171025624,2024-01-31,울산광역시,울주군,온양읍,남창리,608,307,301,608,308,300,0,1,-1
3171025625,2024-01-31,울산광역시,울주군,온양읍,동상리,394,213,181,390,211,179,-4,-2,-2
3171025626,2024-01-31,울산광역시,울주군,온양읍,삼광리,323,163,160,330,165,165,7,2,5
3171025627,2024-01-31,울산광역시,울주군,온양읍,내광리,266,133,133,268,132,136,2,-1,3
3171025628,2024-01-31,울산광역시,울주군,온양읍,외광리,218,112,106,218,112,106,0,0,0
3171025629,2024-01-31,울산광역시,울주군,온양읍,운화리,3670,2030,1640,3652,2016,1636,-18,-14,-4
3171025630,2024-01-31,울산광역시,울주군,온양읍,고산리,355,175,180,357,178,179,2,3,-1
3171025921,2024-01-31,울산광역시,울주군,범서읍,사연리,256,130,126,255,129,126,-1,-1,0
3171025922,2024-01-31,울산광역시,울주군,범서읍,천상리,19645,9680,9965,19664,9686,9978,19,6,13
3171025923,2024-01-31,울산광역시,울주군,범서읍,입암리,347,182,165,347,181,166,0,-1,1
3171025924,2024-01-31,울산광역시,울주군,범서읍,굴화리,15604,7905,7699,15584,7894,7690,-20,-11,-9
3171025925,2024-01-31,울산광역시,울주군,범서읍,서사리,159,89,70,161,89,72,2,0,2
3171025926,2024-01-31,울산광역시,울주군,범서읍,두산리,635,327,308,631,326,305,-4,-1,-3
3171025927,2024-01-31,울산광역시,울주군,범서읍,구영리,29689,14999,14690,29680,14985,14695,-9,-14,5
3171025928,2024-01-31,울산광역시,울주군,범서읍,중리,253,127,126,251,125,126,-2,-2,0
3171025929,2024-01-31,울산광역시,울주군,범서읍,망성리,245,126,119,246,126,120,1,0,1
3171025930,2024-01-31,울산광역시,울주군,범서읍,척과리,928,463,465,922,459,463,-6,-4,-2
3171026221,2024-01-31,울산광역시,울주군,청량읍,덕하리,2053,1061,992,2082,1073,1009,29,12,17
3171026222,2024-01-31,울산광역시,울주군,청량읍,동천리,280,150,130,278,150,128,-2,0,-2
3171026223,2024-01-31,울산광역시,울주군,청량읍,상남리,6800,3668,3132,6793,3666,3127,-7,-2,-5
3171026224,2024-01-31,울산광역시,울주군,청량읍,개곡리,361,184,177,357,182,175,-4,-2,-2
3171026225,2024-01-31,울산광역시,울주군,청량읍,중리,13,9,4,13,9,4,0,0,0
3171026226,2024-01-31,울산광역시,울주군,청량읍,문죽리,388,199,189,391,200,191,3,1,2
3171026227,2024-01-31,울산광역시,울주군,청량읍,삼정리,4684,2289,2395,4679,2285,2394,-5,-4,-1
3171026228,2024-01-31,울산광역시,울주군,청량읍,율리,3679,1807,1872,3676,1798,1878,-3,-9,6
3171026229,2024-01-31,울산광역시,울주군,청량읍,용암리,222,125,97,220,125,95,-2,0,-2
3171026500,2024-01-31,울산광역시,울주군,삼남읍,삼남읍,11,7,4,0,0,0,-11,-7,-4
3171026521,2024-01-31,울산광역시,울주군,삼남읍,교동리,15949,8199,7750,15951,8215,7736,2,16,-14
3171026522,2024-01-31,울산광역시,울주군,삼남읍,상천리,671,348,323,681,352,329,10,4,6
3171026523,2024-01-31,울산광역시,울주군,삼남읍,신화리,2258,1248,1010,2264,1252,1012,6,4,2
3171026524,2024-01-31,울산광역시,울주군,삼남읍,방기리,2519,1340,1179,2519,1336,1183,0,-4,4
3171026525,2024-01-31,울산광역시,울주군,삼남읍,가천리,975,517,458,969,516,453,-6,-1,-5
3171031021,2024-01-31,울산광역시,울주군,서생면,신암리,2416,1309,1107,2402,1298,1104,-14,-11,-3
3171031022,2024-01-31,울산광역시,울주군,서생면,명산리,382,195,187,378,194,184,-4,-1,-3
3171031023,2024-01-31,울산광역시,울주군,서생면,나사리,574,299,275,571,296,275,-3,-3,0
3171031024,2024-01-31,울산광역시,울주군,서생면,화산리,1016,571,445,1032,583,449,16,12,4
3171031025,2024-01-31,울산광역시,울주군,서생면,대송리,612,326,286,606,324,282,-6,-2,-4
3171031026,2024-01-31,울산광역시,울주군,서생면,용리,220,113,107,227,116,111,7,3,4
3171031027,2024-01-31,울산광역시,울주군,서생면,서생리,433,238,195,432,237,195,-1,-1,0
3171031028,2024-01-31,울산광역시,울주군,서생면,진하리,2371,1357,1014,2353,1347,1006,-18,-10,-8
3171031029,2024-01-31,울산광역시,울주군,서생면,화정리,171,93,78,172,93,79,1,0,1
3171031030,2024-01-31,울산광역시,울주군,서생면,위양리,377,204,173,377,204,173,0,0,0
3171034021,2024-01-31,울산광역시,울주군,웅촌면,초천리,171,90,81,173,92,81,2,2,0
3171034022,2024-01-31,울산광역시,울주군,웅촌면,석천리,365,183,182,369,184,185,4,1,3
3171034023,2024-01-31,울산광역시,울주군,웅촌면,곡천리,1492,756,736,1478,747,731,-14,-9,-5
3171034024,2024-01-31,울산광역시,울주군,웅촌면,검단리,579,288,291,573,287,286,-6,-1,-5
3171034025,2024-01-31,울산광역시,울주군,웅촌면,은현리,692,368,324,692,368,324,0,0,0
3171034026,2024-01-31,울산광역시,울주군,웅촌면,고연리,474,269,205,479,271,208,5,2,3
3171034027,2024-01-31,울산광역시,울주군,웅촌면,대대리,652,349,303,654,349,305,2,0,2
3171034028,2024-01-31,울산광역시,울주군,웅촌면,통천리,114,56,58,115,58,57,1,2,-1
3171034029,2024-01-31,울산광역시,울주군,웅촌면,대복리,2978,1493,1485,2963,1488,1475,-15,-5,-10
3171036021,2024-01-31,울산광역시,울주군,두동면,만화리,703,361,342,703,364,339,0,3,-3
3171036022,2024-01-31,울산광역시,울주군,두동면,구미리,860,427,433,868,434,434,8,7,1
3171036023,2024-01-31,울산광역시,울주군,두동면,월평리,400,209,191,397,205,192,-3,-4,1
3171036025,2024-01-31,울산광역시,울주군,두동면,이전리,516,255,261,509,252,257,-7,-3,-4
3171036026,2024-01-31,울산광역시,울주군,두동면,봉계리,758,376,382,752,371,381,-6,-5,-1
3171036027,2024-01-31,울산광역시,울주군,두동면,천전리,482,291,191,483,289,194,1,-2,3
3171036028,2024-01-31,울산광역시,울주군,두동면,은편리,555,281,274,554,283,271,-1,2,-3
3171037021,2024-01-31,울산광역시,울주군,두서면,차리,227,117,110,225,114,111,-2,-3,1
3171037022,2024-01-31,울산광역시,울주군,두서면,구량리,298,137,161,300,140,160,2,3,-1
3171037023,2024-01-31,울산광역시,울주군,두서면,복안리,222,104,118,219,103,116,-3,-1,-2
3171037024,2024-01-31,울산광역시,울주군,두서면,미호리,237,125,112,238,125,113,1,0,1
3171037025,2024-01-31,울산광역시,울주군,두서면,활천리,232,132,100,230,131,99,-2,-1,-1
3171037026,2024-01-31,울산광역시,울주군,두서면,내와리,385,202,183,387,201,186,2,-1,3
3171037027,2024-01-31,울산광역시,울주군,두서면,전읍리,428,228,200,429,227,202,1,-1,2
3171037028,2024-01-31,울산광역시,울주군,두서면,인보리,648,333,315,650,333,317,2,0,2
3171037029,2024-01-31,울산광역시,울주군,두서면,서하리,341,173,168,336,171,165,-5,-2,-3
3171038021,2024-01-31,울산광역시,울주군,상북면,지내리,377,221,156,375,221,154,-2,0,-2
3171038022,2024-01-31,울산광역시,울주군,상북면,양등리,195,93,102,188,93,95,-7,0,-7
3171038023,2024-01-31,울산광역시,울주군,상북면,산전리,720,393,327,714,390,324,-6,-3,-3
3171038024,2024-01-31,울산광역시,울주군,상북면,길천리,492,261,231,490,259,231,-2,-2,0
3171038025,2024-01-31,울산광역시,울주군,상북면,이천리,277,134,143,279,133,146,2,-1,3
3171038026,2024-01-31,울산광역시,울주군,상북면,덕현리,697,341,356,698,340,358,1,-1,2
3171038027,2024-01-31,울산광역시,울주군,상북면,명촌리,249,133,116,248,132,116,-1,-1,0
3171038028,2024-01-31,울산광역시,울주군,상북면,천전리,1226,601,625,1228,603,625,2,2,0
3171038029,2024-01-31,울산광역시,울주군,상북면,거리,351,178,173,349,176,173,-2,-2,0
3171038030,2024-01-31,울산광역시,울주군,상북면,궁근정리,1439,732,707,1444,734,710,5,2,3
3171038032,2024-01-31,울산광역시,울주군,상북면,향산리,741,377,364,727,370,357,-14,-7,-7
3171038033,2024-01-31,울산광역시,울주군,상북면,소호리,511,258,253,511,259,252,0,1,-1
3171038034,2024-01-31,울산광역시,울주군,상북면,등억알프스리,478,237,241,475,236,239,-3,-1,-2
3171040021,2024-01-31,울산광역시,울주군,삼동면,둔기리,205,113,92,204,112,92,-1,-1,0
3171040022,2024-01-31,울산광역시,울주군,삼동면,조일리,358,202,156,355,199,156,-3,-3,0
3171040023,2024-01-31,울산광역시,울주군,삼동면,출강리,148,74,74,147,73,74,-1,-1,0
3171040024,2024-01-31,울산광역시,울주군,삼동면,작동리,280,148,132,283,149,134,3,1,2
3171040025,2024-01-31,울산광역시,울주군,삼동면,보은리,198,109,89,197,108,89,-1,-1,0
3171040026,2024-01-31,울산광역시,울주군,삼동면,하잠리,338,161,177,341,164,177,3,3,0
3171040027,2024-01-31,울산광역시,울주군,삼동면,금곡리,183,100,83,181,98,83,-2,-2,0
3611010100,2024-01-31,세종특별자치시,,반곡동,반곡동,15228,7383,7845,15260,7383,7877,32,0,32
3611010200,2024-01-31,세종특별자치시,,소담동,소담동,21923,10654,11269,21932,10667,11265,9,13,-4
3611010300,2024-01-31,세종특별자치시,,보람동,보람동,19036,9350,9686,18976,9321,9655,-60,-29,-31
3611010400,2024-01-31,세종특별자치시,,대평동,대평동,11288,5579,5709,11316,5584,5732,28,5,23
3611010500,2024-01-31,세종특별자치시,,가람동,가람동,2,2,0,3,3,0,1,1,0
3611010600,2024-01-31,세종특별자치시,,한솔동,한솔동,18317,9028,9289,18294,9039,9255,-23,11,-34
3611010700,2024-01-31,세종특별자치시,,나성동,나성동,13177,6472,6705,13118,6434,6684,-59,-38,-21
3611010800,2024-01-31,세종특별자치시,,새롬동,새롬동,26634,12874,13760,26615,12853,13762,-19,-21,2
3611010900,2024-01-31,세종특별자치시,,다정동,다정동,28675,13763,14912,28584,13714,14870,-91,-49,-42
3611011000,2024-01-31,세종특별자치시,,어진동,어진동,11212,5558,5654,11135,5505,5630,-77,-53,-24
3611011100,2024-01-31,세종특별자치시,,종촌동,종촌동,28420,13838,14582,28197,13719,14478,-223,-119,-104
3611011200,2024-01-31,세종특별자치시,,고운동,고운동,36236,17790,18446,36205,17778,18427,-31,-12,-19
3611011300,2024-01-31,세종특별자치시,,아름동,아름동,23602,11677,11925,23566,11646,11920,-36,-31,-5
3611011400,2024-01-31,세종특별자치시,,도담동,도담동,25322,12116,13206,25213,12088,13125,-109,-28,-81
3611011500,2024-01-31,세종특별자치시,,산울동,산울동,82,46,36,1496,757,739,1414,711,703
3611011600,2024-01-31,세종특별자치시,,해밀동,해밀동,9387,4531,4856,9508,4587,4921,121,56,65
3611011800,2024-01-31,세종특별자치시,,집현동,집현동,13334,6630,6704,13286,6607,6679,-48,-23,-25
3611011900,2024-01-31,세종특별자치시,,세종동,세종동,2,2,0,1,1,0,-1,-1,0
3611012100,2024-01-31,세종특별자치시,,한별동,한별동,2,2,0,2,2,0,0,0,0
3611012200,2024-01-31,세종특별자치시,,다솜동,다솜동,6,6,0,6,6,0,0,0,0
3611025021,2024-01-31,세종특별자치시,,조치원읍,원리,719,366,353,714,361,353,-5,-5,0
3611025022,2024-01-31,세종특별자치시,,조치원읍,상리,592,329,263,584,324,260,-8,-5,-3
3611025023,2024-01-31,세종특별자치시,,조치원읍,평리,557,288,269,555,288,267,-2,0,-2
3611025024,2024-01-31,세종특별자치시,,조치원읍,교리,2383,1189,1194,2418,1216,1202,35,27,8
3611025025,2024-01-31,세종특별자치시,,조치원읍,정리,794,403,391,781,399,382,-13,-4,-9
3611025026,2024-01-31,세종특별자치시,,조치원읍,명리,642,323,319,639,325,314,-3,2,-5
3611025027,2024-01-31,세종특별자치시,,조치원읍,남리,2562,1435,1127,2542,1419,1123,-20,-16,-4
3611025028,2024-01-31,세종특별자치시,,조치원읍,침산리,5340,2928,2412,5323,2919,2404,-17,-9,-8
3611025029,2024-01-31,세종특별자치시,,조치원읍,신흥리,7997,3953,4044,8012,3954,4058,15,1,14
3611025030,2024-01-31,세종특별자치시,,조치원읍,죽림리,9831,4843,4988,9814,4839,4975,-17,-4,-13
3611025031,2024-01-31,세종특별자치시,,조치원읍,번암리,1404,737,667,1394,727,667,-10,-10,0
3611025032,2024-01-31,세종특별자치시,,조치원읍,신안리,5355,2898,2457,5286,2847,2439,-69,-51,-18
3611025033,2024-01-31,세종특별자치시,,조치원읍,봉산리,429,240,189,427,236,191,-2,-4,2
3611025034,2024-01-31,세종특별자치시,,조치원읍,서창리,2537,1481,1056,2473,1444,1029,-64,-37,-27
3611031021,2024-01-31,세종특별자치시,,연기면,연기리,1031,586,445,1033,588,445,2,2,0
3611031022,2024-01-31,세종특별자치시,,연기면,보통리,801,470,331,800,472,328,-1,2,-3
3611031023,2024-01-31,세종특별자치시,,연기면,눌왕리,370,202,168,366,202,164,-4,0,-4
3611031024,2024-01-31,세종특별자치시,,연기면,수산리,276,147,129,277,149,128,1,2,-1
3611032021,2024-01-31,세종특별자치시,,연동면,내판리,551,275,276,550,275,275,-1,0,-1
3611032022,2024-01-31,세종특별자치시,,연동면,문주리,101,54,47,98,52,46,-3,-2,-1
3611032023,2024-01-31,세종특별자치시,,연동면,명학리,924,489,435,907,482,425,-17,-7,-10
3611032024,2024-01-31,세종특별자치시,,연동면,응암리,352,207,145,355,210,145,3,3,0
3611032025,2024-01-31,세종특별자치시,,연동면,노송리,287,150,137,288,152,136,1,2,-1
3611032026,2024-01-31,세종특별자치시,,연동면,예양리,251,126,125,251,127,124,0,1,-1
3611032027,2024-01-31,세종특별자치시,,연동면,송용리,331,163,168,333,164,169,2,1,1
3611032028,2024-01-31,세종특별자치시,,연동면,합강리,41,16,25,40,15,25,-1,-1,0
3611033021,2024-01-31,세종특별자치시,,부강면,부강리,3971,2223,1748,3937,2209,1728,-34,-14,-20
3611033022,2024-01-31,세종특별자치시,,부강면,행산리,156,81,75,159,83,76,3,2,1
3611033023,2024-01-31,세종특별자치시,,부강면,산수리,97,51,46,97,51,46,0,0,0
3611033024,2024-01-31,세종특별자치시,,부강면,갈산리,208,106,102,207,105,102,-1,-1,0
3611033025,2024-01-31,세종특별자치시,,부강면,문곡리,486,246,240,487,247,240,1,1,0
3611033026,2024-01-31,세종특별자치시,,부강면,등곡리,279,147,132,279,148,131,0,1,-1
3611033027,2024-01-31,세종특별자치시,,부강면,노호리,160,88,72,162,89,73,2,1,1
3611033028,2024-01-31,세종특별자치시,,부강면,금호리,258,146,112,254,143,111,-4,-3,-1
3611034021,2024-01-31,세종특별자치시,,금남면,용포리,3590,1946,1644,3591,1941,1650,1,-5,6
3611034022,2024-01-31,세종특별자치시,,금남면,발산리,157,86,71,157,86,71,0,0,0
3611034023,2024-01-31,세종특별자치시,,금남면,감성리,192,100,92,192,101,91,0,1,-1
3611034024,2024-01-31,세종특별자치시,,금남면,두만리,223,121,102,226,122,104,3,1,2
3611034025,2024-01-31,세종특별자치시,,금남면,용담리,205,98,107,206,99,107,1,1,0
3611034026,2024-01-31,세종특별자치시,,금남면,축산리,176,90,86,177,91,86,1,1,0
3611034027,2024-01-31,세종특별자치시,,금남면,금천리,209,115,94,211,116,95,2,1,1
3611034028,2024-01-31,세종특별자치시,,금남면,영치리,83,43,40,82,43,39,-1,0,-1
3611034029,2024-01-31,세종특별자치시,,금남면,남곡리,79,45,34,79,45,34,0,0,0
3611034030,2024-01-31,세종특별자치시,,금남면,황용리,181,94,87,181,94,87,0,0,0
3611034031,2024-01-31,세종특별자치시,,금남면,영대리,280,143,137,278,142,136,-2,-1,-1
3611034032,2024-01-31,세종특별자치시,,금남면,달전리,231,119,112,230,119,111,-1,0,-1
3611034033,2024-01-31,세종특별자치시,,금남면,박산리,109,59,50,109,59,50,0,0,0
3611034034,2024-01-31,세종특별자치시,,금남면,대박리,228,123,105,229,123,106,1,0,1
3611034035,2024-01-31,세종특별자치시,,금남면,부용리,166,89,77,165,89,76,-1,0,-1
3611034036,2024-01-31,세종특별자치시,,금남면,장재리,84,46,38,84,49,35,0,3,-3
3611034037,2024-01-31,세종특별자치시,,금남면,호탄리,102,54,48,101,54,47,-1,0,-1
3611034038,2024-01-31,세종특별자치시,,금남면,신촌리,209,117,92,207,116,91,-2,-1,-1
3611034039,2024-01-31,세종특별자치시,,금남면,도암리,262,127,135,260,125,135,-2,-2,0
3611034040,2024-01-31,세종특별자치시,,금남면,성덕리,259,140,119,259,139,120,0,-1,1
3611034041,2024-01-31,세종특별자치시,,금남면,영곡리,304,166,138,296,160,136,-8,-6,-2
3611034042,2024-01-31,세종특별자치시,,금남면,성강리,185,102,83,189,103,86,4,1,3
3611034043,2024-01-31,세종특별자치시,,금남면,봉암리,81,39,42,81,39,42,0,0,0
3611034044,2024-01-31,세종특별자치시,,금남면,국곡리,231,139,92,229,137,92,-2,-2,0
3611034045,2024-01-31,세종특별자치시,,금남면,원봉리,323,178,145,325,179,146,2,1,1
3611034046,2024-01-31,세종특별자치시,,금남면,도남리,247,125,122,247,125,122,0,0,0
3611035021,2024-01-31,세종특별자치시,,장군면,도계리,1063,625,438,1051,625,426,-12,0,-12
3611035022,2024-01-31,세종특별자치시,,장군면,평기리,332,166,166,323,164,159,-9,-2,-7
3611035023,2024-01-31,세종특별자치시,,장군면,대교리,884,484,400,884,488,396,0,4,-4
3611035024,2024-01-31,세종특별자치시,,장군면,봉안리,1567,1051,516,1560,1055,505,-7,4,-11
3611035025,2024-01-31,세종특별자치시,,장군면,금암리,850,474,376,822,457,365,-28,-17,-11
3611035026,2024-01-31,세종특별자치시,,장군면,하봉리,390,223,167,386,223,163,-4,0,-4
3611035027,2024-01-31,세종특별자치시,,장군면,은용리,389,250,139,380,242,138,-9,-8,-1
3611035028,2024-01-31,세종특별자치시,,장군면,산학리,255,129,126,258,132,126,3,3,0
3611035029,2024-01-31,세종특별자치시,,장군면,송문리,229,115,114,229,114,115,0,-1,1
3611035030,2024-01-31,세종특별자치시,,장군면,송정리,53,23,30,51,22,29,-2,-1,-1
3611035031,2024-01-31,세종특별자치시,,장군면,송학리,269,151,118,270,151,119,1,0,1
3611035032,2024-01-31,세종특별자치시,,장군면,용현리,72,37,35,70,36,34,-2,-1,-1
3611035033,2024-01-31,세종특별자치시,,장군면,용암리,173,90,83,174,90,84,1,0,1
3611035034,2024-01-31,세종특별자치시,,장군면,태산리,120,64,56,122,63,59,2,-1,3
3611036021,2024-01-31,세종특별자치시,,연서면,월하리,966,551,415,957,548,409,-9,-3,-6
3611036022,2024-01-31,세종특별자치시,,연서면,쌍전리,190,104,86,191,105,86,1,1,0
3611036023,2024-01-31,세종특별자치시,,연서면,성제리,382,204,178,379,205,174,-3,1,-4
3611036024,2024-01-31,세종특별자치시,,연서면,고복리,333,155,178,331,152,179,-2,-3,1
3611036025,2024-01-31,세종특별자치시,,연서면,용암리,172,92,80,172,93,79,0,1,-1
3611036026,2024-01-31,세종특별자치시,,연서면,쌍류리,305,158,147,309,161,148,4,3,1
3611036027,2024-01-31,세종특별자치시,,연서면,청라리,159,78,81,156,76,80,-3,-2,-1
3611036028,2024-01-31,세종특별자치시,,연서면,기룡리,337,173,164,335,172,163,-2,-1,-1
3611036029,2024-01-31,세종특별자치시,,연서면,신대리,319,177,142,320,179,141,1,2,-1
3611036030,2024-01-31,세종특별자치시,,연서면,국촌리,259,153,106,258,150,108,-1,-3,2
3611036031,2024-01-31,세종특별자치시,,연서면,와촌리,590,329,261,588,330,258,-2,1,-3
3611036032,2024-01-31,세종특별자치시,,연서면,부동리,248,132,116,249,132,117,1,0,1
3611036033,2024-01-31,세종특별자치시,,연서면,봉암리,2660,1485,1175,2637,1468,1169,-23,-17,-6
3611037021,2024-01-31,세종특별자치시,,전의면,읍내리,908,479,429,904,476,428,-4,-3,-1
3611037022,2024-01-31,세종특별자치시,,전의면,동교리,1468,743,725,1461,738,723,-7,-5,-2
3611037023,2024-01-31,세종특별자치시,,전의면,서정리,209,110,99,210,110,100,1,0,1
3611037024,2024-01-31,세종특별자치시,,전의면,원성리,149,72,77,142,69,73,-7,-3,-4
3611037025,2024-01-31,세종특별자치시,,전의면,신흥리,108,53,55,107,53,54,-1,0,-1
3611037026,2024-01-31,세종특별자치시,,전의면,유천리,776,423,353,775,418,357,-1,-5,4
3611037027,2024-01-31,세종특별자치시,,전의면,관정리,388,223,165,389,224,165,1,1,0
3611037028,2024-01-31,세종특별자치시,,전의면,신정리,226,117,109,223,116,107,-3,-1,-2
3611037029,2024-01-31,세종특별자치시,,전의면,노곡리,116,73,43,115,73,42,-1,0,-1
3611037030,2024-01-31,세종특별자치시,,전의면,신방리,275,145,130,274,146,128,-1,1,-2
3611037031,2024-01-31,세종특별자치시,,전의면,영당리,146,72,74,146,72,74,0,0,0
3611037032,2024-01-31,세종특별자치시,,전의면,양곡리,165,107,58,164,107,57,-1,0,-1
3611037033,2024-01-31,세종특별자치시,,전의면,달전리,163,83,80,163,83,80,0,0,0
3611037034,2024-01-31,세종특별자치시,,전의면,금사리,71,40,31,70,39,31,-1,-1,0
3611037035,2024-01-31,세종특별자치시,,전의면,다방리,122,65,57,121,64,57,-1,-1,0
3611038021,2024-01-31,세종특별자치시,,전동면,노장리,543,281,262,543,283,260,0,2,-2
3611038022,2024-01-31,세종특별자치시,,전동면,봉대리,164,88,76,163,88,75,-1,0,-1
3611038023,2024-01-31,세종특별자치시,,전동면,청송리,331,182,149,328,180,148,-3,-2,-1
3611038024,2024-01-31,세종특별자치시,,전동면,석곡리,138,60,78,137,60,77,-1,0,-1
3611038025,2024-01-31,세종특별자치시,,전동면,보덕리,220,113,107,221,113,108,1,0,1
3611038026,2024-01-31,세종특별자치시,,전동면,송곡리,233,108,125,228,105,123,-5,-3,-2
3611038027,2024-01-31,세종특별자치시,,전동면,송정리,196,100,96,196,100,96,0,0,0
3611038028,2024-01-31,세종특별자치시,,전동면,청람리,181,97,84,181,97,84,0,0,0
3611038029,2024-01-31,세종특별자치시,,전동면,미곡리,264,136,128,259,132,127,-5,-4,-1
3611038030,2024-01-31,세종특별자치시,,전동면,송성리,628,390,238,628,390,238,0,0,0
3611038031,2024-01-31,세종특별자치시,,전동면,심중리,259,137,122,259,136,123,0,-1,1
3611039021,2024-01-31,세종특별자치시,,소정면,소정리,840,468,372,825,459,366,-15,-9,-6
3611039022,2024-01-31,세종특별자치시,,소정면,운당리,582,305,277,574,301,273,-8,-4,-4
3611039023,2024-01-31,세종특별자치시,,소정면,대곡리,585,305,280,579,303,276,-6,-2,-4
3611039024,2024-01-31,세종특별자치시,,소정면,고등리,151,85,66,151,85,66,0,0,0
4111112900,2024-01-31,경기도,수원시 장안구,파장동,파장동,18540,9397,9143,18679,9472,9207,139,75,64
4111113000,2024-01-31,경기도,수원시 장안구,정자동,정자동,88294,43431,44863,88591,43575,45016,297,144,153
4111113100,2024-01-31,경기도,수원시 장안구,이목동,이목동,6318,3153,3165,6319,3153,3166,1,0,1
4111113200,2024-01-31,경기도,수원시 장안구,율전동,율전동,27140,14468,12672,27078,14437,12641,-62,-31,-31
4111113300,2024-01-31,경기도,수원시 장안구,천천동,천천동,29885,15287,14598,29787,15248,14539,-98,-39,-59
4111113400,2024-01-31,경기도,수원시 장안구,영화동,영화동,18624,9529,9095,18589,9515,9074,-35,-14,-21
4111113500,2024-01-31,경기도,수원시 장안구,송죽동,송죽동,18506,9210,9296,18436,9161,9275,-70,-49,-21
4111113600,2024-01-31,경기도,수원시 장안구,조원동,조원동,46293,22809,23484,46240,22764,23476,-53,-45,-8
4111113700,2024-01-31,경기도,수원시 장안구,연무동,연무동,16533,8494,8039,16529,8461,8068,-4,-33,29
4111113800,2024-01-31,경기도,수원시 장안구,상광교동,상광교동,216,118,98,215,117,98,-1,-1,0
4111113900,2024-01-31,경기도,수원시 장안구,하광교동,하광교동,500,249,251,496,248,248,-4,-1,-3
4111312600,2024-01-31,경기도,수원시 권선구,세류동,세류동,50241,25600,24641,50237,25616,24621,-4,16,-20
4111312700,2024-01-31,경기도,수원시 권선구,평동,평동,2360,1303,1057,2367,1300,1067,7,-3,10
4111312800,2024-01-31,경기도,수원시 권선구,고색동,고색동,15327,7959,7368,15321,7953,7368,-6,-6,0
4111312900,2024-01-31,경기도,수원시 권선구,오목천동,오목천동,23205,11373,11832,23202,11388,11814,-3,15,-18
4111313000,2024-01-31,경기도,수원시 권선구,평리동,평리동,70,50,20,70,50,20,0,0,0
4111313100,2024-01-31,경기도,수원시 권선구,서둔동,서둔동,17567,8874,8693,17612,8896,8716,45,22,23
4111313200,2024-01-31,경기도,수원시 권선구,구운동,구운동,23150,11738,11412,23125,11736,11389,-25,-2,-23
4111313300,2024-01-31,경기도,수원시 권선구,탑동,탑동,20047,10351,9696,20039,10345,9694,-8,-6,-2
4111313400,2024-01-31,경기도,수원시 권선구,금곡동,금곡동,44027,21645,22382,44016,21636,22380,-11,-9,-2
4111313500,2024-01-31,경기도,수원시 권선구,호매실동,호매실동,44651,22111,22540,44718,22149,22569,67,38,29
4111313600,2024-01-31,경기도,수원시 권선구,곡반정동,곡반정동,24047,13236,10811,24034,13244,10790,-13,8,-21
4111313700,2024-01-31,경기도,수원시 권선구,권선동,권선동,81655,40649,41006,81671,40660,41011,16,11,5
4111313800,2024-01-31,경기도,수원시 권선구,장지동,장지동,143,73,70,143,74,69,0,1,-1
4111313900,2024-01-31,경기도,수원시 권선구,대황교동,대황교동,29,20,9,29,20,9,0,0,0
4111314000,2024-01-31,경기도,수원시 권선구,입북동,입북동,7393,3773,3620,7388,3776,3612,-5,3,-8
4111314100,2024-01-31,경기도,수원시 권선구,당수동,당수동,12255,6215,6040,12334,6258,6076,79,43,36
4111512000,2024-01-31,경기도,수원시 팔달구,팔달로1가,팔달로1가,357,204,153,356,206,150,-1,2,-3
4111512100,2024-01-31,경기도,수원시 팔달구,팔달로2가,팔달로2가,243,173,70,243,174,69,0,1,-1
4111512200,2024-01-31,경기도,수원시 팔달구,팔달로3가,팔달로3가,395,242,153,406,246,160,11,4,7
4111512300,2024-01-31,경기도,수원시 팔달구,남창동,남창동,925,479,446,919,474,445,-6,-5,-1
4111512400,2024-01-31,경기도,수원시 팔달구,영동,영동,160,86,74,163,87,76,3,1,2
4111512500,2024-01-31,경기도,수원시 팔달구,중동,중동,469,279,190,473,283,190,4,4,0
4111512600,2024-01-31,경기도,수원시 팔달구,구천동,구천동,1267,669,598,1260,659,601,-7,-10,3
4111512700,2024-01-31,경기도,수원시 팔달구,남수동,남수동,1100,564,536,1094,563,531,-6,-1,-5
4111512800,2024-01-31,경기도,수원시 팔달구,매향동,매향동,1329,658,671,1325,659,666,-4,1,-5
4111512900,2024-01-31,경기도,수원시 팔달구,북수동,북수동,1125,623,502,1128,620,508,3,-3,6
4111513000,2024-01-31,경기도,수원시 팔달구,신풍동,신풍동,1393,727,666,1394,723,671,1,-4,5
4111513100,2024-01-31,경기도,수원시 팔달구,장안동,장안동,670,307,363,665,305,360,-5,-2,-3
4111513200,2024-01-31,경기도,수원시 팔달구,교동,교동,1794,931,863,1796,930,866,2,-1,3
4111513300,2024-01-31,경기도,수원시 팔달구,매교동,매교동,19660,9940,9720,19720,9961,9759,60,21,39
4111513400,2024-01-31,경기도,수원시 팔달구,매산로1가,매산로1가,948,634,314,932,623,309,-16,-11,-5
4111513500,2024-01-31,경기도,수원시 팔달구,매산로2가,매산로2가,5850,3167,2683,5856,3172,2684,6,5,1
4111513600,2024-01-31,경기도,수원시 팔달구,매산로3가,매산로3가,3080,1597,1483,3090,1608,1482,10,11,-1
4111513700,2024-01-31,경기도,수원시 팔달구,고등동,고등동,19903,9998,9905,19763,9922,9841,-140,-76,-64
4111513800,2024-01-31,경기도,수원시 팔달구,화서동,화서동,45556,22263,23293,45542,22257,23285,-14,-6,-8
4111513900,2024-01-31,경기도,수원시 팔달구,지동,지동,9841,4996,4845,9803,4983,4820,-38,-13,-25
4111514000,2024-01-31,경기도,수원시 팔달구,우만동,우만동,35540,17772,17768,35533,17776,17757,-7,4,-11
4111514100,2024-01-31,경기도,수원시 팔달구,인계동,인계동,45608,22981,22627,45460,22914,22546,-148,-67,-81
4111710100,2024-01-31,경기도,수원시 영통구,매탄동,매탄동,80439,40659,39780,80359,40606,39753,-80,-53,-27
4111710200,2024-01-31,경기도,수원시 영통구,원천동,원천동,45447,22899,22548,45600,22959,22641,153,60,93
4111710300,2024-01-31,경기도,수원시 영통구,이의동,이의동,53072,25968,27104,53131,26006,27125,59,38,21
4111710400,2024-01-31,경기도,수원시 영통구,하동,하동,28712,13794,14918,28652,13763,14889,-60,-31,-29
4111710500,2024-01-31,경기도,수원시 영통구,영통동,영통동,80544,40433,40111,80548,40423,40125,4,-10,14
4111710600,2024-01-31,경기도,수원시 영통구,신동,신동,8151,4657,3494,8149,4660,3489,-2,3,-5
4111710700,2024-01-31,경기도,수원시 영통구,망포동,망포동,66663,33531,33132,66595,33499,33096,-68,-32,-36
4113110100,2024-01-31,경기도,성남시 수정구,신흥동,신흥동,52387,26570,25817,53598,27161,26437,1211,591,620
4113110200,2024-01-31,경기도,성남시 수정구,태평동,태평동,53156,27259,25897,52996,27185,25811,-160,-74,-86
4113110300,2024-01-31,경기도,성남시 수정구,수진동,수진동,26579,13713,12866,26501,13676,12825,-78,-37,-41
4113110400,2024-01-31,경기도,성남시 수정구,단대동,단대동,14574,7168,7406,14567,7171,7396,-7,3,-10
4113110500,2024-01-31,경기도,성남시 수정구,산성동,산성동,4723,2389,2334,4702,2383,2319,-21,-6,-15
4113110600,2024-01-31,경기도,성남시 수정구,양지동,양지동,9331,4641,4690,9320,4629,4691,-11,-12,1
4113110700,2024-01-31,경기도,성남시 수정구,복정동,복정동,10357,5803,4554,10324,5789,4535,-33,-14,-19
4113110800,2024-01-31,경기도,성남시 수정구,창곡동,창곡동,44987,21873,23114,44916,21844,23072,-71,-29,-42
4113110900,2024-01-31,경기도,성남시 수정구,신촌동,신촌동,696,357,339,700,360,340,4,3,1
4113111000,2024-01-31,경기도,성남시 수정구,오야동,오야동,761,385,376,774,388,386,13,3,10
4113111100,2024-01-31,경기도,성남시 수정구,심곡동,심곡동,3118,1685,1433,3133,1696,1437,15,11,4
4113111200,2024-01-31,경기도,성남시 수정구,고등동,고등동,11026,5436,5590,11067,5450,5617,41,14,27
4113111300,2024-01-31,경기도,성남시 수정구,상적동,상적동,850,418,432,846,416,430,-4,-2,-2
4113111500,2024-01-31,경기도,성남시 수정구,시흥동,시흥동,1704,907,797,1693,903,790,-11,-4,-7
4113111600,2024-01-31,경기도,성남시 수정구,금토동,금토동,801,419,382,807,424,383,6,5,1
4113111700,2024-01-31,경기도,성남시 수정구,사송동,사송동,892,473,419,881,469,412,-11,-4,-7
4113310100,2024-01-31,경기도,성남시 중원구,성남동,성남동,32430,16989,15441,32321,16918,15403,-109,-71,-38
4113310300,2024-01-31,경기도,성남시 중원구,금광동,금광동,44258,21862,22396,44244,21844,22400,-14,-18,4
4113310400,2024-01-31,경기도,성남시 중원구,은행동,은행동,31851,15716,16135,31690,15612,16078,-161,-104,-57
4113310500,2024-01-31,경기도,성남시 중원구,상대원동,상대원동,39263,20539,18724,39166,20500,18666,-97,-39,-58
4113310600,2024-01-31,경기도,성남시 중원구,여수동,여수동,10494,5111,5383,10466,5095,5371,-28,-16,-12
4113310700,2024-01-31,경기도,성남시 중원구,도촌동,도촌동,15422,7439,7983,15360,7411,7949,-62,-28,-34
4113310800,2024-01-31,경기도,성남시 중원구,갈현동,갈현동,612,322,290,612,323,289,0,1,-1
4113310900,2024-01-31,경기도,성남시 중원구,하대원동,하대원동,19593,9882,9711,19574,9883,9691,-19,1,-20
4113313200,2024-01-31,경기도,성남시 중원구,중앙동,중앙동,16925,8655,8270,16936,8672,8264,11,17,-6
4113510100,2024-01-31,경기도,성남시 분당구,분당동,분당동,24888,12190,12698,24881,12203,12678,-7,13,-20
4113510200,2024-01-31,경기도,성남시 분당구,수내동,수내동,41629,20216,21413,41688,20240,21448,59,24,35
4113510300,2024-01-31,경기도,성남시 분당구,정자동,정자동,76043,36606,39437,76051,36618,39433,8,12,-4
4113510400,2024-01-31,경기도,성남시 분당구,율동,율동,1171,578,593,1161,572,589,-10,-6,-4
4113510500,2024-01-31,경기도,성남시 분당구,서현동,서현동,47609,23203,24406,47574,23195,24379,-35,-8,-27
4113510600,2024-01-31,경기도,성남시 분당구,이매동,이매동,37991,18540,19451,37995,18535,19460,4,-5,9
4113510700,2024-01-31,경기도,성남시 분당구,야탑동,야탑동,59520,29036,30484,59434,28979,30455,-86,-57,-29
4113510800,2024-01-31,경기도,성남시 분당구,판교동,판교동,22575,11056,11519,22553,11047,11506,-22,-9,-13
4113510900,2024-01-31,경기도,성남시 분당구,삼평동,삼평동,23939,11582,12357,23923,11587,12336,-16,5,-21
4113511000,2024-01-31,경기도,성남시 분당구,백현동,백현동,30785,14846,15939,30692,14800,15892,-93,-46,-47
4113511100,2024-01-31,경기도,성남시 분당구,금곡동,금곡동,24895,11708,13187,24913,11724,13189,18,16,2
4113511200,2024-01-31,경기도,성남시 분당구,궁내동,궁내동,2188,1078,1110,2195,1078,1117,7,0,7
4113511300,2024-01-31,경기도,성남시 분당구,동원동,동원동,701,375,326,676,363,313,-25,-12,-13
4113511400,2024-01-31,경기도,성남시 분당구,구미동,구미동,44467,21229,23238,44319,21186,23133,-148,-43,-105
4113511500,2024-01-31,경기도,성남시 분당구,운중동,운중동,20544,10010,10534,20512,9972,10540,-32,-38,6
4113511600,2024-01-31,경기도,성남시 분당구,대장동,대장동,13700,6723,6977,13788,6761,7027,88,38,50
4113511700,2024-01-31,경기도,성남시 분당구,석운동,석운동,241,123,118,236,123,113,-5,0,-5
4113511800,2024-01-31,경기도,성남시 분당구,하산운동,하산운동,71,27,44,71,27,44,0,0,0
4115010100,2024-01-31,경기도,의정부시,의정부동,의정부동,62669,31495,31174,62705,31505,31200,36,10,26
4115010200,2024-01-31,경기도,의정부시,호원동,호원동,67668,32649,35019,67544,32594,34950,-124,-55,-69
4115010300,2024-01-31,경기도,의정부시,장암동,장암동,19007,9066,9941,19002,9068,9934,-5,2,-7
4115010400,2024-01-31,경기도,의정부시,신곡동,신곡동,84820,41190,43630,84667,41112,43555,-153,-78,-75
4115010500,2024-01-31,경기도,의정부시,용현동,용현동,31015,15155,15860,30934,15112,15822,-81,-43,-38
4115010600,2024-01-31,경기도,의정부시,민락동,민락동,51206,25294,25912,51129,25260,25869,-77,-34,-43
4115010700,2024-01-31,경기도,의정부시,낙양동,낙양동,26262,12625,13637,26235,12600,13635,-27,-25,-2
4115010800,2024-01-31,경기도,의정부시,자일동,자일동,315,175,140,314,175,139,-1,0,-1
4115010900,2024-01-31,경기도,의정부시,금오동,금오동,25487,12482,13005,25462,12466,12996,-25,-16,-9
4115011000,2024-01-31,경기도,의정부시,가능동,가능동,49334,24858,24476,49287,24827,24460,-47,-31,-16
4115011100,2024-01-31,경기도,의정부시,녹양동,녹양동,20152,9998,10154,20061,9957,10104,-91,-41,-50
4115011200,2024-01-31,경기도,의정부시,고산동,고산동,9538,4860,4678,9563,4872,4691,25,12,13
4115011300,2024-01-31,경기도,의정부시,산곡동,산곡동,16740,8316,8424,16821,8359,8462,81,43,38
4117110100,2024-01-31,경기도,안양시 만안구,안양동,안양동,134073,66957,67116,133871,66863,67008,-202,-94,-108
4117110200,2024-01-31,경기도,안양시 만안구,석수동,석수동,61154,30406,30748,61048,30366,30682,-106,-40,-66
4117110300,2024-01-31,경기도,안양시 만안구,박달동,박달동,35439,17761,17678,35222,17658,17564,-217,-103,-114
4117310100,2024-01-31,경기도,안양시 동안구,비산동,비산동,81207,39200,42007,81071,39123,41948,-136,-77,-59
4117310200,2024-01-31,경기도,안양시 동안구,관양동,관양동,78038,38360,39678,77942,38307,39635,-96,-53,-43
4117310300,2024-01-31,경기도,안양시 동안구,평촌동,평촌동,53220,26101,27119,53103,26032,27071,-117,-69,-48
4117310400,2024-01-31,경기도,안양시 동안구,호계동,호계동,101529,50126,51403,103821,51287,52534,2292,1161,1131
4119010100,2024-01-31,경기도,부천시,원미동,원미동,28384,14189,14195,0,0,0,-28384,-14189,-14195
4119010200,2024-01-31,경기도,부천시,심곡동,심곡동,41444,21488,19956,0,0,0,-41444,-21488,-19956
4119010300,2024-01-31,경기도,부천시,춘의동,춘의동,13879,6918,6961,0,0,0,-13879,-6918,-6961
4119010400,2024-01-31,경기도,부천시,도당동,도당동,21106,10732,10374,0,0,0,-21106,-10732,-10374
4119010500,2024-01-31,경기도,부천시,약대동,약대동,17005,8504,8501,0,0,0,-17005,-8504,-8501
4119010600,2024-01-31,경기도,부천시,소사동,소사동,6147,2914,3233,0,0,0,-6147,-2914,-3233
4119010700,2024-01-31,경기도,부천시,역곡동,역곡동,33610,16447,17163,0,0,0,-33610,-16447,-17163
4119010800,2024-01-31,경기도,부천시,중동,중동,132371,63514,68857,0,0,0,-132371,-63514,-68857
4119010900,2024-01-31,경기도,부천시,상동,상동,100350,49208,51142,0,0,0,-100350,-49208,-51142
4119011000,2024-01-31,경기도,부천시,소사본동,소사본동,53730,26374,27356,0,0,0,-53730,-26374,-27356
4119011100,2024-01-31,경기도,부천시,심곡본동,심곡본동,31158,15499,15659,0,0,0,-31158,-15499,-15659
4119011200,2024-01-31,경기도,부천시,범박동,범박동,22125,10831,11294,0,0,0,-22125,-10831,-11294
4119011300,2024-01-31,경기도,부천시,괴안동,괴안동,40474,19678,20796,0,0,0,-40474,-19678,-20796
4119011400,2024-01-31,경기도,부천시,송내동,송내동,45209,22139,23070,0,0,0,-45209,-22139,-23070
4119011500,2024-01-31,경기도,부천시,옥길동,옥길동,29413,14558,14855,0,0,0,-29413,-14558,-14855
4119011600,2024-01-31,경기도,부천시,계수동,계수동,7951,3935,4016,0,0,0,-7951,-3935,-4016
4119011700,2024-01-31,경기도,부천시,오정동,오정동,21957,11447,10510,0,0,0,-21957,-11447,-10510
4119011800,2024-01-31,경기도,부천시,여월동,여월동,18421,9064,9357,0,0,0,-18421,-9064,-9357
4119011900,2024-01-31,경기도,부천시,작동,작동,9854,4997,4857,0,0,0,-9854,-4997,-4857
4119012000,2024-01-31,경기도,부천시,원종동,원종동,48996,24360,24636,0,0,0,-48996,-24360,-24636
4119012100,2024-01-31,경기도,부천시,고강동,고강동,38932,19476,19456,0,0,0,-38932,-19476,-19456
4119012200,2024-01-31,경기도,부천시,대장동,대장동,355,190,165,0,0,0,-355,-190,-165
4119012300,2024-01-31,경기도,부천시,삼정동,삼정동,8186,4408,3778,0,0,0,-8186,-4408,-3778
4119012400,2024-01-31,경기도,부천시,내동,내동,8911,4661,4250,0,0,0,-8911,-4661,-4250
4119210100,2024-01-31,경기도,부천시 원미구,원미동,원미동,0,0,0,28309,14168,14141,28309,14168,14141
4119210200,2024-01-31,경기도,부천시 원미구,심곡동,심곡동,0,0,0,41400,21475,19925,41400,21475,19925
4119210300,2024-01-31,경기도,부천시 원미구,춘의동,춘의동,0,0,0,13852,6904,6948,13852,6904,6948
4119210400,2024-01-31,경기도,부천시 원미구,도당동,도당동,0,0,0,21030,10694,10336,21030,10694,10336
4119210500,2024-01-31,경기도,부천시 원미구,약대동,약대동,0,0,0,16978,8490,8488,16978,8490,8488
4119210600,2024-01-31,경기도,부천시 원미구,소사동,소사동,0,0,0,6143,2910,3233,6143,2910,3233
4119210700,2024-01-31,경기도,부천시 원미구,역곡동,역곡동,0,0,0,33534,16407,17127,33534,16407,17127
4119210800,2024-01-31,경기도,부천시 원미구,중동,중동,0,0,0,132251,63468,68783,132251,63468,68783
4119210900,2024-01-31,경기도,부천시 원미구,상동,상동,0,0,0,100329,49166,51163,100329,49166,51163
4119410100,2024-01-31,경기도,부천시 소사구,소사본동,소사본동,0,0,0,53595,26310,27285,53595,26310,27285
4119410200,2024-01-31,경기도,부천시 소사구,심곡본동,심곡본동,0,0,0,31107,15488,15619,31107,15488,15619
4119410300,2024-01-31,경기도,부천시 소사구,범박동,범박동,0,0,0,22147,10837,11310,22147,10837,11310
4119410400,2024-01-31,경기도,부천시 소사구,괴안동,괴안동,0,0,0,40399,19628,20771,40399,19628,20771
4119410500,2024-01-31,경기도,부천시 소사구,송내동,송내동,0,0,0,45218,22125,23093,45218,22125,23093
4119410600,2024-01-31,경기도,부천시 소사구,옥길동,옥길동,0,0,0,29359,14544,14815,29359,14544,14815
4119410700,2024-01-31,경기도,부천시 소사구,계수동,계수동,0,0,0,8033,3972,4061,8033,3972,4061
4119610100,2024-01-31,경기도,부천시 오정구,오정동,오정동,0,0,0,21877,11415,10462,21877,11415,10462
4119610200,2024-01-31,경기도,부천시 오정구,여월동,여월동,0,0,0,18419,9048,9371,18419,9048,9371
4119610300,2024-01-31,경기도,부천시 오정구,작동,작동,0,0,0,9796,4972,4824,9796,4972,4824
4119610400,2024-01-31,경기도,부천시 오정구,원종동,원종동,0,0,0,48893,24302,24591,48893,24302,24591
4119610500,2024-01-31,경기도,부천시 오정구,고강동,고강동,0,0,0,38846,19438,19408,38846,19438,19408
4119610600,2024-01-31,경기도,부천시 오정구,대장동,대장동,0,0,0,345,186,159,345,186,159
4119610700,2024-01-31,경기도,부천시 오정구,삼정동,삼정동,0,0,0,8153,4395,3758,8153,4395,3758
4119610800,2024-01-31,경기도,부천시 오정구,내동,내동,0,0,0,8861,4638,4223,8861,4638,4223
4121010100,2024-01-31,경기도,광명시,광명동,광명동,67640,33160,34480,67705,33193,34512,65,33,32
4121010200,2024-01-31,경기도,광명시,철산동,철산동,62046,30694,31352,62021,30660,31361,-25,-34,9
4121010300,2024-01-31,경기도,광명시,하안동,하안동,69444,33525,35919,69362,33465,35897,-82,-60,-22
4121010400,2024-01-31,경기도,광명시,소하동,소하동,56848,27894,28954,56720,27819,28901,-128,-75,-53
4121010500,2024-01-31,경기도,광명시,노온사동,노온사동,1039,588,451,1033,587,446,-6,-1,-5
4121010600,2024-01-31,경기도,광명시,일직동,일직동,21744,10859,10885,21681,10823,10858,-63,-36,-27
4121010700,2024-01-31,경기도,광명시,가학동,가학동,865,478,387,852,472,380,-13,-6,-7
4121010800,2024-01-31,경기도,광명시,옥길동,옥길동,571,314,257,569,312,257,-2,-2,0
4122010100,2024-01-31,경기도,평택시,서정동,서정동,33539,17915,15624,33466,17885,15581,-73,-30,-43
4122010200,2024-01-31,경기도,평택시,장당동,장당동,9813,5332,4481,9829,5334,4495,16,2,14
4122010300,2024-01-31,경기도,평택시,모곡동,모곡동,406,294,112,405,292,113,-1,-2,1
4122010400,2024-01-31,경기도,평택시,칠괴동,칠괴동,1176,721,455,1177,723,454,1,2,-1
4122010500,2024-01-31,경기도,평택시,칠원동,칠원동,11203,5677,5526,11176,5657,5519,-27,-20,-7
4122010600,2024-01-31,경기도,평택시,도일동,도일동,809,457,352,804,456,348,-5,-1,-4
4122010700,2024-01-31,경기도,평택시,가재동,가재동,2578,1456,1122,2577,1451,1126,-1,-5,4
4122010800,2024-01-31,경기도,평택시,장안동,장안동,5792,2868,2924,5788,2871,2917,-4,3,-7
4122010900,2024-01-31,경기도,평택시,이충동,이충동,23798,12069,11729,23824,12082,11742,26,13,13
4122011000,2024-01-31,경기도,평택시,지산동,지산동,22965,12103,10862,22960,12111,10849,-5,8,-13
4122011100,2024-01-31,경기도,평택시,독곡동,독곡동,8237,4092,4145,8230,4084,4146,-7,-8,1
4122011200,2024-01-31,경기도,평택시,신장동,신장동,15036,8199,6837,14988,8172,6816,-48,-27,-21
4122011300,2024-01-31,경기도,평택시,평택동,평택동,5510,3129,2381,5504,3129,2375,-6,0,-6
4122011400,2024-01-31,경기도,평택시,통복동,통복동,10064,5303,4761,10028,5297,4731,-36,-6,-30
4122011500,2024-01-31,경기도,평택시,군문동,군문동,3756,1838,1918,3755,1846,1909,-1,8,-9
4122011600,2024-01-31,경기도,평택시,유천동,유천동,665,363,302,659,359,300,-6,-4,-2
4122011700,2024-01-31,경기도,평택시,합정동,합정동,16713,8760,7953,16668,8747,7921,-45,-13,-32
4122011800,2024-01-31,경기도,평택시,비전동,비전동,59226,29478,29748,59243,29485,29758,17,7,10
4122011900,2024-01-31,경기도,평택시,동삭동,동삭동,42814,22267,20547,42946,22312,20634,132,45,87
4122012000,2024-01-31,경기도,평택시,세교동,세교동,30119,15100,15019,30187,15129,15058,68,29,39
4122012100,2024-01-31,경기도,평택시,지제동,지제동,5985,3164,2821,5969,3147,2822,-16,-17,1
4122012200,2024-01-31,경기도,평택시,신대동,신대동,1166,707,459,1187,718,469,21,11,10
4122012300,2024-01-31,경기도,평택시,소사동,소사동,13953,6889,7064,13936,6867,7069,-17,-22,5
4122012400,2024-01-31,경기도,평택시,용이동,용이동,41805,21721,20084,41822,21724,20098,17,3,14
4122012500,2024-01-31,경기도,평택시,월곡동,월곡동,531,279,252,532,281,251,1,2,-1
4122012600,2024-01-31,경기도,평택시,청룡동,청룡동,445,249,196,437,245,192,-8,-4,-4
4122012700,2024-01-31,경기도,평택시,죽백동,죽백동,19182,9572,9610,19227,9605,9622,45,33,12
4122012800,2024-01-31,경기도,평택시,고덕동,고덕동,42658,22868,19790,43606,23363,20243,948,495,453
4122025021,2024-01-31,경기도,평택시,팽성읍,객사리,4224,2393,1831,4177,2371,1806,-47,-22,-25
4122025022,2024-01-31,경기도,평택시,팽성읍,남산리,1527,864,663,1536,867,669,9,3,6
4122025023,2024-01-31,경기도,평택시,팽성읍,추팔리,459,264,195,459,266,193,0,2,-2
4122025024,2024-01-31,경기도,평택시,팽성읍,노와리,710,368,342,716,371,345,6,3,3
4122025025,2024-01-31,경기도,평택시,팽성읍,평궁리,661,345,316,647,337,310,-14,-8,-6
4122025026,2024-01-31,경기도,평택시,팽성읍,신궁리,320,174,146,320,174,146,0,0,0
4122025027,2024-01-31,경기도,평택시,팽성읍,두리,597,326,271,613,332,281,16,6,10
4122025028,2024-01-31,경기도,평택시,팽성읍,신호리,163,80,83,164,81,83,1,1,0
4122025029,2024-01-31,경기도,평택시,팽성읍,근내리,1258,632,626,1252,627,625,-6,-5,-1
4122025030,2024-01-31,경기도,평택시,팽성읍,석봉리,141,77,64,142,78,64,1,1,0
4122025031,2024-01-31,경기도,평택시,팽성읍,원정리,407,213,194,410,213,197,3,0,3
4122025032,2024-01-31,경기도,평택시,팽성읍,도두리,115,65,50,115,65,50,0,0,0
4122025033,2024-01-31,경기도,평택시,팽성읍,함정리,191,99,92,186,97,89,-5,-2,-3
4122025034,2024-01-31,경기도,평택시,팽성읍,신대리,580,308,272,577,304,273,-3,-4,1
4122025035,2024-01-31,경기도,평택시,팽성읍,본정리,551,286,265,543,281,262,-8,-5,-3
4122025036,2024-01-31,경기도,평택시,팽성읍,노양리,254,134,120,249,133,116,-5,-1,-4
4122025037,2024-01-31,경기도,평택시,팽성읍,노성리,151,84,67,151,84,67,0,0,0
4122025038,2024-01-31,경기도,평택시,팽성읍,두정리,697,355,342,702,359,343,5,4,1
4122025039,2024-01-31,경기도,평택시,팽성읍,석근리,314,171,143,313,172,141,-1,1,-2
4122025040,2024-01-31,경기도,평택시,팽성읍,대사리,396,207,189,401,211,190,5,4,1
4122025041,2024-01-31,경기도,평택시,팽성읍,안정리,5905,3063,2842,5900,3044,2856,-5,-19,14
4122025042,2024-01-31,경기도,평택시,팽성읍,동창리,194,82,112,192,81,111,-2,-1,-1
4122025043,2024-01-31,경기도,평택시,팽성읍,내리,133,55,78,133,55,78,0,0,0
4122025045,2024-01-31,경기도,평택시,팽성읍,송화리,8392,4273,4119,8432,4296,4136,40,23,17
4122025321,2024-01-31,경기도,평택시,안중읍,안중리,5882,3470,2412,5879,3467,2412,-3,-3,0
4122025322,2024-01-31,경기도,평택시,안중읍,학현리,1474,793,681,1681,901,780,207,108,99
4122025323,2024-01-31,경기도,평택시,안중읍,금곡리,1928,1051,877,1928,1051,877,0,0,0
4122025324,2024-01-31,경기도,평택시,안중읍,대반리,688,370,318,685,366,319,-3,-4,1
4122025325,2024-01-31,경기도,평택시,안중읍,삼정리,218,114,104,214,113,101,-4,-1,-3
4122025326,2024-01-31,경기도,평택시,안중읍,용성리,280,149,131,276,146,130,-4,-3,-1
4122025327,2024-01-31,경기도,평택시,안중읍,덕우리,327,179,148,328,181,147,1,2,-1
4122025328,2024-01-31,경기도,평택시,안중읍,성해리,188,102,86,183,98,85,-5,-4,-1
4122025329,2024-01-31,경기도,평택시,안중읍,송담리,7040,3622,3418,6975,3601,3374,-65,-21,-44
4122025330,2024-01-31,경기도,평택시,안중읍,현화리,24713,12367,12346,24649,12349,12300,-64,-18,-46
4122025621,2024-01-31,경기도,평택시,포승읍,내기리,2130,1148,982,2110,1136,974,-20,-12,-8
4122025622,2024-01-31,경기도,평택시,포승읍,도곡리,7314,4535,2779,7327,4553,2774,13,18,-5
4122025623,2024-01-31,경기도,평택시,포승읍,원정리,6800,4348,2452,6775,4341,2434,-25,-7,-18
4122025624,2024-01-31,경기도,평택시,포승읍,만호리,2357,1611,746,2364,1614,750,7,3,4
4122025625,2024-01-31,경기도,평택시,포승읍,희곡리,668,448,220,666,444,222,-2,-4,2
4122025626,2024-01-31,경기도,평택시,포승읍,신영리,533,306,227,529,304,225,-4,-2,-2
4122025627,2024-01-31,경기도,평택시,포승읍,방림리,1070,590,480,1067,588,479,-3,-2,-1
4122025628,2024-01-31,경기도,평택시,포승읍,석정리,1990,1168,822,1985,1170,815,-5,2,-7
4122025629,2024-01-31,경기도,평택시,포승읍,홍원리,777,410,367,772,408,364,-5,-2,-3
4122025921,2024-01-31,경기도,평택시,청북읍,현곡리,837,515,322,840,519,321,3,4,-1
4122025922,2024-01-31,경기도,평택시,청북읍,삼계리,429,239,190,424,238,186,-5,-1,-4
4122025923,2024-01-31,경기도,평택시,청북읍,고잔리,670,368,302,663,364,299,-7,-4,-3
4122025924,2024-01-31,경기도,평택시,청북읍,옥길리,21081,11018,10063,20987,10994,9993,-94,-24,-70
4122025925,2024-01-31,경기도,평택시,청북읍,후사리,383,217,166,384,217,167,1,0,1
4122025926,2024-01-31,경기도,평택시,청북읍,토진리,491,268,223,489,267,222,-2,-1,-1
4122025927,2024-01-31,경기도,평택시,청북읍,백봉리,266,148,118,263,146,117,-3,-2,-1
4122025928,2024-01-31,경기도,평택시,청북읍,어연리,834,541,293,830,541,289,-4,0,-4
4122025929,2024-01-31,경기도,평택시,청북읍,율북리,369,214,155,362,210,152,-7,-4,-3
4122025930,2024-01-31,경기도,평택시,청북읍,한산리,532,342,190,536,350,186,4,8,-4
4122025931,2024-01-31,경기도,평택시,청북읍,어소리,288,151,137,287,151,136,-1,0,-1
4122025932,2024-01-31,경기도,평택시,청북읍,고렴리,455,283,172,447,277,170,-8,-6,-2
4122031021,2024-01-31,경기도,평택시,진위면,봉남리,1272,718,554,1273,717,556,1,-1,2
4122031022,2024-01-31,경기도,평택시,진위면,마산리,630,331,299,628,329,299,-2,-2,0
4122031023,2024-01-31,경기도,평택시,진위면,은산리,599,321,278,597,321,276,-2,0,-2
4122031024,2024-01-31,경기도,평택시,진위면,동천리,503,269,234,501,270,231,-2,1,-3
4122031025,2024-01-31,경기도,평택시,진위면,고현리,48,28,20,47,27,20,-1,-1,0
4122031026,2024-01-31,경기도,평택시,진위면,청호리,456,352,104,469,361,108,13,9,4
4122031027,2024-01-31,경기도,평택시,진위면,갈곶리,1441,793,648,1446,792,654,5,-1,6
4122031028,2024-01-31,경기도,평택시,진위면,야막리,264,149,115,264,149,115,0,0,0
4122031029,2024-01-31,경기도,평택시,진위면,가곡리,1759,977,782,1772,988,784,13,11,2
4122031030,2024-01-31,경기도,평택시,진위면,견산리,2592,1397,1195,2579,1388,1191,-13,-9,-4
4122031031,2024-01-31,경기도,평택시,진위면,하북리,1109,588,521,1100,580,520,-9,-8,-1
4122031032,2024-01-31,경기도,평택시,진위면,신리,459,240,219,457,240,217,-2,0,-2
4122032021,2024-01-31,경기도,평택시,서탄면,금암리,661,376,285,660,374,286,-1,-2,1
4122032022,2024-01-31,경기도,평택시,서탄면,사리,288,158,130,286,155,131,-2,-3,1
4122032023,2024-01-31,경기도,평택시,서탄면,수월암리,602,363,239,602,361,241,0,-2,2
4122032024,2024-01-31,경기도,평택시,서탄면,내천리,534,292,242,526,290,236,-8,-2,-6
4122032025,2024-01-31,경기도,평택시,서탄면,마두리,438,233,205,438,232,206,0,-1,1
4122032026,2024-01-31,경기도,평택시,서탄면,회화리,229,115,114,227,114,113,-2,-1,-1
4122032027,2024-01-31,경기도,평택시,서탄면,적봉리,61,28,33,61,28,33,0,0,0
4122032028,2024-01-31,경기도,평택시,서탄면,장등리,511,296,215,508,291,217,-3,-5,2
4122032029,2024-01-31,경기도,평택시,서탄면,금각리,241,136,105,244,138,106,3,2,1
4122032030,2024-01-31,경기도,평택시,서탄면,황구지리,1,1,0,1,1,0,0,0,0
4122033021,2024-01-31,경기도,평택시,고덕면,당현리,1074,659,415,1057,644,413,-17,-15,-2
4122033022,2024-01-31,경기도,평택시,고덕면,두릉리,569,308,261,563,302,261,-6,-6,0
4122033023,2024-01-31,경기도,평택시,고덕면,문곡리,523,282,241,524,282,242,1,0,1
4122033024,2024-01-31,경기도,평택시,고덕면,동청리,297,160,137,294,157,137,-3,-3,0
4122033025,2024-01-31,경기도,평택시,고덕면,해창리,570,318,252,570,318,252,0,0,0
4122033026,2024-01-31,경기도,평택시,고덕면,궁리,7847,4089,3758,7836,4083,3753,-11,-6,-5
4122033027,2024-01-31,경기도,평택시,고덕면,동고리,777,446,331,780,454,326,3,8,-5
4122033028,2024-01-31,경기도,평택시,고덕면,방축리,1040,592,448,1051,601,450,11,9,2
4122033029,2024-01-31,경기도,평택시,고덕면,여염리,1,0,1,1,0,1,0,0,0
4122033031,2024-01-31,경기도,평택시,고덕면,좌교리,66,38,28,66,38,28,0,0,0
4122034021,2024-01-31,경기도,평택시,오성면,숙성리,2461,1275,1186,2437,1262,1175,-24,-13,-11
4122034022,2024-01-31,경기도,평택시,오성면,교포리,345,181,164,342,180,162,-3,-1,-2
4122034023,2024-01-31,경기도,평택시,오성면,신리,521,278,243,528,283,245,7,5,2
4122034024,2024-01-31,경기도,평택시,오성면,안화리,313,160,153,312,160,152,-1,0,-1
4122034025,2024-01-31,경기도,평택시,오성면,양교리,487,282,205,492,283,209,5,1,4
4122034026,2024-01-31,경기도,평택시,오성면,죽리,1331,730,601,1338,735,603,7,5,2
4122034027,2024-01-31,경기도,평택시,오성면,길음리,347,186,161,348,186,162,1,0,1
4122034028,2024-01-31,경기도,평택시,오성면,당거리,251,139,112,250,139,111,-1,0,-1
4122034029,2024-01-31,경기도,평택시,오성면,창내리,402,214,188,399,212,187,-3,-2,-1
4122037021,2024-01-31,경기도,평택시,현덕면,도대리,434,246,188,441,251,190,7,5,2
4122037022,2024-01-31,경기도,평택시,현덕면,운정리,278,142,136,279,142,137,1,0,1
4122037023,2024-01-31,경기도,평택시,현덕면,화양리,131,68,63,130,68,62,-1,0,-1
4122037024,2024-01-31,경기도,평택시,현덕면,황산리,327,158,169,324,156,168,-3,-2,-1
4122037025,2024-01-31,경기도,평택시,현덕면,인광리,2105,1140,965,2128,1149,979,23,9,14
4122037026,2024-01-31,경기도,평택시,현덕면,덕목리,553,291,262,554,294,260,1,3,-2
4122037027,2024-01-31,경기도,평택시,현덕면,신왕리,141,76,65,140,75,65,-1,-1,0
4122037028,2024-01-31,경기도,평택시,현덕면,대안리,392,212,180,392,210,182,0,-2,2
4122037029,2024-01-31,경기도,평택시,현덕면,기산리,310,169,141,312,170,142,2,1,1
4122037030,2024-01-31,경기도,평택시,현덕면,권관리,691,357,334,692,359,333,1,2,-1
4122037031,2024-01-31,경기도,평택시,현덕면,장수리,281,149,132,280,147,133,-1,-2,1
4122037032,2024-01-31,경기도,평택시,현덕면,방축리,163,94,69,167,96,71,4,2,2
4125010100,2024-01-31,경기도,동두천시,송내동,송내동,10488,5093,5395,10487,5079,5408,-1,-14,13
4125010200,2024-01-31,경기도,동두천시,지행동,지행동,26806,13164,13642,26810,13148,13662,4,-16,20
4125010300,2024-01-31,경기도,동두천시,생연동,생연동,32729,16215,16514,32694,16181,16513,-35,-34,-1
4125010400,2024-01-31,경기도,동두천시,광암동,광암동,1403,734,669,1389,730,659,-14,-4,-10
4125010500,2024-01-31,경기도,동두천시,걸산동,걸산동,101,60,41,106,62,44,5,2,3
4125010600,2024-01-31,경기도,동두천시,보산동,보산동,2603,1268,1335,2594,1271,1323,-9,3,-12
4125010700,2024-01-31,경기도,동두천시,동두천동,동두천동,4759,2441,2318,4762,2447,2315,3,6,-3
4125010800,2024-01-31,경기도,동두천시,안흥동,안흥동,622,325,297,619,325,294,-3,0,-3
4125010900,2024-01-31,경기도,동두천시,상봉암동,상봉암동,2232,1171,1061,2236,1173,1063,4,2,2
4125011000,2024-01-31,경기도,동두천시,하봉암동,하봉암동,926,524,402,922,526,396,-4,2,-6
4125011100,2024-01-31,경기도,동두천시,탑동동,탑동동,971,499,472,973,499,474,2,0,2
4125011200,2024-01-31,경기도,동두천시,상패동,상패동,4986,2704,2282,4947,2682,2265,-39,-22,-17
4127110100,2024-01-31,경기도,안산시 상록구,일동,일동,26666,13727,12939,26574,13691,12883,-92,-36,-56
4127110200,2024-01-31,경기도,안산시 상록구,이동,이동,19583,10568,9015,19576,10564,9012,-7,-4,-3
4127110300,2024-01-31,경기도,안산시 상록구,사동,사동,101601,51790,49811,101191,51579,49612,-410,-211,-199
4127110400,2024-01-31,경기도,안산시 상록구,본오동,본오동,76156,38458,37698,75994,38368,37626,-162,-90,-72
4127110500,2024-01-31,경기도,안산시 상록구,팔곡이동,팔곡이동,2988,1587,1401,2991,1585,1406,3,-2,5
4127110600,2024-01-31,경기도,안산시 상록구,양상동,양상동,348,191,157,347,190,157,-1,-1,0
4127110700,2024-01-31,경기도,안산시 상록구,부곡동,부곡동,26178,13474,12704,26101,13435,12666,-77,-39,-38
4127110800,2024-01-31,경기도,안산시 상록구,성포동,성포동,25096,12238,12858,25013,12218,12795,-83,-20,-63
4127110900,2024-01-31,경기도,안산시 상록구,월피동,월피동,30746,15646,15100,30654,15592,15062,-92,-54,-38
4127111000,2024-01-31,경기도,안산시 상록구,팔곡일동,팔곡일동,1750,863,887,1730,860,870,-20,-3,-17
4127111100,2024-01-31,경기도,안산시 상록구,건건동,건건동,12959,6500,6459,12951,6486,6465,-8,-14,6
4127111200,2024-01-31,경기도,안산시 상록구,사사동,사사동,2122,1113,1009,2106,1103,1003,-16,-10,-6
4127111300,2024-01-31,경기도,안산시 상록구,수암동,수암동,6215,3226,2989,6207,3217,2990,-8,-9,1
4127111400,2024-01-31,경기도,안산시 상록구,장상동,장상동,2248,1218,1030,2234,1216,1018,-14,-2,-12
4127111500,2024-01-31,경기도,안산시 상록구,장하동,장하동,211,124,87,210,124,86,-1,0,-1
4127310100,2024-01-31,경기도,안산시 단원구,고잔동,고잔동,86717,43421,43296,87000,43573,43427,283,152,131
4127310200,2024-01-31,경기도,안산시 단원구,와동,와동,36697,19542,17155,36566,19469,17097,-131,-73,-58
4127310300,2024-01-31,경기도,안산시 단원구,신길동,신길동,21222,11399,9823,21131,11341,9790,-91,-58,-33
4127310400,2024-01-31,경기도,안산시 단원구,성곡동,성곡동,464,384,80,458,379,79,-6,-5,-1
4127310500,2024-01-31,경기도,안산시 단원구,원시동,원시동,823,609,214,821,605,216,-2,-4,2
4127310600,2024-01-31,경기도,안산시 단원구,목내동,목내동,100,85,15,102,87,15,2,2,0
4127310700,2024-01-31,경기도,안산시 단원구,초지동,초지동,44451,22350,22101,44402,22348,22054,-49,-2,-47
4127310800,2024-01-31,경기도,안산시 단원구,원곡동,원곡동,29834,15348,14486,29790,15327,14463,-44,-21,-23
4127310900,2024-01-31,경기도,안산시 단원구,선부동,선부동,64565,33455,31110,64650,33488,31162,85,33,52
4127311000,2024-01-31,경기도,안산시 단원구,대부동동,대부동동,2169,1129,1040,2173,1127,1046,4,-2,6
4127311100,2024-01-31,경기도,안산시 단원구,대부북동,대부북동,2937,1567,1370,2949,1569,1380,12,2,10
4127311200,2024-01-31,경기도,안산시 단원구,대부남동,대부남동,3208,1656,1552,3205,1653,1552,-3,-3,0
4127311300,2024-01-31,경기도,안산시 단원구,선감동,선감동,742,382,360,741,379,362,-1,-3,2
4127311400,2024-01-31,경기도,안산시 단원구,풍도동,풍도동,149,85,64,148,85,63,-1,0,-1
4127311500,2024-01-31,경기도,안산시 단원구,화정동,화정동,363,193,170,359,191,168,-4,-2,-2
4128110100,2024-01-31,경기도,고양시 덕양구,주교동,주교동,14304,7337,6967,14304,7351,6953,0,14,-14
4128110200,2024-01-31,경기도,고양시 덕양구,원당동,원당동,1239,684,555,1225,671,554,-14,-13,-1
4128110300,2024-01-31,경기도,고양시 덕양구,신원동,신원동,21651,10213,11438,21659,10225,11434,8,12,-4
4128110400,2024-01-31,경기도,고양시 덕양구,원흥동,원흥동,24960,11597,13363,25001,11595,13406,41,-2,43
4128110500,2024-01-31,경기도,고양시 덕양구,도내동,도내동,24901,12254,12647,24820,12221,12599,-81,-33,-48
4128110600,2024-01-31,경기도,고양시 덕양구,성사동,성사동,29349,14448,14901,29273,14401,14872,-76,-47,-29
4128110700,2024-01-31,경기도,고양시 덕양구,북한동,북한동,27,18,9,22,14,8,-5,-4,-1
4128110800,2024-01-31,경기도,고양시 덕양구,효자동,효자동,459,236,223,462,237,225,3,1,2
4128110900,2024-01-31,경기도,고양시 덕양구,지축동,지축동,24243,11831,12412,24338,11882,12456,95,51,44
4128111000,2024-01-31,경기도,고양시 덕양구,오금동,오금동,6211,3083,3128,6240,3098,3142,29,15,14
4128111100,2024-01-31,경기도,고양시 덕양구,삼송동,삼송동,22461,10541,11920,22498,10533,11965,37,-8,45
4128111200,2024-01-31,경기도,고양시 덕양구,동산동,동산동,21445,10412,11033,21431,10402,11029,-14,-10,-4
4128111300,2024-01-31,경기도,고양시 덕양구,용두동,용두동,1868,1038,830,1838,1024,814,-30,-14,-16
4128111400,2024-01-31,경기도,고양시 덕양구,벽제동,벽제동,2126,1145,981,2130,1144,986,4,-1,5
4128111500,2024-01-31,경기도,고양시 덕양구,선유동,선유동,521,272,249,518,272,246,-3,0,-3
4128111600,2024-01-31,경기도,고양시 덕양구,고양동,고양동,23695,11797,11898,23630,11757,11873,-65,-40,-25
4128111700,2024-01-31,경기도,고양시 덕양구,대자동,대자동,2699,1428,1271,2687,1426,1261,-12,-2,-10
4128111800,2024-01-31,경기도,고양시 덕양구,관산동,관산동,18326,9224,9102,18267,9201,9066,-59,-23,-36
4128111900,2024-01-31,경기도,고양시 덕양구,내유동,내유동,16115,8188,7927,16057,8169,7888,-58,-19,-39
4128112000,2024-01-31,경기도,고양시 덕양구,토당동,토당동,30294,15729,14565,29889,15529,14360,-405,-200,-205
4128112100,2024-01-31,경기도,고양시 덕양구,내곡동,내곡동,1016,541,475,1017,541,476,1,0,1
4128112200,2024-01-31,경기도,고양시 덕양구,대장동,대장동,1879,996,883,1872,994,878,-7,-2,-5
4128112300,2024-01-31,경기도,고양시 덕양구,화정동,화정동,67448,32574,34874,67366,32556,34810,-82,-18,-64
4128112400,2024-01-31,경기도,고양시 덕양구,강매동,강매동,505,290,215,513,293,220,8,3,5
4128112500,2024-01-31,경기도,고양시 덕양구,행주내동,행주내동,736,401,335,740,403,337,4,2,2
4128112600,2024-01-31,경기도,고양시 덕양구,행주외동,행주외동,464,241,223,465,242,223,1,1,0
4128112700,2024-01-31,경기도,고양시 덕양구,신평동,신평동,135,69,66,135,69,66,0,0,0
4128112800,2024-01-31,경기도,고양시 덕양구,행신동,행신동,93400,45438,47962,93219,45312,47907,-181,-126,-55
4128112900,2024-01-31,경기도,고양시 덕양구,화전동,화전동,4245,2406,1839,4241,2400,1841,-4,-6,2
4128113000,2024-01-31,경기도,고양시 덕양구,현천동,현천동,1278,727,551,1275,725,550,-3,-2,-1
4128113100,2024-01-31,경기도,고양시 덕양구,덕은동,덕은동,15586,7763,7823,15704,7835,7869,118,72,46
4128113200,2024-01-31,경기도,고양시 덕양구,향동동,향동동,22852,11142,11710,22824,11135,11689,-28,-7,-21
4128510100,2024-01-31,경기도,고양시 일산동구,식사동,식사동,40820,19824,20996,40819,19843,20976,-1,19,-20
4128510200,2024-01-31,경기도,고양시 일산동구,중산동,중산동,44562,21485,23077,44537,21466,23071,-25,-19,-6
4128510300,2024-01-31,경기도,고양시 일산동구,정발산동,정발산동,21917,10565,11352,21939,10569,11370,22,4,18
4128510400,2024-01-31,경기도,고양시 일산동구,장항동,장항동,37114,18253,18861,37161,18271,18890,47,18,29
4128510500,2024-01-31,경기도,고양시 일산동구,마두동,마두동,38583,18328,20255,38587,18305,20282,4,-23,27
4128510600,2024-01-31,경기도,고양시 일산동구,백석동,백석동,49425,23536,25889,49384,23537,25847,-41,1,-42
4128510700,2024-01-31,경기도,고양시 일산동구,풍동,풍동,36636,17535,19101,36572,17521,19051,-64,-14,-50
4128510800,2024-01-31,경기도,고양시 일산동구,산황동,산황동,526,272,254,524,268,256,-2,-4,2
4128510900,2024-01-31,경기도,고양시 일산동구,사리현동,사리현동,6416,3333,3083,6401,3321,3080,-15,-12,-3
4128511000,2024-01-31,경기도,고양시 일산동구,지영동,지영동,782,462,320,781,462,319,-1,0,-1
4128511100,2024-01-31,경기도,고양시 일산동구,설문동,설문동,2752,1449,1303,2743,1448,1295,-9,-1,-8
4128511200,2024-01-31,경기도,고양시 일산동구,문봉동,문봉동,1982,1058,924,1983,1059,924,1,1,0
4128511300,2024-01-31,경기도,고양시 일산동구,성석동,성석동,10082,5246,4836,10060,5226,4834,-22,-20,-2
4128710100,2024-01-31,경기도,고양시 일산서구,일산동,일산동,78731,38194,40537,78601,38136,40465,-130,-58,-72
4128710200,2024-01-31,경기도,고양시 일산서구,주엽동,주엽동,54125,25310,28815,54070,25275,28795,-55,-35,-20
4128710300,2024-01-31,경기도,고양시 일산서구,탄현동,탄현동,49310,23996,25314,49285,23988,25297,-25,-8,-17
4128710400,2024-01-31,경기도,고양시 일산서구,대화동,대화동,53843,26351,27492,53874,26368,27506,31,17,14
4128710500,2024-01-31,경기도,고양시 일산서구,덕이동,덕이동,30777,15109,15668,30700,15067,15633,-77,-42,-35
4128710600,2024-01-31,경기도,고양시 일산서구,가좌동,가좌동,16966,8310,8656,16966,8300,8666,0,-10,10
4128710700,2024-01-31,경기도,고양시 일산서구,구산동,구산동,1817,998,819,1814,994,820,-3,-4,1
4128710800,2024-01-31,경기도,고양시 일산서구,법곳동,법곳동,1303,691,612,1290,684,606,-13,-7,-6
4129010100,2024-01-31,경기도,과천시,관문동,관문동,88,48,40,88,48,40,0,0,0
4129010200,2024-01-31,경기도,과천시,문원동,문원동,6744,3281,3463,6731,3274,3457,-13,-7,-6
4129010300,2024-01-31,경기도,과천시,갈현동,갈현동,12478,6172,6306,12637,6238,6399,159,66,93
4129010400,2024-01-31,경기도,과천시,막계동,막계동,105,56,49,109,58,51,4,2,2
4129010500,2024-01-31,경기도,과천시,과천동,과천동,5217,2651,2566,5219,2652,2567,2,1,1
4129010600,2024-01-31,경기도,과천시,주암동,주암동,1450,773,677,1401,744,657,-49,-29,-20
4129010700,2024-01-31,경기도,과천시,중앙동,중앙동,11255,5416,5839,11235,5421,5814,-20,5,-25
4129010800,2024-01-31,경기도,과천시,원문동,원문동,14346,6907,7439,14349,6896,7453,3,-11,14
4129010900,2024-01-31,경기도,과천시,별양동,별양동,16310,8023,8287,16311,8010,8301,1,-13,14
4129011000,2024-01-31,경기도,과천시,부림동,부림동,13007,6360,6647,12991,6344,6647,-16,-16,0
4131010100,2024-01-31,경기도,구리시,갈매동,갈매동,30205,14853,15352,30171,14833,15338,-34,-20,-14
4131010200,2024-01-31,경기도,구리시,사노동,사노동,1104,605,499,1099,605,494,-5,0,-5
4131010300,2024-01-31,경기도,구리시,인창동,인창동,57616,28133,29483,57548,28070,29478,-68,-63,-5
4131010400,2024-01-31,경기도,구리시,교문동,교문동,37499,18636,18863,37409,18595,18814,-90,-41,-49
4131010500,2024-01-31,경기도,구리시,수택동,수택동,45993,22712,23281,45944,22679,23265,-49,-33,-16
4131010600,2024-01-31,경기도,구리시,아천동,아천동,1773,856,917,1779,863,916,6,7,-1
4131010700,2024-01-31,경기도,구리시,토평동,토평동,12903,6764,6139,12896,6761,6135,-7,-3,-4
4136010100,2024-01-31,경기도,남양주시,호평동,호평동,56341,27494,28847,56283,27476,28807,-58,-18,-40
4136010200,2024-01-31,경기도,남양주시,평내동,평내동,37869,18565,19304,37832,18540,19292,-37,-25,-12
4136010300,2024-01-31,경기도,남양주시,금곡동,금곡동,17703,9047,8656,17634,9015,8619,-69,-32,-37
4136010400,2024-01-31,경기도,남양주시,일패동,일패동,1589,944,645,1543,918,625,-46,-26,-20
4136010500,2024-01-31,경기도,남양주시,이패동,이패동,844,517,327,841,514,327,-3,-3,0
4136010600,2024-01-31,경기도,남양주시,삼패동,삼패동,478,272,206,473,268,205,-5,-4,-1
4136010800,2024-01-31,경기도,남양주시,수석동,수석동,383,223,160,372,214,158,-11,-9,-2
4136010900,2024-01-31,경기도,남양주시,지금동,지금동,3,2,1,3,2,1,0,0,0
4136011000,2024-01-31,경기도,남양주시,도농동,도농동,3,2,1,3,2,1,0,0,0
4136011100,2024-01-31,경기도,남양주시,별내동,별내동,80391,39004,41387,81354,39489,41865,963,485,478
4136011200,2024-01-31,경기도,남양주시,다산동,다산동,137586,67264,70322,137529,67220,70309,-57,-44,-13
4136025021,2024-01-31,경기도,남양주시,와부읍,덕소리,36305,17642,18663,36440,17716,18724,135,74,61
4136025022,2024-01-31,경기도,남양주시,와부읍,도곡리,17948,8782,9166,17938,8766,9172,-10,-16,6
4136025023,2024-01-31,경기도,남양주시,와부읍,팔당리,604,345,259,610,347,263,6,2,4
4136025024,2024-01-31,경기도,남양주시,와부읍,월문리,1928,1093,835,1936,1090,846,8,-3,11
4136025025,2024-01-31,경기도,남양주시,와부읍,율석리,801,447,354,802,447,355,1,0,1
4136025321,2024-01-31,경기도,남양주시,진접읍,장현리,27447,13645,13802,27400,13612,13788,-47,-33,-14
4136025322,2024-01-31,경기도,남양주시,진접읍,내각리,6909,3606,3303,6893,3602,3291,-16,-4,-12
4136025323,2024-01-31,경기도,남양주시,진접읍,내곡리,943,539,404,934,535,399,-9,-4,-5
4136025324,2024-01-31,경기도,남양주시,진접읍,연평리,2605,1364,1241,2579,1352,1227,-26,-12,-14
4136025325,2024-01-31,경기도,남양주시,진접읍,부평리,15199,7661,7538,15183,7652,7531,-16,-9,-7
4136025326,2024-01-31,경기도,남양주시,진접읍,팔야리,2495,1356,1139,2482,1354,1128,-13,-2,-11
4136025327,2024-01-31,경기도,남양주시,진접읍,진벌리,3177,1691,1486,3173,1689,1484,-4,-2,-2
4136025328,2024-01-31,경기도,남양주시,진접읍,금곡리,37235,18411,18824,37249,18423,18826,14,12,2
4136025621,2024-01-31,경기도,남양주시,화도읍,마석우리,23267,11670,11597,23248,11656,11592,-19,-14,-5
4136025622,2024-01-31,경기도,남양주시,화도읍,묵현리,35034,17313,17721,35001,17285,17716,-33,-28,-5
4136025623,2024-01-31,경기도,남양주시,화도읍,가곡리,6412,3233,3179,6389,3229,3160,-23,-4,-19
4136025624,2024-01-31,경기도,남양주시,화도읍,구암리,848,448,400,840,440,400,-8,-8,0
4136025625,2024-01-31,경기도,남양주시,화도읍,금남리,1318,707,611,1309,716,593,-9,9,-18
4136025626,2024-01-31,경기도,남양주시,화도읍,답내리,3220,1625,1595,3213,1621,1592,-7,-4,-3
4136025627,2024-01-31,경기도,남양주시,화도읍,월산리,8147,4033,4114,8106,4008,4098,-41,-25,-16
4136025628,2024-01-31,경기도,남양주시,화도읍,창현리,18528,9190,9338,18518,9190,9328,-10,0,-10
4136025629,2024-01-31,경기도,남양주시,화도읍,녹촌리,13099,6528,6571,13062,6516,6546,-37,-12,-25
4136025630,2024-01-31,경기도,남양주시,화도읍,차산리,4251,2238,2013,4239,2229,2010,-12,-9,-3
4136025921,2024-01-31,경기도,남양주시,진건읍,사능리,2686,1428,1258,2703,1436,1267,17,8,9
4136025922,2024-01-31,경기도,남양주시,진건읍,배양리,687,381,306,692,384,308,5,3,2
4136025923,2024-01-31,경기도,남양주시,진건읍,진관리,1671,918,753,1644,905,739,-27,-13,-14
4136025924,2024-01-31,경기도,남양주시,진건읍,신월리,1217,639,578,1207,632,575,-10,-7,-3
4136025925,2024-01-31,경기도,남양주시,진건읍,용정리,12839,6533,6306,12798,6512,6286,-41,-21,-20
4136025926,2024-01-31,경기도,남양주시,진건읍,송능리,1879,988,891,1880,990,890,1,2,-1
4136026200,2024-01-31,경기도,남양주시,오남읍,오남읍,1,0,1,0,0,0,-1,0,-1
4136026221,2024-01-31,경기도,남양주시,오남읍,양지리,16724,8380,8344,16684,8363,8321,-40,-17,-23
4136026222,2024-01-31,경기도,남양주시,오남읍,팔현리,553,297,256,551,297,254,-2,0,-2
4136026223,2024-01-31,경기도,남양주시,오남읍,오남리,34451,17220,17231,34410,17190,17220,-41,-30,-11
4136026521,2024-01-31,경기도,남양주시,퇴계원읍,퇴계원리,27461,13637,13824,27385,13590,13795,-76,-47,-29
4136031021,2024-01-31,경기도,남양주시,별내면,청학리,17427,8653,8774,17401,8656,8745,-26,3,-29
4136031022,2024-01-31,경기도,남양주시,별내면,용암리,389,204,185,390,207,183,1,3,-2
4136031023,2024-01-31,경기도,남양주시,별내면,광전리,689,381,308,690,379,311,1,-2,3
4136034021,2024-01-31,경기도,남양주시,수동면,운수리,1573,804,769,1563,797,766,-10,-7,-3
4136034022,2024-01-31,경기도,남양주시,수동면,지둔리,685,349,336,686,351,335,1,2,-1
4136034023,2024-01-31,경기도,남양주시,수동면,수산리,741,366,375,749,370,379,8,4,4
4136034024,2024-01-31,경기도,남양주시,수동면,내방리,990,489,501,988,493,495,-2,4,-6
4136034025,2024-01-31,경기도,남양주시,수동면,외방리,1447,778,669,1416,760,656,-31,-18,-13
4136034026,2024-01-31,경기도,남양주시,수동면,입석리,2200,1198,1002,2195,1189,1006,-5,-9,4
4136034027,2024-01-31,경기도,남양주시,수동면,송천리,1171,649,522,1173,650,523,2,1,1
4136036021,2024-01-31,경기도,남양주시,조안면,능내리,859,450,409,858,447,411,-1,-3,2
4136036022,2024-01-31,경기도,남양주시,조안면,조안리,536,289,247,538,289,249,2,0,2
4136036023,2024-01-31,경기도,남양주시,조안면,진중리,442,239,203,440,236,204,-2,-3,1
4136036024,2024-01-31,경기도,남양주시,조안면,송촌리,718,358,360,712,356,356,-6,-2,-4
4136036025,2024-01-31,경기도,남양주시,조안면,삼봉리,873,429,444,860,428,432,-13,-1,-12
4136036026,2024-01-31,경기도,남양주시,조안면,시우리,446,232,214,448,235,213,2,3,-1
4137010100,2024-01-31,경기도,오산시,오산동,오산동,18674,9765,8909,18586,9712,8874,-88,-53,-35
4137010200,2024-01-31,경기도,오산시,부산동,부산동,20226,10062,10164,20218,10060,10158,-8,-2,-6
4137010300,2024-01-31,경기도,오산시,원동,원동,39233,20329,18904,39216,20310,18906,-17,-19,2
4137010400,2024-01-31,경기도,오산시,궐동,궐동,20669,12170,8499,20595,12127,8468,-74,-43,-31
4137010500,2024-01-31,경기도,오산시,청학동,청학동,3090,1784,1306,3108,1796,1312,18,12,6
4137010600,2024-01-31,경기도,오산시,가장동,가장동,492,306,186,492,305,187,0,-1,1
4137010700,2024-01-31,경기도,오산시,금암동,금암동,22385,10827,11558,22197,10745,11452,-188,-82,-106
4137010800,2024-01-31,경기도,오산시,수청동,수청동,16440,8370,8070,16425,8371,8054,-15,1,-16
4137010900,2024-01-31,경기도,오산시,은계동,은계동,4613,2490,2123,4584,2476,2108,-29,-14,-15
4137011000,2024-01-31,경기도,오산시,내삼미동,내삼미동,12486,6601,5885,12429,6578,5851,-57,-23,-34
4137011100,2024-01-31,경기도,오산시,외삼미동,외삼미동,7787,3979,3808,7773,3968,3805,-14,-11,-3
4137011200,2024-01-31,경기도,오산시,양산동,양산동,9814,5097,4717,9791,5083,4708,-23,-14,-9
4137011300,2024-01-31,경기도,오산시,세교동,세교동,8165,4183,3982,8160,4197,3963,-5,14,-19
4137011400,2024-01-31,경기도,오산시,지곶동,지곶동,5771,2967,2804,5722,2939,2783,-49,-28,-21
4137011500,2024-01-31,경기도,오산시,서랑동,서랑동,226,133,93,227,134,93,1,1,0
4137011600,2024-01-31,경기도,오산시,서동,서동,3952,2010,1942,5149,2648,2501,1197,638,559
4137011700,2024-01-31,경기도,오산시,벌음동,벌음동,156,100,56,165,106,59,9,6,3
4137011800,2024-01-31,경기도,오산시,두곡동,두곡동,193,107,86,197,108,89,4,1,3
4137011900,2024-01-31,경기도,오산시,탑동,탑동,1254,652,602,1260,652,608,6,0,6
4137012000,2024-01-31,경기도,오산시,누읍동,누읍동,5897,3034,2863,5845,2998,2847,-52,-36,-16
4137012100,2024-01-31,경기도,오산시,가수동,가수동,5078,2678,2400,5048,2664,2384,-30,-14,-16
4137012200,2024-01-31,경기도,오산시,고현동,고현동,3854,2192,1662,3857,2193,1664,3,1,2
4137012300,2024-01-31,경기도,오산시,청호동,청호동,7469,3862,3607,7405,3831,3574,-64,-31,-33
4137012400,2024-01-31,경기도,오산시,갈곶동,갈곶동,11732,6024,5708,11659,5983,5676,-73,-41,-32
4139010100,2024-01-31,경기도,시흥시,대야동,대야동,41916,21129,20787,41860,21085,20775,-56,-44,-12
4139010200,2024-01-31,경기도,시흥시,신천동,신천동,33845,17444,16401,33788,17397,16391,-57,-47,-10
4139010300,2024-01-31,경기도,시흥시,방산동,방산동,464,288,176,463,287,176,-1,-1,0
4139010400,2024-01-31,경기도,시흥시,포동,포동,5451,2790,2661,5432,2779,2653,-19,-11,-8
4139010500,2024-01-31,경기도,시흥시,미산동,미산동,3348,1801,1547,3352,1801,1551,4,0,4
4139010600,2024-01-31,경기도,시흥시,은행동,은행동,54766,27209,27557,54694,27191,27503,-72,-18,-54
4139010700,2024-01-31,경기도,시흥시,안현동,안현동,381,222,159,374,217,157,-7,-5,-2
4139010800,2024-01-31,경기도,시흥시,매화동,매화동,8227,4278,3949,8211,4270,3941,-16,-8,-8
4139010900,2024-01-31,경기도,시흥시,도창동,도창동,3047,1620,1427,3068,1632,1436,21,12,9
4139011000,2024-01-31,경기도,시흥시,금이동,금이동,275,175,100,277,176,101,2,1,1
4139011200,2024-01-31,경기도,시흥시,과림동,과림동,1297,793,504,1296,791,505,-1,-2,1
4139011300,2024-01-31,경기도,시흥시,계수동,계수동,561,334,227,560,336,224,-1,2,-3
4139011700,2024-01-31,경기도,시흥시,화정동,화정동,68,40,28,68,40,28,0,0,0
4139011800,2024-01-31,경기도,시흥시,능곡동,능곡동,20322,10025,10297,20296,9999,10297,-26,-26,0
4139011900,2024-01-31,경기도,시흥시,하중동,하중동,8177,4250,3927,8175,4240,3935,-2,-10,8
4139012000,2024-01-31,경기도,시흥시,하상동,하상동,7336,3712,3624,7353,3714,3639,17,2,15
4139012100,2024-01-31,경기도,시흥시,광석동,광석동,1375,709,666,1385,712,673,10,3,7
4139012200,2024-01-31,경기도,시흥시,물왕동,물왕동,210,111,99,209,111,98,-1,0,-1
4139012300,2024-01-31,경기도,시흥시,산현동,산현동,8807,4417,4390,8808,4418,4390,1,1,0
4139012400,2024-01-31,경기도,시흥시,조남동,조남동,24555,12385,12170,24531,12357,12174,-24,-28,4
4139012500,2024-01-31,경기도,시흥시,논곡동,논곡동,3854,2032,1822,3849,2023,1826,-5,-9,4
4139012600,2024-01-31,경기도,시흥시,목감동,목감동,3860,1938,1922,3840,1934,1906,-20,-4,-16
4139012700,2024-01-31,경기도,시흥시,거모동,거모동,21395,11124,10271,21544,11207,10337,149,83,66
4139012800,2024-01-31,경기도,시흥시,군자동,군자동,3746,1917,1829,3737,1913,1824,-9,-4,-5
4139012900,2024-01-31,경기도,시흥시,장현동,장현동,22112,11147,10965,22089,11122,10967,-23,-25,2
4139013000,2024-01-31,경기도,시흥시,장곡동,장곡동,31192,15722,15470,31364,15798,15566,172,76,96
4139013100,2024-01-31,경기도,시흥시,월곶동,월곶동,17301,9038,8263,17279,9044,8235,-22,6,-28
4139013200,2024-01-31,경기도,시흥시,정왕동,정왕동,115336,65412,49924,115018,65211,49807,-318,-201,-117
4139013300,2024-01-31,경기도,시흥시,죽율동,죽율동,5245,2691,2554,5231,2686,2545,-14,-5,-9
4139013400,2024-01-31,경기도,시흥시,무지내동,무지내동,509,320,189,508,318,190,-1,-2,1
4139013500,2024-01-31,경기도,시흥시,배곧동,배곧동,70737,36163,34574,70647,36102,34545,-90,-61,-29
4141010100,2024-01-31,경기도,군포시,당동,당동,53305,27024,26281,53140,26928,26212,-165,-96,-69
4141010200,2024-01-31,경기도,군포시,당정동,당정동,13750,7237,6513,13737,7242,6495,-13,5,-18
4141010300,2024-01-31,경기도,군포시,부곡동,부곡동,15944,7809,8135,15929,7814,8115,-15,5,-20
4141010400,2024-01-31,경기도,군포시,산본동,산본동,106753,52072,54681,106528,51961,54567,-225,-111,-114
4141010500,2024-01-31,경기도,군포시,금정동,금정동,50489,24927,25562,50377,24857,25520,-112,-70,-42
4141010600,2024-01-31,경기도,군포시,둔대동,둔대동,149,76,73,149,76,73,0,0,0
4141010700,2024-01-31,경기도,군포시,속달동,속달동,304,171,133,306,172,134,2,1,1
4141010800,2024-01-31,경기도,군포시,대야미동,대야미동,8866,4392,4474,8864,4388,4476,-2,-4,2
4141010900,2024-01-31,경기도,군포시,도마교동,도마교동,11669,5865,5804,11663,5857,5806,-6,-8,2
4143010100,2024-01-31,경기도,의왕시,고천동,고천동,5186,2698,2488,5212,2709,2503,26,11,15
4143010200,2024-01-31,경기도,의왕시,이동,이동,1208,827,381,1210,826,384,2,-1,3
4143010300,2024-01-31,경기도,의왕시,삼동,삼동,24439,12090,12349,24415,12084,12331,-24,-6,-18
4143010400,2024-01-31,경기도,의왕시,왕곡동,왕곡동,7281,3610,3671,7298,3614,3684,17,4,13
4143010500,2024-01-31,경기도,의왕시,오전동,오전동,38264,19067,19197,37741,18823,18918,-523,-244,-279
4143010600,2024-01-31,경기도,의왕시,학의동,학의동,11502,5686,5816,11436,5651,5785,-66,-35,-31
4143010700,2024-01-31,경기도,의왕시,내손동,내손동,35456,17407,18049,35297,17328,17969,-159,-79,-80
4143010800,2024-01-31,경기도,의왕시,청계동,청계동,7572,3733,3839,7551,3723,3828,-21,-10,-11
4143010900,2024-01-31,경기도,의왕시,포일동,포일동,24645,11991,12654,24560,11942,12618,-85,-49,-36
4143011000,2024-01-31,경기도,의왕시,월암동,월암동,626,342,284,622,339,283,-4,-3,-1
4143011100,2024-01-31,경기도,의왕시,초평동,초평동,2691,1378,1313,2879,1477,1402,188,99,89
4145010100,2024-01-31,경기도,하남시,천현동,천현동,2170,1238,932,2136,1218,918,-34,-20,-14
4145010200,2024-01-31,경기도,하남시,하산곡동,하산곡동,2205,1169,1036,2189,1155,1034,-16,-14,-2
4145010300,2024-01-31,경기도,하남시,창우동,창우동,15286,7506,7780,15276,7507,7769,-10,1,-11
4145010400,2024-01-31,경기도,하남시,배알미동,배알미동,96,55,41,98,56,42,2,1,1
4145010500,2024-01-31,경기도,하남시,상산곡동,상산곡동,1175,650,525,1170,650,520,-5,0,-5
4145010600,2024-01-31,경기도,하남시,신장동,신장동,38167,19069,19098,38160,19095,19065,-7,26,-33
4145010800,2024-01-31,경기도,하남시,덕풍동,덕풍동,57601,28831,28770,57454,28729,28725,-147,-102,-45
4145010900,2024-01-31,경기도,하남시,망월동,망월동,79768,39143,40625,79814,39158,40656,46,15,31
4145011000,2024-01-31,경기도,하남시,풍산동,풍산동,29849,14725,15124,29875,14744,15131,26,19,7
4145011100,2024-01-31,경기도,하남시,미사동,미사동,858,466,392,855,465,390,-3,-1,-2
4145011200,2024-01-31,경기도,하남시,선동,선동,20204,9878,10326,20174,9872,10302,-30,-6,-24
4145011300,2024-01-31,경기도,하남시,감북동,감북동,2419,1349,1070,2427,1356,1071,8,7,1
4145011400,2024-01-31,경기도,하남시,감일동,감일동,10405,5246,5159,10415,5247,5168,10,1,9
4145011500,2024-01-31,경기도,하남시,감이동,감이동,29445,14636,14809,29513,14670,14843,68,34,34
4145011600,2024-01-31,경기도,하남시,학암동,학암동,34948,17189,17759,34986,17206,17780,38,17,21
4145011700,2024-01-31,경기도,하남시,교산동,교산동,291,176,115,281,169,112,-10,-7,-3
4145011800,2024-01-31,경기도,하남시,춘궁동,춘궁동,742,444,298,718,429,289,-24,-15,-9
4145011900,2024-01-31,경기도,하남시,하사창동,하사창동,307,188,119,297,184,113,-10,-4,-6
4145012000,2024-01-31,경기도,하남시,상사창동,상사창동,292,181,111,255,161,94,-37,-20,-17
4145012100,2024-01-31,경기도,하남시,항동,항동,221,141,80,208,134,74,-13,-7,-6
4145012200,2024-01-31,경기도,하남시,초일동,초일동,1126,614,512,1118,609,509,-8,-5,-3
4145012300,2024-01-31,경기도,하남시,초이동,초이동,1739,1002,737,1728,998,730,-11,-4,-7
4145012400,2024-01-31,경기도,하남시,광암동,광암동,547,306,241,541,302,239,-6,-4,-2
4146110100,2024-01-31,경기도,용인시 처인구,김량장동,김량장동,19801,9843,9958,19754,9821,9933,-47,-22,-25
4146110200,2024-01-31,경기도,용인시 처인구,역북동,역북동,35463,17863,17600,35449,17855,17594,-14,-8,-6
4146110300,2024-01-31,경기도,용인시 처인구,삼가동,삼가동,12359,6115,6244,12325,6098,6227,-34,-17,-17
4146110400,2024-01-31,경기도,용인시 처인구,남동,남동,5047,2816,2231,5038,2803,2235,-9,-13,4
4146110500,2024-01-31,경기도,용인시 처인구,유방동,유방동,12031,6040,5991,11995,6023,5972,-36,-17,-19
4146110600,2024-01-31,경기도,용인시 처인구,고림동,고림동,25102,12760,12342,26052,13256,12796,950,496,454
4146110700,2024-01-31,경기도,용인시 처인구,마평동,마평동,10592,5414,5178,10588,5414,5174,-4,0,-4
4146110800,2024-01-31,경기도,용인시 처인구,운학동,운학동,1287,698,589,1266,685,581,-21,-13,-8
4146110900,2024-01-31,경기도,용인시 처인구,호동,호동,671,346,325,663,341,322,-8,-5,-3
4146111000,2024-01-31,경기도,용인시 처인구,해곡동,해곡동,216,111,105,215,108,107,-1,-3,2
4146125021,2024-01-31,경기도,용인시 처인구,포곡읍,삼계리,6677,3356,3321,6665,3349,3316,-12,-7,-5
4146125022,2024-01-31,경기도,용인시 처인구,포곡읍,금어리,1260,723,537,1237,703,534,-23,-20,-3
4146125023,2024-01-31,경기도,용인시 처인구,포곡읍,둔전리,15163,7720,7443,15073,7676,7397,-90,-44,-46
4146125024,2024-01-31,경기도,용인시 처인구,포곡읍,영문리,1828,929,899,1832,932,900,4,3,1
4146125025,2024-01-31,경기도,용인시 처인구,포곡읍,마성리,872,448,424,877,454,423,5,6,-1
4146125026,2024-01-31,경기도,용인시 처인구,포곡읍,가실리,3,3,0,3,3,0,0,0,0
4146125027,2024-01-31,경기도,용인시 처인구,포곡읍,전대리,6220,3318,2902,6177,3300,2877,-43,-18,-25
4146125028,2024-01-31,경기도,용인시 처인구,포곡읍,유운리,450,256,194,450,256,194,0,0,0
4146125029,2024-01-31,경기도,용인시 처인구,포곡읍,신원리,407,236,171,406,235,171,-1,-1,0
4146125321,2024-01-31,경기도,용인시 처인구,모현읍,왕산리,9091,4766,4325,9036,4739,4297,-55,-27,-28
4146125322,2024-01-31,경기도,용인시 처인구,모현읍,갈담리,1078,598,480,1078,596,482,0,-2,2
4146125323,2024-01-31,경기도,용인시 처인구,모현읍,초부리,1321,741,580,1318,735,583,-3,-6,3
4146125324,2024-01-31,경기도,용인시 처인구,모현읍,일산리,3972,2066,1906,3965,2060,1905,-7,-6,-1
4146125325,2024-01-31,경기도,용인시 처인구,모현읍,매산리,1212,663,549,1207,656,551,-5,-7,2
4146125326,2024-01-31,경기도,용인시 처인구,모현읍,동림리,3701,1929,1772,3676,1913,1763,-25,-16,-9
4146125327,2024-01-31,경기도,용인시 처인구,모현읍,능원리,3718,1898,1820,3701,1884,1817,-17,-14,-3
4146125328,2024-01-31,경기도,용인시 처인구,모현읍,오산리,2194,1095,1099,2207,1101,1106,13,6,7
4146125621,2024-01-31,경기도,용인시 처인구,이동읍,송전리,4258,2269,1989,4248,2266,1982,-10,-3,-7
4146125622,2024-01-31,경기도,용인시 처인구,이동읍,어비리,362,191,171,362,191,171,0,0,0
4146125623,2024-01-31,경기도,용인시 처인구,이동읍,묘봉리,505,271,234,501,269,232,-4,-2,-2
4146125624,2024-01-31,경기도,용인시 처인구,이동읍,화산리,414,238,176,417,240,177,3,2,1
4146125625,2024-01-31,경기도,용인시 처인구,이동읍,시미리,616,345,271,612,341,271,-4,-4,0
4146125626,2024-01-31,경기도,용인시 처인구,이동읍,덕성리,749,400,349,742,396,346,-7,-4,-3
4146125627,2024-01-31,경기도,용인시 처인구,이동읍,묵리,1420,470,950,1419,467,952,-1,-3,2
4146125628,2024-01-31,경기도,용인시 처인구,이동읍,천리,10521,5531,4990,10469,5507,4962,-52,-24,-28
4146125629,2024-01-31,경기도,용인시 처인구,이동읍,서리,1221,622,599,1216,621,595,-5,-1,-4
4146125921,2024-01-31,경기도,용인시 처인구,남사읍,봉무리,1132,587,545,1119,577,542,-13,-10,-3
4146125922,2024-01-31,경기도,용인시 처인구,남사읍,북리,569,320,249,568,318,250,-1,-2,1
4146125923,2024-01-31,경기도,용인시 처인구,남사읍,통삼리,358,209,149,353,205,148,-5,-4,-1
4146125924,2024-01-31,경기도,용인시 처인구,남사읍,봉명리,651,362,289,653,362,291,2,0,2
4146125925,2024-01-31,경기도,용인시 처인구,남사읍,진목리,711,369,342,710,369,341,-1,0,-1
4146125926,2024-01-31,경기도,용인시 처인구,남사읍,원암리,412,249,163,411,251,160,-1,2,-3
4146125927,2024-01-31,경기도,용인시 처인구,남사읍,전궁리,428,232,196,426,228,198,-2,-4,2
4146125928,2024-01-31,경기도,용인시 처인구,남사읍,방아리,802,432,370,807,437,370,5,5,0
4146125929,2024-01-31,경기도,용인시 처인구,남사읍,창리,690,355,335,685,352,333,-5,-3,-2
4146125930,2024-01-31,경기도,용인시 처인구,남사읍,아곡리,6515,3216,3299,6492,3198,3294,-23,-18,-5
4146125931,2024-01-31,경기도,용인시 처인구,남사읍,완장리,11613,5750,5863,11608,5769,5839,-5,19,-24
4146134021,2024-01-31,경기도,용인시 처인구,원삼면,고당리,607,318,289,607,317,290,0,-1,1
4146134022,2024-01-31,경기도,용인시 처인구,원삼면,사암리,1475,762,713,1419,735,684,-56,-27,-29
4146134023,2024-01-31,경기도,용인시 처인구,원삼면,좌항리,1446,738,708,1432,731,701,-14,-7,-7
4146134024,2024-01-31,경기도,용인시 처인구,원삼면,맹리,765,397,368,762,398,364,-3,1,-4
4146134025,2024-01-31,경기도,용인시 처인구,원삼면,미평리,339,186,153,335,184,151,-4,-2,-2
4146134026,2024-01-31,경기도,용인시 처인구,원삼면,두창리,1342,705,637,1335,696,639,-7,-9,2
4146134027,2024-01-31,경기도,용인시 처인구,원삼면,독성리,321,168,153,318,166,152,-3,-2,-1
4146134028,2024-01-31,경기도,용인시 처인구,원삼면,죽능리,481,237,244,473,237,236,-8,0,-8
4146134029,2024-01-31,경기도,용인시 처인구,원삼면,목신리,341,191,150,342,191,151,1,0,1
4146134030,2024-01-31,경기도,용인시 처인구,원삼면,학일리,225,132,93,227,131,96,2,-1,3
4146134031,2024-01-31,경기도,용인시 처인구,원삼면,문촌리,352,200,152,349,199,150,-3,-1,-2
4146134032,2024-01-31,경기도,용인시 처인구,원삼면,가재월리,220,113,107,222,113,109,2,0,2
4146135021,2024-01-31,경기도,용인시 처인구,백암면,백암리,1416,786,630,1393,777,616,-23,-9,-14
4146135022,2024-01-31,경기도,용인시 처인구,백암면,박곡리,703,378,325,702,378,324,-1,0,-1
4146135023,2024-01-31,경기도,용인시 처인구,백암면,백봉리,865,499,366,856,491,365,-9,-8,-1
4146135024,2024-01-31,경기도,용인시 처인구,백암면,고안리,509,280,229,500,276,224,-9,-4,-5
4146135025,2024-01-31,경기도,용인시 처인구,백암면,옥산리,423,229,194,424,229,195,1,0,1
4146135026,2024-01-31,경기도,용인시 처인구,백암면,장평리,367,196,171,367,196,171,0,0,0
4146135027,2024-01-31,경기도,용인시 처인구,백암면,석천리,277,151,126,274,148,126,-3,-3,0
4146135028,2024-01-31,경기도,용인시 처인구,백암면,용천리,521,290,231,520,287,233,-1,-3,2
4146135029,2024-01-31,경기도,용인시 처인구,백암면,근삼리,539,283,256,539,282,257,0,-1,1
4146135030,2024-01-31,경기도,용인시 처인구,백암면,근창리,1263,641,622,1267,642,625,4,1,3
4146135031,2024-01-31,경기도,용인시 처인구,백암면,근곡리,294,153,141,292,151,141,-2,-2,0
4146135032,2024-01-31,경기도,용인시 처인구,백암면,가창리,639,351,288,649,354,295,10,3,7
4146135033,2024-01-31,경기도,용인시 처인구,백암면,가좌리,229,133,96,230,135,95,1,2,-1
4146136021,2024-01-31,경기도,용인시 처인구,양지면,양지리,6021,3151,2870,6069,3180,2889,48,29,19
4146136022,2024-01-31,경기도,용인시 처인구,양지면,남곡리,5873,3252,2621,5850,3235,2615,-23,-17,-6
4146136023,2024-01-31,경기도,용인시 처인구,양지면,평창리,1863,935,928,1837,927,910,-26,-8,-18
4146136024,2024-01-31,경기도,용인시 처인구,양지면,제일리,1782,970,812,1759,951,808,-23,-19,-4
4146136025,2024-01-31,경기도,용인시 처인구,양지면,추계리,548,294,254,550,293,257,2,-1,3
4146136026,2024-01-31,경기도,용인시 처인구,양지면,식금리,396,219,177,381,207,174,-15,-12,-3
4146136027,2024-01-31,경기도,용인시 처인구,양지면,정수리,213,115,98,217,116,101,4,1,3
4146136028,2024-01-31,경기도,용인시 처인구,양지면,대대리,1078,549,529,1086,554,532,8,5,3
4146136029,2024-01-31,경기도,용인시 처인구,양지면,주북리,1263,683,580,1257,673,584,-6,-10,4
4146136030,2024-01-31,경기도,용인시 처인구,양지면,송문리,809,435,374,808,432,376,-1,-3,2
4146310100,2024-01-31,경기도,용인시 기흥구,신갈동,신갈동,37241,18585,18656,37190,18557,18633,-51,-28,-23
4146310200,2024-01-31,경기도,용인시 기흥구,구갈동,구갈동,41015,20573,20442,40924,20552,20372,-91,-21,-70
4146310300,2024-01-31,경기도,용인시 기흥구,상갈동,상갈동,12896,6699,6197,12880,6698,6182,-16,-1,-15
4146310400,2024-01-31,경기도,용인시 기흥구,하갈동,하갈동,4994,2414,2580,4975,2401,2574,-19,-13,-6
4146310500,2024-01-31,경기도,용인시 기흥구,보라동,보라동,28768,14151,14617,28734,14144,14590,-34,-7,-27
4146310600,2024-01-31,경기도,용인시 기흥구,지곡동,지곡동,4138,2077,2061,4140,2080,2060,2,3,-1
4146310700,2024-01-31,경기도,용인시 기흥구,공세동,공세동,16425,8082,8343,16436,8086,8350,11,4,7
4146310800,2024-01-31,경기도,용인시 기흥구,고매동,고매동,4868,2485,2383,4866,2490,2376,-2,5,-7
4146310900,2024-01-31,경기도,용인시 기흥구,농서동,농서동,4175,2348,1827,4136,2323,1813,-39,-25,-14
4146311000,2024-01-31,경기도,용인시 기흥구,서천동,서천동,21065,10553,10512,21011,10518,10493,-54,-35,-19
4146311100,2024-01-31,경기도,용인시 기흥구,영덕동,영덕동,45558,22620,22938,47113,23362,23751,1555,742,813
4146311200,2024-01-31,경기도,용인시 기흥구,언남동,언남동,23491,11421,12070,23467,11396,12071,-24,-25,1
4146311300,2024-01-31,경기도,용인시 기흥구,마북동,마북동,31449,15358,16091,31441,15367,16074,-8,9,-17
4146311400,2024-01-31,경기도,용인시 기흥구,청덕동,청덕동,15812,7505,8307,15799,7513,8286,-13,8,-21
4146311500,2024-01-31,경기도,용인시 기흥구,동백동,동백동,38334,18435,19899,38350,18446,19904,16,11,5
4146311600,2024-01-31,경기도,용인시 기흥구,중동,중동,47481,23174,24307,47410,23134,24276,-71,-40,-31
4146311700,2024-01-31,경기도,용인시 기흥구,상하동,상하동,23620,11467,12153,23589,11468,12121,-31,1,-32
4146311800,2024-01-31,경기도,용인시 기흥구,보정동,보정동,35326,17271,18055,35290,17251,18039,-36,-20,-16
4146510100,2024-01-31,경기도,용인시 수지구,풍덕천동,풍덕천동,76639,37989,38650,76700,38029,38671,61,40,21
4146510200,2024-01-31,경기도,용인시 수지구,죽전동,죽전동,73020,35566,37454,72983,35537,37446,-37,-29,-8
4146510300,2024-01-31,경기도,용인시 수지구,동천동,동천동,46962,23052,23910,46902,23024,23878,-60,-28,-32
4146510400,2024-01-31,경기도,용인시 수지구,고기동,고기동,3831,1932,1899,3829,1928,1901,-2,-4,2
4146510500,2024-01-31,경기도,용인시 수지구,신봉동,신봉동,41317,19928,21389,41339,19924,21415,22,-4,26
4146510600,2024-01-31,경기도,용인시 수지구,성복동,성복동,54696,26324,28372,54725,26339,28386,29,15,14
4146510700,2024-01-31,경기도,용인시 수지구,상현동,상현동,80957,39089,41868,80911,39062,41849,-46,-27,-19
4148010100,2024-01-31,경기도,파주시,금촌동,금촌동,49066,24845,24221,48878,24752,24126,-188,-93,-95
4148010200,2024-01-31,경기도,파주시,아동동,아동동,16099,8194,7905,16018,8158,7860,-81,-36,-45
4148010400,2024-01-31,경기도,파주시,야동동,야동동,4714,2523,2191,4694,2523,2171,-20,0,-20
4148010500,2024-01-31,경기도,파주시,검산동,검산동,4636,2351,2285,4627,2354,2273,-9,3,-12
4148010600,2024-01-31,경기도,파주시,맥금동,맥금동,661,350,311,659,353,306,-2,3,-5
4148010700,2024-01-31,경기도,파주시,교하동,교하동,1229,661,568,1221,660,561,-8,-1,-7
4148010800,2024-01-31,경기도,파주시,야당동,야당동,54732,26761,27971,54720,26763,27957,-12,2,-14
4148010900,2024-01-31,경기도,파주시,다율동,다율동,19059,9483,9576,19694,9801,9893,635,318,317
4148011000,2024-01-31,경기도,파주시,오도동,오도동,475,261,214,480,264,216,5,3,2
4148011100,2024-01-31,경기도,파주시,상지석동,상지석동,6126,3077,3049,6129,3076,3053,3,-1,4
4148011200,2024-01-31,경기도,파주시,산남동,산남동,1448,740,708,1450,740,710,2,0,2
4148011300,2024-01-31,경기도,파주시,동패동,동패동,66369,32773,33596,66250,32745,33505,-119,-28,-91
4148011400,2024-01-31,경기도,파주시,당하동,당하동,3235,1588,1647,4302,2137,2165,1067,549,518
4148011500,2024-01-31,경기도,파주시,문발동,문발동,8918,4566,4352,8857,4538,4319,-61,-28,-33
4148011600,2024-01-31,경기도,파주시,송촌동,송촌동,330,174,156,327,172,155,-3,-2,-1
4148011700,2024-01-31,경기도,파주시,목동동,목동동,66614,32456,34158,68249,33287,34962,1635,831,804
4148011800,2024-01-31,경기도,파주시,하지석동,하지석동,471,235,236,469,234,235,-2,-1,-1
4148011900,2024-01-31,경기도,파주시,서패동,서패동,441,241,200,441,241,200,0,0,0
4148012000,2024-01-31,경기도,파주시,신촌동,신촌동,602,378,224,600,378,222,-2,0,-2
4148012100,2024-01-31,경기도,파주시,연다산동,연다산동,599,323,276,597,321,276,-2,-2,0
4148012200,2024-01-31,경기도,파주시,와동동,와동동,45183,22176,23007,45054,22094,22960,-129,-82,-47
4148012300,2024-01-31,경기도,파주시,금릉동,금릉동,3645,1881,1764,3624,1868,1756,-21,-13,-8
4148025021,2024-01-31,경기도,파주시,문산읍,문산리,8929,4381,4548,8893,4359,4534,-36,-22,-14
4148025022,2024-01-31,경기도,파주시,문산읍,당동리,14850,7522,7328,14760,7483,7277,-90,-39,-51
4148025023,2024-01-31,경기도,파주시,문산읍,선유리,18945,9820,9125,18858,9770,9088,-87,-50,-37
4148025024,2024-01-31,경기도,파주시,문산읍,임진리,220,118,102,220,120,100,0,2,-2
4148025025,2024-01-31,경기도,파주시,문산읍,운천리,971,511,460,971,511,460,0,0,0
4148025026,2024-01-31,경기도,파주시,문산읍,사목리,347,178,169,346,177,169,-1,-1,0
4148025027,2024-01-31,경기도,파주시,문산읍,마정리,653,343,310,657,347,310,4,4,0
4148025028,2024-01-31,경기도,파주시,문산읍,장산리,272,146,126,272,145,127,0,-1,1
4148025029,2024-01-31,경기도,파주시,문산읍,내포리,1105,752,353,1096,746,350,-9,-6,-3
4148025030,2024-01-31,경기도,파주시,문산읍,이천리,607,370,237,604,370,234,-3,0,-3
4148025321,2024-01-31,경기도,파주시,파주읍,봉서리,2781,1412,1369,2781,1406,1375,0,-6,6
4148025322,2024-01-31,경기도,파주시,파주읍,향양리,907,500,407,910,500,410,3,0,3
4148025323,2024-01-31,경기도,파주시,파주읍,부곡리,400,212,188,397,210,187,-3,-2,-1
4148025324,2024-01-31,경기도,파주시,파주읍,봉암리,1141,638,503,1140,639,501,-1,1,-2
4148025325,2024-01-31,경기도,파주시,파주읍,백석리,656,377,279,652,376,276,-4,-1,-3
4148025326,2024-01-31,경기도,파주시,파주읍,파주리,3376,1746,1630,3366,1745,1621,-10,-1,-9
4148025327,2024-01-31,경기도,파주시,파주읍,연풍리,4850,2610,2240,4838,2594,2244,-12,-16,4
4148025621,2024-01-31,경기도,파주시,법원읍,오현리,7,6,1,7,6,1,0,0,0
4148025622,2024-01-31,경기도,파주시,법원읍,법원리,3670,1967,1703,3656,1952,1704,-14,-15,1
4148025623,2024-01-31,경기도,파주시,법원읍,가야리,1690,867,823,1685,859,826,-5,-8,3
4148025624,2024-01-31,경기도,파주시,법원읍,동문리,378,215,163,378,215,163,0,0,0
4148025625,2024-01-31,경기도,파주시,법원읍,대능리,1855,953,902,1857,954,903,2,1,1
4148025626,2024-01-31,경기도,파주시,법원읍,삼방리,405,217,188,404,217,187,-1,0,-1
4148025627,2024-01-31,경기도,파주시,법원읍,갈곡리,416,227,189,413,225,188,-3,-2,-1
4148025628,2024-01-31,경기도,파주시,법원읍,직천리,164,89,75,169,92,77,5,3,2
4148025629,2024-01-31,경기도,파주시,법원읍,웅담리,627,352,275,616,344,272,-11,-8,-3
4148025630,2024-01-31,경기도,파주시,법원읍,금곡리,644,358,286,645,357,288,1,-1,2
4148026221,2024-01-31,경기도,파주시,조리읍,봉일천리,12656,6317,6339,12624,6293,6331,-32,-24,-8
4148026222,2024-01-31,경기도,파주시,조리읍,뇌조리,752,434,318,758,435,323,6,1,5
4148026223,2024-01-31,경기도,파주시,조리읍,등원리,1091,607,484,1081,604,477,-10,-3,-7
4148026224,2024-01-31,경기도,파주시,조리읍,장곡리,1675,875,800,1671,875,796,-4,0,-4
4148026225,2024-01-31,경기도,파주시,조리읍,오산리,1065,615,450,1047,603,444,-18,-12,-6
4148026226,2024-01-31,경기도,파주시,조리읍,능안리,629,354,275,624,351,273,-5,-3,-2
4148026227,2024-01-31,경기도,파주시,조리읍,대원리,10508,5163,5345,10463,5138,5325,-45,-25,-20
4148031000,2024-01-31,경기도,파주시,월롱면,월롱면,4,3,1,0,0,0,-4,-3,-1
4148031021,2024-01-31,경기도,파주시,월롱면,위전리,1024,542,482,1023,544,479,-1,2,-3
4148031022,2024-01-31,경기도,파주시,월롱면,도내리,557,303,254,562,304,258,5,1,4
4148031023,2024-01-31,경기도,파주시,월롱면,덕은리,4953,3721,1232,4914,3685,1229,-39,-36,-3
4148031024,2024-01-31,경기도,파주시,월롱면,능산리,271,163,108,264,160,104,-7,-3,-4
4148031025,2024-01-31,경기도,파주시,월롱면,영태리,1946,1067,879,1942,1070,872,-4,3,-7
4148032021,2024-01-31,경기도,파주시,탄현면,성동리,417,219,198,416,220,196,-1,1,-2
4148032022,2024-01-31,경기도,파주시,탄현면,법흥리,8268,4431,3837,8249,4417,3832,-19,-14,-5
4148032023,2024-01-31,경기도,파주시,탄현면,갈현리,814,441,373,813,440,373,-1,-1,0
4148032024,2024-01-31,경기도,파주시,탄현면,문지리,257,158,99,259,158,101,2,0,2
4148032025,2024-01-31,경기도,파주시,탄현면,대동리,510,280,230,518,282,236,8,2,6
4148032026,2024-01-31,경기도,파주시,탄현면,만우리,250,127,123,250,127,123,0,0,0
4148032027,2024-01-31,경기도,파주시,탄현면,축현리,1059,627,432,1056,620,436,-3,-7,4
4148032028,2024-01-31,경기도,파주시,탄현면,금승리,477,301,176,485,304,181,8,3,5
4148032029,2024-01-31,경기도,파주시,탄현면,오금리,501,267,234,499,265,234,-2,-2,0
4148032030,2024-01-31,경기도,파주시,탄현면,낙하리,270,157,113,267,154,113,-3,-3,0
4148032031,2024-01-31,경기도,파주시,탄현면,금산리,240,128,112,240,129,111,0,1,-1
4148035021,2024-01-31,경기도,파주시,광탄면,분수리,853,499,354,844,493,351,-9,-6,-3
4148035022,2024-01-31,경기도,파주시,광탄면,방축리,509,289,220,508,287,221,-1,-2,1
4148035023,2024-01-31,경기도,파주시,광탄면,마장리,997,530,467,972,515,457,-25,-15,-10
4148035024,2024-01-31,경기도,파주시,광탄면,발랑리,501,276,225,495,273,222,-6,-3,-3
4148035025,2024-01-31,경기도,파주시,광탄면,창만리,930,527,403,929,529,400,-1,2,-3
4148035026,2024-01-31,경기도,파주시,광탄면,용미리,1664,902,762,1665,905,760,1,3,-2
4148035027,2024-01-31,경기도,파주시,광탄면,신산리,4188,2236,1952,4182,2229,1953,-6,-7,1
4148035028,2024-01-31,경기도,파주시,광탄면,기산리,234,122,112,238,123,115,4,1,3
4148035029,2024-01-31,경기도,파주시,광탄면,영장리,810,447,363,801,442,359,-9,-5,-4
4148036021,2024-01-31,경기도,파주시,파평면,덕천리,578,307,271,581,310,271,3,3,0
4148036022,2024-01-31,경기도,파주시,파평면,두포리,465,263,202,462,261,201,-3,-2,-1
4148036023,2024-01-31,경기도,파주시,파평면,마산리,240,148,92,237,145,92,-3,-3,0
4148036024,2024-01-31,경기도,파주시,파평면,율곡리,550,274,276,539,270,269,-11,-4,-7
4148036026,2024-01-31,경기도,파주시,파평면,금파리,487,248,239,483,247,236,-4,-1,-3
4148036027,2024-01-31,경기도,파주시,파평면,장파리,838,422,416,835,422,413,-3,0,-3
4148036028,2024-01-31,경기도,파주시,파평면,눌노리,500,267,233,502,270,232,2,3,-1
4148037021,2024-01-31,경기도,파주시,적성면,어유지리,364,199,165,368,201,167,4,2,2
4148037023,2024-01-31,경기도,파주시,적성면,장현리,256,143,113,266,149,117,10,6,4
4148037024,2024-01-31,경기도,파주시,적성면,구읍리,1509,883,626,1500,876,624,-9,-7,-2
4148037025,2024-01-31,경기도,파주시,적성면,객현리,412,233,179,408,231,177,-4,-2,-2
4148037026,2024-01-31,경기도,파주시,적성면,가월리,363,205,158,362,204,158,-1,-1,0
4148037027,2024-01-31,경기도,파주시,적성면,무건리,17,10,7,16,9,7,-1,-1,0
4148037028,2024-01-31,경기도,파주시,적성면,율포리,136,66,70,135,65,70,-1,-1,0
4148037029,2024-01-31,경기도,파주시,적성면,답곡리,23,16,7,23,16,7,0,0,0
4148037030,2024-01-31,경기도,파주시,적성면,식현리,621,332,289,625,331,294,4,-1,5
4148037031,2024-01-31,경기도,파주시,적성면,주월리,179,95,84,180,96,84,1,1,0
4148037032,2024-01-31,경기도,파주시,적성면,설마리,67,36,31,67,36,31,0,0,0
4148037033,2024-01-31,경기도,파주시,적성면,적암리,164,86,78,162,86,76,-2,0,-2
4148037034,2024-01-31,경기도,파주시,적성면,두지리,75,41,34,75,41,34,0,0,0
4148037035,2024-01-31,경기도,파주시,적성면,마지리,2597,1342,1255,2551,1316,1235,-46,-26,-20
4148037036,2024-01-31,경기도,파주시,적성면,자장리,195,106,89,195,106,89,0,0,0
4148038021,2024-01-31,경기도,파주시,군내면,백연리,411,212,199,410,213,197,-1,1,-2
4148038023,2024-01-31,경기도,파주시,군내면,조산리,138,76,62,138,76,62,0,0,0
4148038024,2024-01-31,경기도,파주시,군내면,읍내리,9,9,0,12,12,0,3,3,0
4148040021,2024-01-31,경기도,파주시,진동면,동파리,161,88,73,161,88,73,0,0,0
4150010100,2024-01-31,경기도,이천시,창전동,창전동,16018,8118,7900,15972,8102,7870,-46,-16,-30
4150010200,2024-01-31,경기도,이천시,관고동,관고동,6278,3181,3097,6285,3179,3106,7,-2,9
4150010300,2024-01-31,경기도,이천시,중리동,중리동,7081,3704,3377,7072,3694,3378,-9,-10,1
4150010400,2024-01-31,경기도,이천시,증일동,증일동,2507,1245,1262,2521,1254,1267,14,9,5
4150010500,2024-01-31,경기도,이천시,율현동,율현동,362,192,170,364,193,171,2,1,1
4150010600,2024-01-31,경기도,이천시,진리동,진리동,495,276,219,490,274,216,-5,-2,-3
4150010700,2024-01-31,경기도,이천시,안흥동,안흥동,9869,5011,4858,9907,5028,4879,38,17,21
4150010800,2024-01-31,경기도,이천시,갈산동,갈산동,10899,5394,5505,10892,5394,5498,-7,0,-7
4150010900,2024-01-31,경기도,이천시,증포동,증포동,21406,10661,10745,21379,10640,10739,-27,-21,-6
4150011000,2024-01-31,경기도,이천시,송정동,송정동,15400,7640,7760,15376,7622,7754,-24,-18,-6
4150011100,2024-01-31,경기도,이천시,사음동,사음동,3331,1755,1576,3321,1745,1576,-10,-10,0
4150011200,2024-01-31,경기도,이천시,단월동,단월동,794,423,371,795,422,373,1,-1,2
4150011300,2024-01-31,경기도,이천시,대포동,대포동,1159,659,500,1158,658,500,-1,-1,0
4150011400,2024-01-31,경기도,이천시,고담동,고담동,2574,2006,568,2579,2011,568,5,5,0
4150011500,2024-01-31,경기도,이천시,장록동,장록동,672,409,263,668,405,263,-4,-4,0
4150025021,2024-01-31,경기도,이천시,장호원읍,장호원리,2586,1266,1320,2533,1244,1289,-53,-22,-31
4150025022,2024-01-31,경기도,이천시,장호원읍,오남리,676,324,352,668,319,349,-8,-5,-3
4150025023,2024-01-31,경기도,이천시,장호원읍,진암리,4641,2305,2336,4849,2411,2438,208,106,102
4150025024,2024-01-31,경기도,이천시,장호원읍,어석리,277,153,124,272,151,121,-5,-2,-3
4150025025,2024-01-31,경기도,이천시,장호원읍,대서리,298,166,132,293,164,129,-5,-2,-3
4150025026,2024-01-31,경기도,이천시,장호원읍,송산리,479,241,238,476,239,237,-3,-2,-1
4150025027,2024-01-31,경기도,이천시,장호원읍,방추리,151,67,84,149,65,84,-2,-2,0
4150025028,2024-01-31,경기도,이천시,장호원읍,선읍리,390,202,188,389,202,187,-1,0,-1
4150025029,2024-01-31,경기도,이천시,장호원읍,이황리,1760,939,821,1734,929,805,-26,-10,-16
4150025030,2024-01-31,경기도,이천시,장호원읍,나래리,323,178,145,320,175,145,-3,-3,0
4150025031,2024-01-31,경기도,이천시,장호원읍,와현리,262,134,128,256,133,123,-6,-1,-5
4150025032,2024-01-31,경기도,이천시,장호원읍,풍계리,480,238,242,479,238,241,-1,0,-1
4150025033,2024-01-31,경기도,이천시,장호원읍,노탑리,1799,915,884,1777,903,874,-22,-12,-10
4150025321,2024-01-31,경기도,이천시,부발읍,무촌리,5567,2925,2642,5539,2912,2627,-28,-13,-15
4150025322,2024-01-31,경기도,이천시,부발읍,죽당리,1517,796,721,1527,800,727,10,4,6
4150025323,2024-01-31,경기도,이천시,부발읍,신원리,1882,974,908,1876,968,908,-6,-6,0
4150025324,2024-01-31,경기도,이천시,부발읍,고백리,397,215,182,400,217,183,3,2,1
4150025325,2024-01-31,경기도,이천시,부발읍,대관리,233,131,102,233,131,102,0,0,0
4150025326,2024-01-31,경기도,이천시,부발읍,마암리,652,323,329,652,325,327,0,2,-2
4150025327,2024-01-31,경기도,이천시,부발읍,산촌리,247,127,120,246,126,120,-1,-1,0
4150025328,2024-01-31,경기도,이천시,부발읍,신하리,9239,4706,4533,9224,4693,4531,-15,-13,-2
4150025329,2024-01-31,경기도,이천시,부발읍,가좌리,1186,672,514,1184,674,510,-2,2,-4
4150025330,2024-01-31,경기도,이천시,부발읍,아미리,11822,6614,5208,11824,6608,5216,2,-6,8
4150025331,2024-01-31,경기도,이천시,부발읍,수정리,250,135,115,243,131,112,-7,-4,-3
4150025332,2024-01-31,경기도,이천시,부발읍,송온리,144,84,60,145,85,60,1,1,0
4150025333,2024-01-31,경기도,이천시,부발읍,가산리,617,341,276,612,339,273,-5,-2,-3
4150025334,2024-01-31,경기도,이천시,부발읍,응암리,2742,1416,1326,2725,1409,1316,-17,-7,-10
4150031021,2024-01-31,경기도,이천시,신둔면,수광리,3380,1763,1617,3369,1753,1616,-11,-10,-1
4150031022,2024-01-31,경기도,이천시,신둔면,남정리,1095,590,505,1102,592,510,7,2,5
4150031023,2024-01-31,경기도,이천시,신둔면,지석리,897,473,424,890,466,424,-7,-7,0
4150031024,2024-01-31,경기도,이천시,신둔면,장동리,645,329,316,642,328,314,-3,-1,-2
4150031025,2024-01-31,경기도,이천시,신둔면,도봉리,1182,625,557,1178,622,556,-4,-3,-1
4150031026,2024-01-31,경기도,이천시,신둔면,도암리,1720,880,840,1711,877,834,-9,-3,-6
4150031027,2024-01-31,경기도,이천시,신둔면,수하리,1564,775,789,1569,779,790,5,4,1
4150031028,2024-01-31,경기도,이천시,신둔면,수남리,670,356,314,676,361,315,6,5,1
4150031029,2024-01-31,경기도,이천시,신둔면,고척리,1338,754,584,1330,750,580,-8,-4,-4
4150031030,2024-01-31,경기도,이천시,신둔면,용면리,397,216,181,384,204,180,-13,-12,-1
4150031031,2024-01-31,경기도,이천시,신둔면,인후리,540,273,267,543,276,267,3,3,0
4150031032,2024-01-31,경기도,이천시,신둔면,마교리,358,196,162,354,196,158,-4,0,-4
4150031033,2024-01-31,경기도,이천시,신둔면,소정리,225,131,94,225,131,94,0,0,0
4150032021,2024-01-31,경기도,이천시,백사면,현방리,1024,518,506,1028,520,508,4,2,2
4150032022,2024-01-31,경기도,이천시,백사면,경사리,850,429,421,852,433,419,2,4,-2
4150032023,2024-01-31,경기도,이천시,백사면,도립리,729,368,361,735,372,363,6,4,2
4150032024,2024-01-31,경기도,이천시,백사면,송말리,591,291,300,594,290,304,3,-1,4
4150032025,2024-01-31,경기도,이천시,백사면,신대리,386,201,185,391,206,185,5,5,0
4150032026,2024-01-31,경기도,이천시,백사면,모전리,4987,2495,2492,4978,2486,2492,-9,-9,0
4150032027,2024-01-31,경기도,이천시,백사면,도지리,473,260,213,476,260,216,3,0,3
4150032028,2024-01-31,경기도,이천시,백사면,조읍리,1289,683,606,1285,683,602,-4,0,-4
4150032029,2024-01-31,경기도,이천시,백사면,우곡리,246,130,116,250,132,118,4,2,2
4150032030,2024-01-31,경기도,이천시,백사면,내촌리,368,186,182,374,188,186,6,2,4
4150032031,2024-01-31,경기도,이천시,백사면,상용리,272,145,127,272,146,126,0,1,-1
4150032032,2024-01-31,경기도,이천시,백사면,백우리,217,114,103,215,113,102,-2,-1,-1
4150033021,2024-01-31,경기도,이천시,호법면,유산리,1635,846,789,1636,849,787,1,3,-2
4150033022,2024-01-31,경기도,이천시,호법면,안평리,894,499,395,899,500,399,5,1,4
4150033023,2024-01-31,경기도,이천시,호법면,후안리,1451,826,625,1354,771,583,-97,-55,-42
4150033024,2024-01-31,경기도,이천시,호법면,단천리,341,185,156,337,184,153,-4,-1,-3
4150033025,2024-01-31,경기도,이천시,호법면,매곡리,602,320,282,593,314,279,-9,-6,-3
4150033026,2024-01-31,경기도,이천시,호법면,동산리,362,187,175,361,187,174,-1,0,-1
4150033027,2024-01-31,경기도,이천시,호법면,주박리,148,77,71,147,76,71,-1,-1,0
4150033028,2024-01-31,경기도,이천시,호법면,주미리,175,90,85,170,88,82,-5,-2,-3
4150033029,2024-01-31,경기도,이천시,호법면,송갈리,316,161,155,314,161,153,-2,0,-2
4150034021,2024-01-31,경기도,이천시,마장면,오천리,5788,2986,2802,5782,2985,2797,-6,-1,-5
4150034022,2024-01-31,경기도,이천시,마장면,양촌리,3204,1649,1555,3220,1647,1573,16,-2,18
4150034023,2024-01-31,경기도,이천시,마장면,관리,810,436,374,809,435,374,-1,-1,0
4150034024,2024-01-31,경기도,이천시,마장면,회억리,555,453,102,548,446,102,-7,-7,0
4150034025,2024-01-31,경기도,이천시,마장면,장암리,458,244,214,451,240,211,-7,-4,-3
4150034026,2024-01-31,경기도,이천시,마장면,목리,318,170,148,319,171,148,1,1,0
4150034027,2024-01-31,경기도,이천시,마장면,표교리,960,536,424,879,491,388,-81,-45,-36
4150034028,2024-01-31,경기도,이천시,마장면,이치리,801,458,343,770,448,322,-31,-10,-21
4150034029,2024-01-31,경기도,이천시,마장면,각평리,248,140,108,248,140,108,0,0,0
4150034030,2024-01-31,경기도,이천시,마장면,덕평리,1060,647,413,1047,638,409,-13,-9,-4
4150034031,2024-01-31,경기도,이천시,마장면,이평리,420,233,187,415,229,186,-5,-4,-1
4150034032,2024-01-31,경기도,이천시,마장면,해월리,821,449,372,795,444,351,-26,-5,-21
4150034033,2024-01-31,경기도,이천시,마장면,작촌리,257,134,123,257,133,124,0,-1,1
4150035025,2024-01-31,경기도,이천시,대월면,초지리,2364,1186,1178,2369,1186,1183,5,0,5
4150035026,2024-01-31,경기도,이천시,대월면,사동리,7707,4266,3441,7701,4269,3432,-6,3,-9
4150035027,2024-01-31,경기도,이천시,대월면,대대리,657,340,317,660,340,320,3,0,3
4150035028,2024-01-31,경기도,이천시,대월면,대흥리,1973,758,1215,1960,754,1206,-13,-4,-9
4150035029,2024-01-31,경기도,이천시,대월면,도리리,207,117,90,208,118,90,1,1,0
4150035030,2024-01-31,경기도,이천시,대월면,구시리,253,139,114,252,139,113,-1,0,-1
4150035031,2024-01-31,경기도,이천시,대월면,군량리,485,262,223,485,264,221,0,2,-2
4150035032,2024-01-31,경기도,이천시,대월면,송라리,236,124,112,239,125,114,3,1,2
4150035033,2024-01-31,경기도,이천시,대월면,장평리,244,127,117,244,128,116,0,1,-1
4150035034,2024-01-31,경기도,이천시,대월면,부필리,208,107,101,208,109,99,0,2,-2
4150036021,2024-01-31,경기도,이천시,모가면,진가리,790,420,370,806,433,373,16,13,3
4150036022,2024-01-31,경기도,이천시,모가면,서경리,456,244,212,457,244,213,1,0,1
4150036023,2024-01-31,경기도,이천시,모가면,산내리,182,104,78,183,104,79,1,0,1
4150036024,2024-01-31,경기도,이천시,모가면,송곡리,430,221,209,432,224,208,2,3,-1
4150036025,2024-01-31,경기도,이천시,모가면,소사리,229,138,91,227,137,90,-2,-1,-1
4150036026,2024-01-31,경기도,이천시,모가면,양평리,197,106,91,196,104,92,-1,-2,1
4150036027,2024-01-31,경기도,이천시,모가면,원두리,369,196,173,363,193,170,-6,-3,-3
4150036028,2024-01-31,경기도,이천시,모가면,소고리,501,275,226,504,277,227,3,2,1
4150036029,2024-01-31,경기도,이천시,모가면,신갈리,383,211,172,382,212,170,-1,1,-2
4150036030,2024-01-31,경기도,이천시,모가면,어농리,312,184,128,311,184,127,-1,0,-1
4150036031,2024-01-31,경기도,이천시,모가면,두미리,303,158,145,302,158,144,-1,0,-1
4150037021,2024-01-31,경기도,이천시,설성면,금당리,613,315,298,608,314,294,-5,-1,-4
4150037022,2024-01-31,경기도,이천시,설성면,장능리,366,187,179,365,186,179,-1,-1,0
4150037023,2024-01-31,경기도,이천시,설성면,행죽리,286,151,135,286,150,136,0,-1,1
4150037024,2024-01-31,경기도,이천시,설성면,제요리,531,291,240,529,290,239,-2,-1,-1
4150037025,2024-01-31,경기도,이천시,설성면,신필리,359,204,155,358,203,155,-1,-1,0
4150037026,2024-01-31,경기도,이천시,설성면,장천리,438,228,210,434,226,208,-4,-2,-2
4150037027,2024-01-31,경기도,이천시,설성면,자석리,447,239,208,445,239,206,-2,0,-2
4150037028,2024-01-31,경기도,이천시,설성면,암산리,279,150,129,281,150,131,2,0,2
4150037029,2024-01-31,경기도,이천시,설성면,송계리,258,137,121,254,136,118,-4,-1,-3
4150037030,2024-01-31,경기도,이천시,설성면,상봉리,311,163,148,306,161,145,-5,-2,-3
4150037031,2024-01-31,경기도,이천시,설성면,수산리,265,142,123,267,143,124,2,1,1
4150037032,2024-01-31,경기도,이천시,설성면,대죽리,348,203,145,344,200,144,-4,-3,-1
4150038021,2024-01-31,경기도,이천시,율면,고당리,537,269,268,525,262,263,-12,-7,-5
4150038022,2024-01-31,경기도,이천시,율면,신추리,283,143,140,276,140,136,-7,-3,-4
4150038023,2024-01-31,경기도,이천시,율면,본죽리,245,140,105,244,140,104,-1,0,-1
4150038024,2024-01-31,경기도,이천시,율면,북두리,231,132,99,229,131,98,-2,-1,-1
4150038025,2024-01-31,경기도,이천시,율면,산양리,215,111,104,212,108,104,-3,-3,0
4150038026,2024-01-31,경기도,이천시,율면,석산리,210,112,98,208,110,98,-2,-2,0
4150038027,2024-01-31,경기도,이천시,율면,산성리,98,46,52,98,45,53,0,-1,1
4150038028,2024-01-31,경기도,이천시,율면,오성리,236,129,107,232,127,105,-4,-2,-2
4150038029,2024-01-31,경기도,이천시,율면,월포리,416,225,191,417,225,192,1,0,1
4150038030,2024-01-31,경기도,이천시,율면,총곡리,111,54,57,108,52,56,-3,-2,-1
4155010100,2024-01-31,경기도,안성시,봉산동,봉산동,1942,986,956,1949,992,957,7,6,1
4155010200,2024-01-31,경기도,안성시,숭인동,숭인동,2146,1036,1110,2132,1032,1100,-14,-4,-10
4155010300,2024-01-31,경기도,안성시,영동,영동,391,200,191,383,194,189,-8,-6,-2
4155010400,2024-01-31,경기도,안성시,봉남동,봉남동,509,251,258,512,253,259,3,2,1
4155010500,2024-01-31,경기도,안성시,구포동,구포동,479,238,241,476,243,233,-3,5,-8
4155010600,2024-01-31,경기도,안성시,동본동,동본동,239,120,119,242,120,122,3,0,3
4155010700,2024-01-31,경기도,안성시,명륜동,명륜동,727,386,341,713,377,336,-14,-9,-5
4155010800,2024-01-31,경기도,안성시,옥천동,옥천동,415,202,213,411,198,213,-4,-4,0
4155010900,2024-01-31,경기도,안성시,낙원동,낙원동,938,441,497,929,439,490,-9,-2,-7
4155011000,2024-01-31,경기도,안성시,창전동,창전동,428,217,211,427,216,211,-1,-1,0
4155011100,2024-01-31,경기도,안성시,성남동,성남동,439,247,192,439,246,193,0,-1,1
4155011200,2024-01-31,경기도,안성시,신흥동,신흥동,446,220,226,450,225,225,4,5,-1
4155011300,2024-01-31,경기도,안성시,인지동,인지동,840,440,400,847,447,400,7,7,0
4155011400,2024-01-31,경기도,안성시,금산동,금산동,3878,1941,1937,3858,1936,1922,-20,-5,-15
4155011500,2024-01-31,경기도,안성시,연지동,연지동,444,220,224,445,222,223,1,2,-1
4155011600,2024-01-31,경기도,안성시,대천동,대천동,291,155,136,290,152,138,-1,-3,2
4155011700,2024-01-31,경기도,안성시,서인동,서인동,219,108,111,212,104,108,-7,-4,-3
4155011800,2024-01-31,경기도,안성시,석정동,석정동,6427,3311,3116,6412,3302,3110,-15,-9,-6
4155011900,2024-01-31,경기도,안성시,아양동,아양동,8274,4097,4177,8214,4062,4152,-60,-35,-25
4155012000,2024-01-31,경기도,안성시,금석동,금석동,1210,600,610,1204,598,606,-6,-2,-4
4155012100,2024-01-31,경기도,안성시,계동,계동,551,317,234,553,319,234,2,2,0
4155012200,2024-01-31,경기도,안성시,옥산동,옥산동,4727,2388,2339,4704,2380,2324,-23,-8,-15
4155012300,2024-01-31,경기도,안성시,사곡동,사곡동,291,160,131,289,158,131,-2,-2,0
4155012400,2024-01-31,경기도,안성시,도기동,도기동,1265,704,561,1269,704,565,4,0,4
4155012500,2024-01-31,경기도,안성시,당왕동,당왕동,12036,5995,6041,12025,5985,6040,-11,-10,-1
4155012600,2024-01-31,경기도,안성시,가사동,가사동,2111,1059,1052,2083,1039,1044,-28,-20,-8
4155012700,2024-01-31,경기도,안성시,가현동,가현동,377,199,178,373,199,174,-4,0,-4
4155012800,2024-01-31,경기도,안성시,신건지동,신건지동,763,428,335,770,433,337,7,5,2
4155012900,2024-01-31,경기도,안성시,신소현동,신소현동,3077,1597,1480,3098,1610,1488,21,13,8
4155013000,2024-01-31,경기도,안성시,신모산동,신모산동,90,49,41,90,49,41,0,0,0
4155013100,2024-01-31,경기도,안성시,현수동,현수동,439,233,206,433,231,202,-6,-2,-4
4155013200,2024-01-31,경기도,안성시,발화동,발화동,222,108,114,220,106,114,-2,-2,0
4155013300,2024-01-31,경기도,안성시,중리동,중리동,3416,1814,1602,3409,1810,1599,-7,-4,-3
4155025021,2024-01-31,경기도,안성시,공도읍,양기리,4839,2449,2390,4763,2413,2350,-76,-36,-40
4155025022,2024-01-31,경기도,안성시,공도읍,웅교리,456,242,214,461,243,218,5,1,4
4155025023,2024-01-31,경기도,안성시,공도읍,신두리,304,155,149,303,156,147,-1,1,-2
4155025024,2024-01-31,경기도,안성시,공도읍,중복리,244,116,128,238,114,124,-6,-2,-4
4155025025,2024-01-31,경기도,안성시,공도읍,용두리,12110,6042,6068,11977,5979,5998,-133,-63,-70
4155025026,2024-01-31,경기도,안성시,공도읍,승두리,3524,1828,1696,5121,2641,2480,1597,813,784
4155025027,2024-01-31,경기도,안성시,공도읍,건천리,236,124,112,234,121,113,-2,-3,1
4155025028,2024-01-31,경기도,안성시,공도읍,불당리,249,122,127,249,121,128,0,-1,1
4155025029,2024-01-31,경기도,안성시,공도읍,만정리,20870,10373,10497,20669,10267,10402,-201,-106,-95
4155025030,2024-01-31,경기도,안성시,공도읍,마정리,6789,3814,2975,6698,3758,2940,-91,-56,-35
4155025031,2024-01-31,경기도,안성시,공도읍,진사리,11729,5758,5971,11607,5701,5906,-122,-57,-65
4155031021,2024-01-31,경기도,안성시,보개면,적가리,282,155,127,280,153,127,-2,-2,0
4155031022,2024-01-31,경기도,안성시,보개면,기좌리,715,386,329,701,379,322,-14,-7,-7
4155031023,2024-01-31,경기도,안성시,보개면,북좌리,116,53,63,115,53,62,-1,0,-1
4155031024,2024-01-31,경기도,안성시,보개면,상삼리,472,239,233,477,243,234,5,4,1
4155031025,2024-01-31,경기도,안성시,보개면,신장리,158,75,83,161,79,82,3,4,-1
4155031026,2024-01-31,경기도,안성시,보개면,양복리,183,95,88,182,94,88,-1,-1,0
4155031027,2024-01-31,경기도,안성시,보개면,오두리,140,75,65,141,76,65,1,1,0
4155031028,2024-01-31,경기도,안성시,보개면,이전리,173,100,73,173,100,73,0,0,0
4155031029,2024-01-31,경기도,안성시,보개면,불현리,95,52,43,100,56,44,5,4,1
4155031030,2024-01-31,경기도,안성시,보개면,내방리,426,222,204,424,221,203,-2,-1,-1
4155031031,2024-01-31,경기도,안성시,보개면,동신리,404,207,197,401,205,196,-3,-2,-1
4155031032,2024-01-31,경기도,안성시,보개면,곡천리,101,53,48,101,53,48,0,0,0
4155031033,2024-01-31,경기도,안성시,보개면,복평리,163,84,79,154,79,75,-9,-5,-4
4155031034,2024-01-31,경기도,안성시,보개면,구사리,269,150,119,266,147,119,-3,-3,0
4155031035,2024-01-31,경기도,안성시,보개면,가율리,283,150,133,285,152,133,2,2,0
4155031036,2024-01-31,경기도,안성시,보개면,신안리,188,90,98,189,90,99,1,0,1
4155031037,2024-01-31,경기도,안성시,보개면,동평리,306,156,150,301,155,146,-5,-1,-4
4155031038,2024-01-31,경기도,안성시,보개면,남풍리,344,171,173,340,170,170,-4,-1,-3
4155031039,2024-01-31,경기도,안성시,보개면,북가현리,292,162,130,293,163,130,1,1,0
4155032021,2024-01-31,경기도,안성시,금광면,내우리,412,206,206,412,206,206,0,0,0
4155032022,2024-01-31,경기도,안성시,금광면,개산리,361,191,170,358,189,169,-3,-2,-1
4155032023,2024-01-31,경기도,안성시,금광면,장죽리,104,52,52,103,51,52,-1,-1,0
4155032024,2024-01-31,경기도,안성시,금광면,상중리,195,101,94,191,100,91,-4,-1,-3
4155032025,2024-01-31,경기도,안성시,금광면,금광리,159,82,77,159,83,76,0,1,-1
4155032026,2024-01-31,경기도,안성시,금광면,현곡리,215,100,115,215,101,114,0,1,-1
4155032027,2024-01-31,경기도,안성시,금광면,삼흥리,276,148,128,273,145,128,-3,-3,0
4155032028,2024-01-31,경기도,안성시,금광면,사흥리,422,222,200,420,221,199,-2,-1,-1
4155032029,2024-01-31,경기도,안성시,금광면,오흥리,231,116,115,231,115,116,0,-1,1
4155032030,2024-01-31,경기도,안성시,금광면,한운리,210,108,102,209,108,101,-1,0,-1
4155032031,2024-01-31,경기도,안성시,금광면,오산리,483,240,243,479,237,242,-4,-3,-1
4155032032,2024-01-31,경기도,안성시,금광면,옥정리,250,118,132,248,116,132,-2,-2,0
4155032033,2024-01-31,경기도,안성시,금광면,석하리,137,70,67,131,64,67,-6,-6,0
4155032034,2024-01-31,경기도,안성시,금광면,신양복리,3886,1889,1997,3888,1898,1990,2,9,-7
4155033021,2024-01-31,경기도,안성시,서운면,인리,387,202,185,387,202,185,0,0,0
4155033022,2024-01-31,경기도,안성시,서운면,청용리,109,61,48,108,60,48,-1,-1,0
4155033023,2024-01-31,경기도,안성시,서운면,송정리,235,126,109,233,125,108,-2,-1,-1
4155033024,2024-01-31,경기도,안성시,서운면,신촌리,356,194,162,353,192,161,-3,-2,-1
4155033025,2024-01-31,경기도,안성시,서운면,산평리,192,103,89,189,102,87,-3,-1,-2
4155033026,2024-01-31,경기도,안성시,서운면,현매리,291,161,130,284,156,128,-7,-5,-2
4155033027,2024-01-31,경기도,안성시,서운면,동촌리,180,97,83,182,100,82,2,3,-1
4155033028,2024-01-31,경기도,안성시,서운면,신흥리,161,85,76,161,85,76,0,0,0
4155033029,2024-01-31,경기도,안성시,서운면,신능리,143,82,61,141,80,61,-2,-2,0
4155033030,2024-01-31,경기도,안성시,서운면,신기리,164,84,80,163,85,78,-1,1,-2
4155033031,2024-01-31,경기도,안성시,서운면,송산리,247,132,115,251,135,116,4,3,1
4155033032,2024-01-31,경기도,안성시,서운면,오촌리,158,78,80,160,79,81,2,1,1
4155033033,2024-01-31,경기도,안성시,서운면,양촌리,308,158,150,308,157,151,0,-1,1
4155033034,2024-01-31,경기도,안성시,서운면,북산리,150,80,70,149,79,70,-1,-1,0
4155034021,2024-01-31,경기도,안성시,미양면,구례리,84,46,38,84,46,38,0,0,0
4155034022,2024-01-31,경기도,안성시,미양면,계륵리,197,112,85,197,112,85,0,0,0
4155034023,2024-01-31,경기도,안성시,미양면,개정리,485,234,251,487,234,253,2,0,2
4155034024,2024-01-31,경기도,안성시,미양면,신계리,162,89,73,157,88,69,-5,-1,-4
4155034025,2024-01-31,경기도,안성시,미양면,법전리,225,120,105,225,119,106,0,-1,1
4155034026,2024-01-31,경기도,안성시,미양면,용두리,192,95,97,194,96,98,2,1,1
4155034027,2024-01-31,경기도,안성시,미양면,고지리,466,254,212,467,255,212,1,1,0
4155034028,2024-01-31,경기도,안성시,미양면,정동리,133,68,65,137,69,68,4,1,3
4155034029,2024-01-31,경기도,안성시,미양면,구수리,208,122,86,204,122,82,-4,0,-4
4155034030,2024-01-31,경기도,안성시,미양면,진촌리,244,128,116,247,128,119,3,0,3
4155034031,2024-01-31,경기도,안성시,미양면,갈전리,265,141,124,264,141,123,-1,0,-1
4155034032,2024-01-31,경기도,안성시,미양면,양지리,376,208,168,372,204,168,-4,-4,0
4155034033,2024-01-31,경기도,안성시,미양면,보체리,1201,662,539,1199,663,536,-2,1,-3
4155034034,2024-01-31,경기도,안성시,미양면,신기리,98,55,43,102,58,44,4,3,1
4155034035,2024-01-31,경기도,안성시,미양면,강덕리,197,112,85,195,111,84,-2,-1,-1
4155034036,2024-01-31,경기도,안성시,미양면,후평리,100,48,52,105,50,55,5,2,3
4155034037,2024-01-31,경기도,안성시,미양면,마산리,347,183,164,346,182,164,-1,-1,0
4155034038,2024-01-31,경기도,안성시,미양면,양변리,553,344,209,555,346,209,2,2,0
4155035021,2024-01-31,경기도,안성시,대덕면,소현리,182,90,92,180,89,91,-2,-1,-1
4155035022,2024-01-31,경기도,안성시,대덕면,토현리,72,43,29,74,45,29,2,2,0
4155035023,2024-01-31,경기도,안성시,대덕면,모산리,506,275,231,500,271,229,-6,-4,-2
4155035024,2024-01-31,경기도,안성시,대덕면,보동리,232,127,105,230,126,104,-2,-1,-1
4155035025,2024-01-31,경기도,안성시,대덕면,명당리,282,164,118,284,166,118,2,2,0
4155035026,2024-01-31,경기도,안성시,대덕면,진현리,1267,646,621,1259,642,617,-8,-4,-4
4155035027,2024-01-31,경기도,안성시,대덕면,건지리,781,446,335,776,445,331,-5,-1,-4
4155035028,2024-01-31,경기도,안성시,대덕면,내리,4169,2781,1388,4131,2761,1370,-38,-20,-18
4155035029,2024-01-31,경기도,안성시,대덕면,대농리,138,59,79,135,58,77,-3,-1,-2
4155035030,2024-01-31,경기도,안성시,대덕면,죽리,736,441,295,735,443,292,-1,2,-3
4155035031,2024-01-31,경기도,안성시,대덕면,신령리,6220,3169,3051,6141,3133,3008,-79,-36,-43
4155035032,2024-01-31,경기도,안성시,대덕면,무능리,111,58,53,112,60,52,1,2,-1
4155035033,2024-01-31,경기도,안성시,대덕면,소내리,258,144,114,258,144,114,0,0,0
4155035034,2024-01-31,경기도,안성시,대덕면,삼한리,253,138,115,251,137,114,-2,-1,-1
4155036021,2024-01-31,경기도,안성시,양성면,동항리,876,472,404,880,480,400,4,8,-4
4155036022,2024-01-31,경기도,안성시,양성면,구장리,224,131,93,222,129,93,-2,-2,0
4155036023,2024-01-31,경기도,안성시,양성면,석화리,112,69,43,110,68,42,-2,-1,-1
4155036024,2024-01-31,경기도,안성시,양성면,추곡리,32,21,11,32,21,11,0,0,0
4155036025,2024-01-31,경기도,안성시,양성면,조일리,101,51,50,101,51,50,0,0,0
4155036026,2024-01-31,경기도,안성시,양성면,도곡리,88,52,36,88,52,36,0,0,0
4155036027,2024-01-31,경기도,안성시,양성면,산정리,119,58,61,119,58,61,0,0,0
4155036028,2024-01-31,경기도,안성시,양성면,이현리,187,99,88,181,95,86,-6,-4,-2
4155036029,2024-01-31,경기도,안성시,양성면,장서리,279,162,117,276,159,117,-3,-3,0
4155036030,2024-01-31,경기도,안성시,양성면,난실리,211,117,94,209,116,93,-2,-1,-1
4155036031,2024-01-31,경기도,안성시,양성면,노곡리,572,300,272,575,301,274,3,1,2
4155036032,2024-01-31,경기도,안성시,양성면,미산리,704,315,389,699,315,384,-5,0,-5
4155036033,2024-01-31,경기도,안성시,양성면,방축리,165,91,74,163,90,73,-2,-1,-1
4155036034,2024-01-31,경기도,안성시,양성면,필산리,107,57,50,108,58,50,1,1,0
4155036035,2024-01-31,경기도,안성시,양성면,덕봉리,345,170,175,344,171,173,-1,1,-2
4155036036,2024-01-31,경기도,안성시,양성면,명목리,278,144,134,278,144,134,0,0,0
4155036037,2024-01-31,경기도,안성시,양성면,삼암리,324,161,163,323,160,163,-1,-1,0
4155036038,2024-01-31,경기도,안성시,양성면,방신리,407,214,193,406,213,193,-1,-1,0
4155038021,2024-01-31,경기도,안성시,원곡면,성은리,363,208,155,370,212,158,7,4,3
4155038022,2024-01-31,경기도,안성시,원곡면,칠곡리,1083,579,504,1083,580,503,0,1,-1
4155038023,2024-01-31,경기도,안성시,원곡면,지문리,453,244,209,454,244,210,1,0,1
4155038024,2024-01-31,경기도,안성시,원곡면,산하리,237,130,107,240,131,109,3,1,2
4155038025,2024-01-31,경기도,안성시,원곡면,내가천리,475,269,206,472,266,206,-3,-3,0
4155038026,2024-01-31,경기도,안성시,원곡면,외가천리,2316,1357,959,2309,1360,949,-7,3,-10
4155038027,2024-01-31,경기도,안성시,원곡면,반제리,1427,772,655,1409,761,648,-18,-11,-7
4155038028,2024-01-31,경기도,안성시,원곡면,성주리,141,86,55,132,83,49,-9,-3,-6
4155039000,2024-01-31,경기도,안성시,일죽면,일죽면,1,1,0,0,0,0,-1,-1,0
4155039021,2024-01-31,경기도,안성시,일죽면,월정리,386,207,179,383,205,178,-3,-2,-1
4155039022,2024-01-31,경기도,안성시,일죽면,주천리,626,330,296,615,321,294,-11,-9,-2
4155039023,2024-01-31,경기도,안성시,일죽면,죽림리,206,102,104,201,98,103,-5,-4,-1
4155039024,2024-01-31,경기도,안성시,일죽면,가리,276,143,133,273,142,131,-3,-1,-2
4155039025,2024-01-31,경기도,안성시,일죽면,산북리,301,160,141,300,159,141,-1,-1,0
4155039026,2024-01-31,경기도,안성시,일죽면,당촌리,313,162,151,312,161,151,-1,-1,0
4155039027,2024-01-31,경기도,안성시,일죽면,방초리,441,239,202,441,239,202,0,0,0
4155039028,2024-01-31,경기도,안성시,일죽면,송천리,1943,965,978,1941,966,975,-2,1,-3
4155039029,2024-01-31,경기도,안성시,일죽면,고은리,416,233,183,415,231,184,-1,-2,1
4155039030,2024-01-31,경기도,안성시,일죽면,화곡리,429,234,195,435,239,196,6,5,1
4155039031,2024-01-31,경기도,안성시,일죽면,능국리,380,196,184,377,194,183,-3,-2,-1
4155039032,2024-01-31,경기도,안성시,일죽면,신흥리,552,292,260,551,294,257,-1,2,-3
4155039033,2024-01-31,경기도,안성시,일죽면,금산리,364,182,182,364,181,183,0,-1,1
4155039034,2024-01-31,경기도,안성시,일죽면,장암리,154,92,62,154,92,62,0,0,0
4155039035,2024-01-31,경기도,안성시,일죽면,화봉리,491,265,226,485,264,221,-6,-1,-5
4155040021,2024-01-31,경기도,안성시,죽산면,죽산리,2193,1146,1047,2194,1149,1045,1,3,-2
4155040022,2024-01-31,경기도,안성시,죽산면,매산리,603,306,297,602,306,296,-1,0,-1
4155040023,2024-01-31,경기도,안성시,죽산면,장원리,1525,849,676,1510,843,667,-15,-6,-9
4155040024,2024-01-31,경기도,안성시,죽산면,두현리,399,219,180,401,220,181,2,1,1
4155040025,2024-01-31,경기도,안성시,죽산면,장능리,350,191,159,348,190,158,-2,-1,-1
4155040026,2024-01-31,경기도,안성시,죽산면,장계리,411,234,177,385,220,165,-26,-14,-12
4155040027,2024-01-31,경기도,안성시,죽산면,용설리,459,237,222,455,234,221,-4,-3,-1
4155040028,2024-01-31,경기도,안성시,죽산면,칠장리,283,143,140,284,144,140,1,1,0
4155040029,2024-01-31,경기도,안성시,죽산면,당목리,325,165,160,324,164,160,-1,-1,0
4155040030,2024-01-31,경기도,안성시,죽산면,두교리,286,160,126,284,159,125,-2,-1,-1
4155041021,2024-01-31,경기도,안성시,삼죽면,내장리,199,97,102,197,97,100,-2,0,-2
4155041022,2024-01-31,경기도,안성시,삼죽면,율곡리,582,302,280,585,303,282,3,1,2
4155041023,2024-01-31,경기도,안성시,삼죽면,용월리,504,263,241,491,254,237,-13,-9,-4
4155041024,2024-01-31,경기도,안성시,삼죽면,덕산리,407,204,203,403,203,200,-4,-1,-3
4155041025,2024-01-31,경기도,안성시,삼죽면,배태리,228,120,108,227,120,107,-1,0,-1
4155041026,2024-01-31,경기도,안성시,삼죽면,내강리,299,143,156,301,144,157,2,1,1
4155041027,2024-01-31,경기도,안성시,삼죽면,진촌리,778,394,384,725,364,361,-53,-30,-23
4155041028,2024-01-31,경기도,안성시,삼죽면,미장리,292,150,142,299,154,145,7,4,3
4155041029,2024-01-31,경기도,안성시,삼죽면,마전리,196,99,97,195,99,96,-1,0,-1
4155041030,2024-01-31,경기도,안성시,삼죽면,기솔리,254,136,118,228,125,103,-26,-11,-15
4155042021,2024-01-31,경기도,안성시,고삼면,쌍지리,373,188,185,368,185,183,-5,-3,-2
4155042022,2024-01-31,경기도,안성시,고삼면,신창리,252,131,121,251,130,121,-1,-1,0
4155042023,2024-01-31,경기도,안성시,고삼면,대갈리,211,113,98,212,113,99,1,0,1
4155042024,2024-01-31,경기도,안성시,고삼면,가유리,548,297,251,553,299,254,5,2,3
4155042025,2024-01-31,경기도,안성시,고삼면,삼은리,45,27,18,46,27,19,1,0,1
4155042026,2024-01-31,경기도,안성시,고삼면,봉산리,169,94,75,165,92,73,-4,-2,-2
4155042027,2024-01-31,경기도,안성시,고삼면,월향리,289,145,144,289,145,144,0,0,0
4157010100,2024-01-31,경기도,김포시,북변동,북변동,17232,8443,8789,17239,8442,8797,7,-1,8
4157010200,2024-01-31,경기도,김포시,걸포동,걸포동,19672,9687,9985,19620,9681,9939,-52,-6,-46
4157010300,2024-01-31,경기도,김포시,운양동,운양동,49307,23987,25320,49233,23951,25282,-74,-36,-38
4157010400,2024-01-31,경기도,김포시,장기동,장기동,79836,39018,40818,79811,39013,40798,-25,-5,-20
4157010500,2024-01-31,경기도,김포시,감정동,감정동,21848,10692,11156,21860,10692,11168,12,0,12
4157010600,2024-01-31,경기도,김포시,사우동,사우동,21413,10711,10702,21349,10686,10663,-64,-25,-39
4157010700,2024-01-31,경기도,김포시,풍무동,풍무동,60264,29215,31049,60202,29176,31026,-62,-39,-23
4157010800,2024-01-31,경기도,김포시,마산동,마산동,35481,17494,17987,35488,17513,17975,7,19,-12
4157010900,2024-01-31,경기도,김포시,구래동,구래동,45200,22555,22645,45194,22571,22623,-6,16,-22
4157025021,2024-01-31,경기도,김포시,통진읍,도사리,3599,1885,1714,3597,1892,1705,-2,7,-9
4157025022,2024-01-31,경기도,김포시,통진읍,마송리,18845,9809,9036,19028,9921,9107,183,112,71
4157025023,2024-01-31,경기도,김포시,통진읍,서암리,8031,4276,3755,8017,4259,3758,-14,-17,3
4157025024,2024-01-31,경기도,김포시,통진읍,수참리,489,271,218,487,270,217,-2,-1,-1
4157025025,2024-01-31,경기도,김포시,통진읍,가현리,1354,778,576,1340,769,571,-14,-9,-5
4157025026,2024-01-31,경기도,김포시,통진읍,동을산리,564,303,261,564,304,260,0,1,-1
4157025027,2024-01-31,경기도,김포시,통진읍,귀전리,563,343,220,564,343,221,1,0,1
4157025028,2024-01-31,경기도,김포시,통진읍,고정리,557,330,227,552,328,224,-5,-2,-3
4157025029,2024-01-31,경기도,김포시,통진읍,옹정리,587,347,240,590,347,243,3,0,3
4157025300,2024-01-31,경기도,김포시,고촌읍,고촌읍,5,4,1,0,0,0,-5,-4,-1
4157025321,2024-01-31,경기도,김포시,고촌읍,향산리,10374,5160,5214,10378,5159,5219,4,-1,5
4157025322,2024-01-31,경기도,김포시,고촌읍,풍곡리,725,381,344,724,381,343,-1,0,-1
4157025323,2024-01-31,경기도,김포시,고촌읍,태리,712,373,339,716,376,340,4,3,1
4157025324,2024-01-31,경기도,김포시,고촌읍,신곡리,36341,17966,18375,36314,17966,18348,-27,0,-27
4157025325,2024-01-31,경기도,김포시,고촌읍,전호리,240,147,93,240,148,92,0,1,-1
4157025621,2024-01-31,경기도,김포시,양촌읍,양곡리,20702,10409,10293,20732,10428,10304,30,19,11
4157025622,2024-01-31,경기도,김포시,양촌읍,누산리,1343,745,598,1337,742,595,-6,-3,-3
4157025623,2024-01-31,경기도,김포시,양촌읍,석모리,1444,731,713,1447,731,716,3,0,3
4157025624,2024-01-31,경기도,김포시,양촌읍,구래리,1145,614,531,1142,614,528,-3,0,-3
4157025625,2024-01-31,경기도,김포시,양촌읍,대포리,172,119,53,172,123,49,0,4,-4
4157025626,2024-01-31,경기도,김포시,양촌읍,학운리,4710,2819,1891,4704,2817,1887,-6,-2,-4
4157025627,2024-01-31,경기도,김포시,양촌읍,유현리,404,235,169,410,239,171,6,4,2
4157025628,2024-01-31,경기도,김포시,양촌읍,흥신리,305,172,133,307,174,133,2,2,0
4157034021,2024-01-31,경기도,김포시,대곶면,대능리,1058,591,467,1055,587,468,-3,-4,1
4157034022,2024-01-31,경기도,김포시,대곶면,대벽리,1093,599,494,1092,599,493,-1,0,-1
4157034023,2024-01-31,경기도,김포시,대곶면,약암리,560,319,241,559,319,240,-1,0,-1
4157034024,2024-01-31,경기도,김포시,대곶면,상마리,283,185,98,283,185,98,0,0,0
4157034025,2024-01-31,경기도,김포시,대곶면,율생리,2827,1594,1233,2814,1587,1227,-13,-7,-6
4157034026,2024-01-31,경기도,김포시,대곶면,초원지리,563,354,209,556,349,207,-7,-5,-2
4157034027,2024-01-31,경기도,김포시,대곶면,거물대리,346,219,127,344,216,128,-2,-3,1
4157034028,2024-01-31,경기도,김포시,대곶면,오니산리,314,177,137,312,177,135,-2,0,-2
4157034029,2024-01-31,경기도,김포시,대곶면,송마리,756,496,260,739,485,254,-17,-11,-6
4157034030,2024-01-31,경기도,김포시,대곶면,석정리,467,313,154,466,311,155,-1,-2,1
4157034031,2024-01-31,경기도,김포시,대곶면,쇄암리,330,185,145,325,183,142,-5,-2,-3
4157034032,2024-01-31,경기도,김포시,대곶면,신안리,260,134,126,263,136,127,3,2,1
4157034033,2024-01-31,경기도,김포시,대곶면,대명리,729,426,303,730,427,303,1,1,0
4157035021,2024-01-31,경기도,김포시,월곶면,군하리,824,459,365,827,459,368,3,0,3
4157035022,2024-01-31,경기도,김포시,월곶면,고막리,929,466,463,926,467,459,-3,1,-4
4157035023,2024-01-31,경기도,김포시,월곶면,갈산리,889,536,353,886,535,351,-3,-1,-2
4157035024,2024-01-31,경기도,김포시,월곶면,고양리,372,225,147,369,225,144,-3,0,-3
4157035025,2024-01-31,경기도,김포시,월곶면,포내리,965,534,431,966,532,434,1,-2,3
4157035026,2024-01-31,경기도,김포시,월곶면,성동리,216,111,105,215,111,104,-1,0,-1
4157035027,2024-01-31,경기도,김포시,월곶면,보구곶리,137,68,69,138,69,69,1,1,0
4157035028,2024-01-31,경기도,김포시,월곶면,용강리,256,141,115,261,144,117,5,3,2
4157035029,2024-01-31,경기도,김포시,월곶면,조강리,179,87,92,176,86,90,-3,-1,-2
4157035030,2024-01-31,경기도,김포시,월곶면,개곡리,437,248,189,448,256,192,11,8,3
4157036021,2024-01-31,경기도,김포시,하성면,마곡리,2490,1354,1136,2486,1355,1131,-4,1,-5
4157036022,2024-01-31,경기도,김포시,하성면,석탄리,1201,655,546,1195,651,544,-6,-4,-2
4157036023,2024-01-31,경기도,김포시,하성면,후평리,731,373,358,729,374,355,-2,1,-3
4157036024,2024-01-31,경기도,김포시,하성면,시암리,303,148,155,300,145,155,-3,-3,0
4157036025,2024-01-31,경기도,김포시,하성면,마조리,390,208,182,393,209,184,3,1,2
4157036026,2024-01-31,경기도,김포시,하성면,가금리,342,180,162,344,180,164,2,0,2
4157036027,2024-01-31,경기도,김포시,하성면,양택리,408,232,176,407,229,178,-1,-3,2
4157036028,2024-01-31,경기도,김포시,하성면,원산리,646,411,235,647,414,233,1,3,-2
4157036029,2024-01-31,경기도,김포시,하성면,하사리,273,158,115,275,160,115,2,2,0
4157036030,2024-01-31,경기도,김포시,하성면,봉성리,513,256,257,513,258,255,0,2,-2
4157036031,2024-01-31,경기도,김포시,하성면,전류리,506,278,228,511,282,229,5,4,1
4157036032,2024-01-31,경기도,김포시,하성면,마근포리,115,62,53,118,64,54,3,2,1
4159011600,2024-01-31,경기도,화성시,진안동,진안동,20020,11963,8057,19978,11924,8054,-42,-39,-3
4159011700,2024-01-31,경기도,화성시,병점동,병점동,59500,29975,29525,59456,29963,29493,-44,-12,-32
4159011800,2024-01-31,경기도,화성시,능동,능동,49348,25318,24030,49280,25310,23970,-68,-8,-60
4159011900,2024-01-31,경기도,화성시,기산동,기산동,14883,7504,7379,14938,7538,7400,55,34,21
4159012000,2024-01-31,경기도,화성시,반월동,반월동,37265,18886,18379,37260,18884,18376,-5,-2,-3
4159012100,2024-01-31,경기도,화성시,반정동,반정동,7015,3593,3422,7038,3600,3438,23,7,16
4159012200,2024-01-31,경기도,화성시,황계동,황계동,561,310,251,558,308,250,-3,-2,-1
4159012300,2024-01-31,경기도,화성시,배양동,배양동,549,297,252,549,297,252,0,0,0
4159012400,2024-01-31,경기도,화성시,기안동,기안동,15500,7836,7664,15524,7850,7674,24,14,10
4159012500,2024-01-31,경기도,화성시,송산동,송산동,7884,4116,3768,7891,4111,3780,7,-5,12
4159012600,2024-01-31,경기도,화성시,안녕동,안녕동,18759,9984,8775,18830,10021,8809,71,37,34
4159012700,2024-01-31,경기도,화성시,반송동,반송동,70363,35367,34996,70370,35363,35007,7,-4,11
4159012800,2024-01-31,경기도,화성시,석우동,석우동,14421,7561,6860,14397,7544,6853,-24,-17,-7
4159012900,2024-01-31,경기도,화성시,오산동,오산동,40912,20787,20125,41075,20848,20227,163,61,102
4159013000,2024-01-31,경기도,화성시,청계동,청계동,53440,26572,26868,53398,26572,26826,-42,0,-42
4159013100,2024-01-31,경기도,화성시,영천동,영천동,46670,23457,23213,46681,23476,23205,11,19,-8
4159013200,2024-01-31,경기도,화성시,중동,중동,227,127,100,225,125,100,-2,-2,0
4159013300,2024-01-31,경기도,화성시,신동,신동,7754,4038,3716,8108,4215,3893,354,177,177
4159013400,2024-01-31,경기도,화성시,목동,목동,32215,16055,16160,32221,16060,16161,6,5,1
4159013500,2024-01-31,경기도,화성시,산척동,산척동,43452,21896,21556,43462,21911,21551,10,15,-5
4159013600,2024-01-31,경기도,화성시,장지동,장지동,33657,16924,16733,33711,16936,16775,54,12,42
4159013700,2024-01-31,경기도,화성시,송동,송동,13428,6720,6708,13411,6701,6710,-17,-19,2
4159013800,2024-01-31,경기도,화성시,방교동,방교동,1525,955,570,1520,951,569,-5,-4,-1
4159013900,2024-01-31,경기도,화성시,금곡동,금곡동,903,513,390,901,513,388,-2,0,-2
4159014000,2024-01-31,경기도,화성시,새솔동,새솔동,25755,12931,12824,25892,13000,12892,137,69,68
4159025321,2024-01-31,경기도,화성시,봉담읍,상리,18747,9436,9311,19602,9879,9723,855,443,412
4159025322,2024-01-31,경기도,화성시,봉담읍,내리,216,124,92,217,124,93,1,0,1
4159025323,2024-01-31,경기도,화성시,봉담읍,수영리,21027,10596,10431,21065,10616,10449,38,20,18
4159025324,2024-01-31,경기도,화성시,봉담읍,동화리,23034,11390,11644,23189,11474,11715,155,84,71
4159025325,2024-01-31,경기도,화성시,봉담읍,와우리,23988,12049,11939,24010,12058,11952,22,9,13
4159025326,2024-01-31,경기도,화성시,봉담읍,수기리,1371,931,440,1349,915,434,-22,-16,-6
4159025327,2024-01-31,경기도,화성시,봉담읍,분천리,621,315,306,619,313,306,-2,-2,0
4159025328,2024-01-31,경기도,화성시,봉담읍,왕림리,1737,910,827,1721,903,818,-16,-7,-9
4159025329,2024-01-31,경기도,화성시,봉담읍,세곡리,195,103,92,194,102,92,-1,-1,0
4159025330,2024-01-31,경기도,화성시,봉담읍,당하리,704,391,313,698,387,311,-6,-4,-2
4159025331,2024-01-31,경기도,화성시,봉담읍,마하리,191,110,81,190,108,82,-1,-2,1
4159025332,2024-01-31,경기도,화성시,봉담읍,유리,1461,754,707,1449,750,699,-12,-4,-8
4159025333,2024-01-31,경기도,화성시,봉담읍,덕리,510,289,221,531,301,230,21,12,9
4159025334,2024-01-31,경기도,화성시,봉담읍,덕우리,249,149,100,248,147,101,-1,-2,1
4159025335,2024-01-31,경기도,화성시,봉담읍,하가등리,314,179,135,311,177,134,-3,-2,-1
4159025336,2024-01-31,경기도,화성시,봉담읍,상기리,420,227,193,424,229,195,4,2,2
4159025621,2024-01-31,경기도,화성시,우정읍,원안리,538,292,246,538,293,245,0,1,-1
4159025622,2024-01-31,경기도,화성시,우정읍,호곡리,1084,585,499,1089,588,501,5,3,2
4159025623,2024-01-31,경기도,화성시,우정읍,운평리,680,375,305,671,370,301,-9,-5,-4
4159025624,2024-01-31,경기도,화성시,우정읍,한각리,228,132,96,229,132,97,1,0,1
4159025625,2024-01-31,경기도,화성시,우정읍,멱우리,515,279,236,513,275,238,-2,-4,2
4159025626,2024-01-31,경기도,화성시,우정읍,화수리,745,384,361,744,386,358,-1,2,-3
4159025627,2024-01-31,경기도,화성시,우정읍,주곡리,910,516,394,905,509,396,-5,-7,2
4159025628,2024-01-31,경기도,화성시,우정읍,이화리,966,589,377,970,594,376,4,5,-1
4159025629,2024-01-31,경기도,화성시,우정읍,석천리,747,438,309,751,442,309,4,4,0
4159025630,2024-01-31,경기도,화성시,우정읍,매향리,1093,613,480,1086,610,476,-7,-3,-4
4159025631,2024-01-31,경기도,화성시,우정읍,화산리,2215,1322,893,2200,1304,896,-15,-18,3
4159025632,2024-01-31,경기도,화성시,우정읍,조암리,7610,4015,3595,7606,4010,3596,-4,-5,1
4159025633,2024-01-31,경기도,화성시,우정읍,국화리,80,40,40,77,37,40,-3,-3,0
4159025900,2024-01-31,경기도,화성시,향남읍,향남읍,1,0,1,0,0,0,-1,0,-1
4159025921,2024-01-31,경기도,화성시,향남읍,평리,1090,591,499,1073,582,491,-17,-9,-8
4159025922,2024-01-31,경기도,화성시,향남읍,발안리,5527,2907,2620,5516,2904,2612,-11,-3,-8
4159025923,2024-01-31,경기도,화성시,향남읍,제암리,394,209,185,395,210,185,1,1,0
4159025924,2024-01-31,경기도,화성시,향남읍,상신리,11459,6890,4569,11482,6903,4579,23,13,10
4159025925,2024-01-31,경기도,화성시,향남읍,구문천리,2084,1529,555,2081,1515,566,-3,-14,11
4159025926,2024-01-31,경기도,화성시,향남읍,하길리,26830,13991,12839,26771,13959,12812,-59,-32,-27
4159025927,2024-01-31,경기도,화성시,향남읍,화리현리,253,149,104,257,150,107,4,1,3
4159025928,2024-01-31,경기도,화성시,향남읍,상두리,161,86,75,160,87,73,-1,1,-2
4159025929,2024-01-31,경기도,화성시,향남읍,백토리,409,232,177,404,227,177,-5,-5,0
4159025930,2024-01-31,경기도,화성시,향남읍,길성리,167,98,69,170,100,70,3,2,1
4159025931,2024-01-31,경기도,화성시,향남읍,요리,177,110,67,176,110,66,-1,0,-1
4159025932,2024-01-31,경기도,화성시,향남읍,수직리,367,200,167,370,203,167,3,3,0
4159025933,2024-01-31,경기도,화성시,향남읍,갈천리,161,91,70,162,91,71,1,0,1
4159025934,2024-01-31,경기도,화성시,향남읍,증거리,184,115,69,182,114,68,-2,-1,-1
4159025935,2024-01-31,경기도,화성시,향남읍,송곡리,259,168,91,258,169,89,-1,1,-2
4159025936,2024-01-31,경기도,화성시,향남읍,동오리,363,252,111,359,251,108,-4,-1,-3
4159025937,2024-01-31,경기도,화성시,향남읍,관리,325,188,137,322,186,136,-3,-2,-1
4159025938,2024-01-31,경기도,화성시,향남읍,도이리,509,271,238,513,273,240,4,2,2
4159025939,2024-01-31,경기도,화성시,향남읍,행정리,30830,15783,15047,30788,15780,15008,-42,-3,-39
4159025940,2024-01-31,경기도,화성시,향남읍,방축리,108,62,46,109,62,47,1,0,1
4159025941,2024-01-31,경기도,화성시,향남읍,장짐리,3610,1890,1720,3611,1886,1725,1,-4,5
4159026200,2024-01-31,경기도,화성시,남양읍,남양읍,1,1,0,0,0,0,-1,-1,0
4159026221,2024-01-31,경기도,화성시,남양읍,남양리,38803,21052,17751,38889,21118,17771,86,66,20
4159026222,2024-01-31,경기도,화성시,남양읍,신남리,12642,6643,5999,13263,6966,6297,621,323,298
4159026223,2024-01-31,경기도,화성시,남양읍,장덕리,698,396,302,697,392,305,-1,-4,3
4159026224,2024-01-31,경기도,화성시,남양읍,안석리,536,294,242,533,289,244,-3,-5,2
4159026225,2024-01-31,경기도,화성시,남양읍,활초리,821,463,358,821,464,357,0,1,-1
4159026226,2024-01-31,경기도,화성시,남양읍,온석리,367,229,138,365,228,137,-2,-1,-1
4159026227,2024-01-31,경기도,화성시,남양읍,무송리,1061,605,456,1050,601,449,-11,-4,-7
4159026228,2024-01-31,경기도,화성시,남양읍,북양리,659,409,250,663,407,256,4,-2,6
4159026229,2024-01-31,경기도,화성시,남양읍,송림리,356,205,151,359,207,152,3,2,1
4159026230,2024-01-31,경기도,화성시,남양읍,수화리,248,136,112,252,138,114,4,2,2
4159026231,2024-01-31,경기도,화성시,남양읍,장전리,181,99,82,180,98,82,-1,-1,0
4159026232,2024-01-31,경기도,화성시,남양읍,신외리,255,134,121,257,134,123,2,0,2
4159026233,2024-01-31,경기도,화성시,남양읍,문호리,229,141,88,230,141,89,1,0,1
4159026234,2024-01-31,경기도,화성시,남양읍,시리,219,119,100,215,117,98,-4,-2,-2
4159026235,2024-01-31,경기도,화성시,남양읍,원천리,240,122,118,243,124,119,3,2,1
4159031000,2024-01-31,경기도,화성시,매송면,매송면,2,1,1,0,0,0,-2,-1,-1
4159031021,2024-01-31,경기도,화성시,매송면,천천리,1733,918,815,1732,915,817,-1,-3,2
4159031022,2024-01-31,경기도,화성시,매송면,원평리,2052,1086,966,2068,1087,981,16,1,15
4159031023,2024-01-31,경기도,화성시,매송면,어천리,476,265,211,475,264,211,-1,-1,0
4159031024,2024-01-31,경기도,화성시,매송면,숙곡리,285,150,135,284,149,135,-1,-1,0
4159031025,2024-01-31,경기도,화성시,매송면,야목리,1600,858,742,1583,848,735,-17,-10,-7
4159031026,2024-01-31,경기도,화성시,매송면,송라리,308,167,141,311,168,143,3,1,2
4159031027,2024-01-31,경기도,화성시,매송면,원리,213,109,104,210,106,104,-3,-3,0
4159032021,2024-01-31,경기도,화성시,비봉면,양노리,2087,1200,887,2095,1209,886,8,9,-1
4159032022,2024-01-31,경기도,화성시,비봉면,남전리,307,170,137,314,174,140,7,4,3
4159032023,2024-01-31,경기도,화성시,비봉면,유포리,288,152,136,286,152,134,-2,0,-2
4159032024,2024-01-31,경기도,화성시,비봉면,삼화리,1703,942,761,1816,1004,812,113,62,51
4159032025,2024-01-31,경기도,화성시,비봉면,구포리,1841,1073,768,1847,1079,768,6,6,0
4159032026,2024-01-31,경기도,화성시,비봉면,쌍학리,499,273,226,508,279,229,9,6,3
4159032027,2024-01-31,경기도,화성시,비봉면,청요리,340,198,142,340,196,144,0,-2,2
4159032028,2024-01-31,경기도,화성시,비봉면,자안리,431,265,166,432,266,166,1,1,0
4159033021,2024-01-31,경기도,화성시,마도면,석교리,1011,584,427,1010,583,427,-1,-1,0
4159033022,2024-01-31,경기도,화성시,마도면,두곡리,1635,920,715,1639,922,717,4,2,2
4159033023,2024-01-31,경기도,화성시,마도면,송정리,461,266,195,465,268,197,4,2,2
4159033024,2024-01-31,경기도,화성시,마도면,쌍송리,929,718,211,925,713,212,-4,-5,1
4159033025,2024-01-31,경기도,화성시,마도면,청원리,939,614,325,923,603,320,-16,-11,-5
4159033026,2024-01-31,경기도,화성시,마도면,슬항리,373,212,161,368,207,161,-5,-5,0
4159033027,2024-01-31,경기도,화성시,마도면,해문리,345,181,164,347,182,165,2,1,1
4159033028,2024-01-31,경기도,화성시,마도면,백곡리,405,233,172,401,231,170,-4,-2,-2
4159033029,2024-01-31,경기도,화성시,마도면,금당리,433,239,194,428,237,191,-5,-2,-3
4159033030,2024-01-31,경기도,화성시,마도면,고모리,274,144,130,275,145,130,1,1,0
4159034021,2024-01-31,경기도,화성시,송산면,사강리,3507,1834,1673,3503,1826,1677,-4,-8,4
4159034022,2024-01-31,경기도,화성시,송산면,봉가리,928,550,378,935,556,379,7,6,1
4159034023,2024-01-31,경기도,화성시,송산면,삼존리,785,458,327,784,457,327,-1,-1,0
4159034024,2024-01-31,경기도,화성시,송산면,용포리,318,185,133,315,182,133,-3,-3,0
4159034025,2024-01-31,경기도,화성시,송산면,고정리,518,283,235,502,271,231,-16,-12,-4
4159034026,2024-01-31,경기도,화성시,송산면,쌍정리,431,256,175,434,257,177,3,1,2
4159034027,2024-01-31,경기도,화성시,송산면,천등리,280,142,138,275,139,136,-5,-3,-2
4159034028,2024-01-31,경기도,화성시,송산면,신천리,240,133,107,241,134,107,1,1,0
4159034029,2024-01-31,경기도,화성시,송산면,독지리,530,290,240,526,289,237,-4,-1,-3
4159034030,2024-01-31,경기도,화성시,송산면,마산리,440,234,206,440,234,206,0,0,0
4159034031,2024-01-31,경기도,화성시,송산면,고포리,642,356,286,644,359,285,2,3,-1
4159034032,2024-01-31,경기도,화성시,송산면,지화리,338,184,154,334,183,151,-4,-1,-3
4159034033,2024-01-31,경기도,화성시,송산면,중송리,368,215,153,373,218,155,5,3,2
4159034034,2024-01-31,경기도,화성시,송산면,육일리,1182,648,534,1188,646,542,6,-2,8
4159034035,2024-01-31,경기도,화성시,송산면,칠곡리,248,149,99,251,152,99,3,3,0
4159035021,2024-01-31,경기도,화성시,서신면,전곡리,665,419,246,666,417,249,1,-2,3
4159035022,2024-01-31,경기도,화성시,서신면,상안리,791,438,353,784,433,351,-7,-5,-2
4159035023,2024-01-31,경기도,화성시,서신면,광평리,384,209,175,380,207,173,-4,-2,-2
4159035024,2024-01-31,경기도,화성시,서신면,장외리,540,311,229,537,306,231,-3,-5,2
4159035025,2024-01-31,경기도,화성시,서신면,송교리,685,380,305,697,391,306,12,11,1
4159035026,2024-01-31,경기도,화성시,서신면,제부리,517,278,239,514,278,236,-3,0,-3
4159035027,2024-01-31,경기도,화성시,서신면,홍법리,294,149,145,294,148,146,0,-1,1
4159035028,2024-01-31,경기도,화성시,서신면,사곳리,305,163,142,308,163,145,3,0,3
4159035029,2024-01-31,경기도,화성시,서신면,매화리,1042,577,465,1052,582,470,10,5,5
4159035030,2024-01-31,경기도,화성시,서신면,용두리,598,326,272,597,323,274,-1,-3,2
4159035031,2024-01-31,경기도,화성시,서신면,궁평리,871,465,406,870,465,405,-1,0,-1
4159035032,2024-01-31,경기도,화성시,서신면,백미리,455,267,188,455,269,186,0,2,-2
4159036000,2024-01-31,경기도,화성시,팔탄면,팔탄면,11,10,1,0,0,0,-11,-10,-1
4159036021,2024-01-31,경기도,화성시,팔탄면,하저리,493,293,200,488,293,195,-5,0,-5
4159036022,2024-01-31,경기도,화성시,팔탄면,창곡리,430,280,150,426,279,147,-4,-1,-3
4159036023,2024-01-31,경기도,화성시,팔탄면,기천리,878,446,432,884,447,437,6,1,5
4159036024,2024-01-31,경기도,화성시,팔탄면,가재리,1843,1064,779,1843,1059,784,0,-5,5
4159036025,2024-01-31,경기도,화성시,팔탄면,구장리,1908,1178,730,1898,1174,724,-10,-4,-6
4159036026,2024-01-31,경기도,화성시,팔탄면,율암리,922,648,274,914,648,266,-8,0,-8
4159036027,2024-01-31,경기도,화성시,팔탄면,노하리,599,338,261,601,339,262,2,1,1
4159036028,2024-01-31,경기도,화성시,팔탄면,덕천리,347,204,143,350,207,143,3,3,0
4159036029,2024-01-31,경기도,화성시,팔탄면,지월리,350,217,133,346,215,131,-4,-2,-2
4159036030,2024-01-31,경기도,화성시,팔탄면,덕우리,396,263,133,398,264,134,2,1,1
4159036031,2024-01-31,경기도,화성시,팔탄면,서근리,340,233,107,339,233,106,-1,0,-1
4159036032,2024-01-31,경기도,화성시,팔탄면,월문리,274,154,120,270,153,117,-4,-1,-3
4159036033,2024-01-31,경기도,화성시,팔탄면,화당리,107,59,48,104,57,47,-3,-2,-1
4159036034,2024-01-31,경기도,화성시,팔탄면,고주리,317,203,114,310,197,113,-7,-6,-1
4159036035,2024-01-31,경기도,화성시,팔탄면,매곡리,294,173,121,288,169,119,-6,-4,-2
4159036036,2024-01-31,경기도,화성시,팔탄면,해창리,298,181,117,297,183,114,-1,2,-3
4159037021,2024-01-31,경기도,화성시,장안면,어은리,1073,664,409,1068,665,403,-5,1,-6
4159037022,2024-01-31,경기도,화성시,장안면,석포리,1118,697,421,1109,688,421,-9,-9,0
4159037023,2024-01-31,경기도,화성시,장안면,수촌리,1115,725,390,1107,723,384,-8,-2,-6
4159037024,2024-01-31,경기도,화성시,장안면,독정리,1385,825,560,1384,827,557,-1,2,-3
4159037025,2024-01-31,경기도,화성시,장안면,장안리,1182,651,531,1173,646,527,-9,-5,-4
4159037026,2024-01-31,경기도,화성시,장안면,덕다리,280,156,124,274,153,121,-6,-3,-3
4159037027,2024-01-31,경기도,화성시,장안면,사랑리,489,284,205,486,281,205,-3,-3,0
4159037028,2024-01-31,경기도,화성시,장안면,금의리,310,191,119,308,188,120,-2,-3,1
4159037029,2024-01-31,경기도,화성시,장안면,사곡리,2390,1267,1123,2382,1265,1117,-8,-2,-6
4159037030,2024-01-31,경기도,화성시,장안면,노진리,608,328,280,607,329,278,-1,1,-2
4159040021,2024-01-31,경기도,화성시,양감면,신왕리,772,462,310,772,461,311,0,-1,1
4159040022,2024-01-31,경기도,화성시,양감면,사창리,610,393,217,608,392,216,-2,-1,-1
4159040023,2024-01-31,경기도,화성시,양감면,정문리,235,138,97,234,139,95,-1,1,-2
4159040024,2024-01-31,경기도,화성시,양감면,송산리,536,348,188,545,355,190,9,7,2
4159040025,2024-01-31,경기도,화성시,양감면,용소리,402,230,172,398,227,171,-4,-3,-1
4159040026,2024-01-31,경기도,화성시,양감면,요당리,493,326,167,493,324,169,0,-2,2
4159040027,2024-01-31,경기도,화성시,양감면,대양리,911,558,353,911,558,353,0,0,0
4159041021,2024-01-31,경기도,화성시,정남면,발산리,2207,1272,935,2187,1263,924,-20,-9,-11
4159041022,2024-01-31,경기도,화성시,정남면,괘랑리,1022,565,457,1028,570,458,6,5,1
4159041023,2024-01-31,경기도,화성시,정남면,보통리,1179,781,398,1189,791,398,10,10,0
4159041024,2024-01-31,경기도,화성시,정남면,관항리,463,246,217,462,246,216,-1,0,-1
4159041025,2024-01-31,경기도,화성시,정남면,오일리,203,127,76,200,125,75,-3,-2,-1
4159041026,2024-01-31,경기도,화성시,정남면,백리,345,216,129,341,213,128,-4,-3,-1
4159041027,2024-01-31,경기도,화성시,정남면,문학리,900,520,380,894,518,376,-6,-2,-4
4159041028,2024-01-31,경기도,화성시,정남면,신리,1057,615,442,1053,612,441,-4,-3,-1
4159041029,2024-01-31,경기도,화성시,정남면,계향리,412,239,173,412,237,175,0,-2,2
4159041030,2024-01-31,경기도,화성시,정남면,귀래리,246,154,92,243,152,91,-3,-2,-1
4159041031,2024-01-31,경기도,화성시,정남면,제기리,219,125,94,209,122,87,-10,-3,-7
4159041032,2024-01-31,경기도,화성시,정남면,덕절리,1186,681,505,1186,681,505,0,0,0
4159041033,2024-01-31,경기도,화성시,정남면,음양리,223,136,87,228,141,87,5,5,0
4159041034,2024-01-31,경기도,화성시,정남면,망월리,218,126,92,218,125,93,0,-1,1
4159041035,2024-01-31,경기도,화성시,정남면,수면리,242,132,110,246,134,112,4,2,2
4159041036,2024-01-31,경기도,화성시,정남면,내리,173,99,74,174,100,74,1,1,0
4159041037,2024-01-31,경기도,화성시,정남면,금복리,142,77,65,143,78,65,1,1,0
4159041038,2024-01-31,경기도,화성시,정남면,고지리,359,202,157,352,199,153,-7,-3,-4
4159041039,2024-01-31,경기도,화성시,정남면,용수리,172,103,69,175,105,70,3,2,1
4161010100,2024-01-31,경기도,광주시,경안동,경안동,14158,7312,6846,14090,7277,6813,-68,-35,-33
4161010200,2024-01-31,경기도,광주시,쌍령동,쌍령동,17864,8924,8940,17783,8888,8895,-81,-36,-45
4161010300,2024-01-31,경기도,광주시,송정동,송정동,21202,10769,10433,21101,10727,10374,-101,-42,-59
4161010400,2024-01-31,경기도,광주시,회덕동,회덕동,10097,5207,4890,10072,5180,4892,-25,-27,2
4161010500,2024-01-31,경기도,광주시,탄벌동,탄벌동,17153,8561,8592,17081,8539,8542,-72,-22,-50
4161010600,2024-01-31,경기도,광주시,목현동,목현동,13538,6916,6622,13536,6914,6622,-2,-2,0
4161010700,2024-01-31,경기도,광주시,삼동,삼동,8685,4420,4265,8682,4411,4271,-3,-9,6
4161010800,2024-01-31,경기도,광주시,중대동,중대동,4116,2093,2023,4093,2079,2014,-23,-14,-9
4161010900,2024-01-31,경기도,광주시,직동,직동,504,273,231,510,275,235,6,2,4
4161011000,2024-01-31,경기도,광주시,태전동,태전동,41242,20578,20664,40928,20433,20495,-314,-145,-169
4161011100,2024-01-31,경기도,광주시,장지동,장지동,10577,5398,5179,10515,5359,5156,-62,-39,-23
4161011200,2024-01-31,경기도,광주시,역동,역동,14897,7566,7331,14838,7531,7307,-59,-35,-24
4161011300,2024-01-31,경기도,광주시,목동,목동,1182,644,538,1174,638,536,-8,-6,-2
4161011400,2024-01-31,경기도,광주시,고산동,고산동,7301,3663,3638,9385,4696,4689,2084,1033,1051
4161011500,2024-01-31,경기도,광주시,신현동,신현동,36543,18164,18379,36456,18117,18339,-87,-47,-40
4161011600,2024-01-31,경기도,광주시,능평동,능평동,23141,11563,11578,23052,11516,11536,-89,-47,-42
4161011700,2024-01-31,경기도,광주시,문형동,문형동,9622,5038,4584,9590,5013,4577,-32,-25,-7
4161011800,2024-01-31,경기도,광주시,추자동,추자동,4563,2353,2210,4518,2338,2180,-45,-15,-30
4161011900,2024-01-31,경기도,광주시,매산동,매산동,6962,3648,3314,6891,3610,3281,-71,-38,-33
4161012000,2024-01-31,경기도,광주시,양벌동,양벌동,26586,13393,13193,26432,13296,13136,-154,-97,-57
4161025321,2024-01-31,경기도,광주시,초월읍,대쌍령리,9435,4830,4605,9407,4810,4597,-28,-20,-8
4161025322,2024-01-31,경기도,광주시,초월읍,쌍동리,14098,7182,6916,14097,7172,6925,-1,-10,9
4161025323,2024-01-31,경기도,광주시,초월읍,산이리,7864,3971,3893,7848,3967,3881,-16,-4,-12
4161025324,2024-01-31,경기도,광주시,초월읍,늑현리,443,245,198,451,247,204,8,2,6
4161025325,2024-01-31,경기도,광주시,초월읍,학동리,722,431,291,717,429,288,-5,-2,-3
4161025326,2024-01-31,경기도,광주시,초월읍,선동리,503,306,197,504,309,195,1,3,-2
4161025327,2024-01-31,경기도,광주시,초월읍,용수리,1915,1106,809,1916,1111,805,1,5,-4
4161025328,2024-01-31,경기도,광주시,초월읍,신월리,943,575,368,924,565,359,-19,-10,-9
4161025329,2024-01-31,경기도,광주시,초월읍,지월리,6817,3570,3247,6772,3562,3210,-45,-8,-37
4161025330,2024-01-31,경기도,광주시,초월읍,무갑리,990,549,441,970,534,436,-20,-15,-5
4161025331,2024-01-31,경기도,광주시,초월읍,서하리,344,188,156,342,187,155,-2,-1,-1
4161025332,2024-01-31,경기도,광주시,초월읍,도평리,6332,3159,3173,6314,3160,3154,-18,1,-19
4161025921,2024-01-31,경기도,광주시,곤지암읍,곤지암리,7676,4054,3622,7625,4024,3601,-51,-30,-21
4161025922,2024-01-31,경기도,광주시,곤지암읍,수양리,994,555,439,998,556,442,4,1,3
4161025923,2024-01-31,경기도,광주시,곤지암읍,신촌리,377,229,148,379,231,148,2,2,0
4161025924,2024-01-31,경기도,광주시,곤지암읍,봉현리,376,201,175,377,203,174,1,2,-1
4161025925,2024-01-31,경기도,광주시,곤지암읍,부항리,409,218,191,410,219,191,1,1,0
4161025926,2024-01-31,경기도,광주시,곤지암읍,이선리,230,129,101,229,129,100,-1,0,-1
4161025927,2024-01-31,경기도,광주시,곤지암읍,만선리,673,393,280,673,394,279,0,1,-1
4161025928,2024-01-31,경기도,광주시,곤지암읍,유사리,259,139,120,256,138,118,-3,-1,-2
4161025929,2024-01-31,경기도,광주시,곤지암읍,삼합리,369,201,168,373,204,169,4,3,1
4161025930,2024-01-31,경기도,광주시,곤지암읍,건업리,471,274,197,471,275,196,0,1,-1
4161025931,2024-01-31,경기도,광주시,곤지암읍,장심리,452,240,212,456,242,214,4,2,2
4161025932,2024-01-31,경기도,광주시,곤지암읍,연곡리,540,287,253,540,285,255,0,-2,2
4161025933,2024-01-31,경기도,광주시,곤지암읍,오향리,877,493,384,874,490,384,-3,-3,0
4161025934,2024-01-31,경기도,광주시,곤지암읍,열미리,1467,805,662,1462,804,658,-5,-1,-4
4161025935,2024-01-31,경기도,광주시,곤지암읍,신대리,732,431,301,742,438,304,10,7,3
4161025936,2024-01-31,경기도,광주시,곤지암읍,삼리,6294,3291,3003,6274,3285,2989,-20,-6,-14
4161033021,2024-01-31,경기도,광주시,도척면,노곡리,1387,784,603,1390,790,600,3,6,-3
4161033022,2024-01-31,경기도,광주시,도척면,유정리,698,386,312,703,388,315,5,2,3
4161033023,2024-01-31,경기도,광주시,도척면,방도리,601,337,264,594,336,258,-7,-1,-6
4161033024,2024-01-31,경기도,광주시,도척면,추곡리,312,157,155,315,158,157,3,1,2
4161033025,2024-01-31,경기도,광주시,도척면,상림리,614,322,292,611,319,292,-3,-3,0
4161033026,2024-01-31,경기도,광주시,도척면,도웅리,846,468,378,840,465,375,-6,-3,-3
4161033027,2024-01-31,경기도,광주시,도척면,궁평리,1612,928,684,1615,928,687,3,0,3
4161033028,2024-01-31,경기도,광주시,도척면,진우리,3255,1725,1530,3219,1709,1510,-36,-16,-20
4161034021,2024-01-31,경기도,광주시,퇴촌면,광동리,3378,1705,1673,3376,1707,1669,-2,2,-4
4161034022,2024-01-31,경기도,광주시,퇴촌면,관음리,5705,2866,2839,5670,2846,2824,-35,-20,-15
4161034023,2024-01-31,경기도,광주시,퇴촌면,우산리,467,229,238,466,229,237,-1,0,-1
4161034024,2024-01-31,경기도,광주시,퇴촌면,영동리,519,270,249,512,266,246,-7,-4,-3
4161034025,2024-01-31,경기도,광주시,퇴촌면,도수리,4219,2151,2068,4209,2148,2061,-10,-3,-7
4161034026,2024-01-31,경기도,광주시,퇴촌면,오리,176,88,88,171,85,86,-5,-3,-2
4161034027,2024-01-31,경기도,광주시,퇴촌면,도마리,207,120,87,206,119,87,-1,-1,0
4161034028,2024-01-31,경기도,광주시,퇴촌면,무수리,50,29,21,49,29,20,-1,0,-1
4161034029,2024-01-31,경기도,광주시,퇴촌면,원당리,728,354,374,725,355,370,-3,1,-4
4161034030,2024-01-31,경기도,광주시,퇴촌면,정지리,329,184,145,326,183,143,-3,-1,-2
4161035021,2024-01-31,경기도,광주시,남종면,분원리,301,174,127,304,178,126,3,4,-1
4161035022,2024-01-31,경기도,광주시,남종면,금사리,125,69,56,127,69,58,2,0,2
4161035023,2024-01-31,경기도,광주시,남종면,이석리,58,30,28,58,30,28,0,0,0
4161035024,2024-01-31,경기도,광주시,남종면,삼성리,190,100,90,188,98,90,-2,-2,0
4161035025,2024-01-31,경기도,광주시,남종면,귀여리,344,177,167,347,179,168,3,2,1
4161035026,2024-01-31,경기도,광주시,남종면,검천리,235,122,113,235,122,113,0,0,0
4161035027,2024-01-31,경기도,광주시,남종면,수청리,170,92,78,170,92,78,0,0,0
4161037021,2024-01-31,경기도,광주시,남한산성면,산성리,341,162,179,342,163,179,1,1,0
4161037022,2024-01-31,경기도,광주시,남한산성면,엄미리,306,160,146,309,161,148,3,1,2
4161037023,2024-01-31,경기도,광주시,남한산성면,광지원리,234,122,112,230,120,110,-4,-2,-2
4161037024,2024-01-31,경기도,광주시,남한산성면,상번천리,461,230,231,455,230,225,-6,0,-6
4161037025,2024-01-31,경기도,광주시,남한산성면,하번천리,208,114,94,207,113,94,-1,-1,0
4161037026,2024-01-31,경기도,광주시,남한산성면,오전리,236,128,108,233,126,107,-3,-2,-1
4161037027,2024-01-31,경기도,광주시,남한산성면,불당리,314,160,154,316,161,155,2,1,1
4161037028,2024-01-31,경기도,광주시,남한산성면,검복리,216,123,93,220,124,96,4,1,3
4163010100,2024-01-31,경기도,양주시,유양동,유양동,673,376,297,669,375,294,-4,-1,-3
4163010200,2024-01-31,경기도,양주시,어둔동,어둔동,334,176,158,333,175,158,-1,-1,0
4163010300,2024-01-31,경기도,양주시,남방동,남방동,979,519,460,978,514,464,-1,-5,4
4163010400,2024-01-31,경기도,양주시,마전동,마전동,472,255,217,469,253,216,-3,-2,-1
4163010500,2024-01-31,경기도,양주시,산북동,산북동,2322,1162,1160,2305,1154,1151,-17,-8,-9
4163010600,2024-01-31,경기도,양주시,광사동,광사동,11480,5777,5703,11473,5776,5697,-7,-1,-6
4163010700,2024-01-31,경기도,양주시,만송동,만송동,8744,4097,4647,8723,4077,4646,-21,-20,-1
4163010800,2024-01-31,경기도,양주시,삼숭동,삼숭동,21796,10713,11083,21758,10691,11067,-38,-22,-16
4163010900,2024-01-31,경기도,양주시,고읍동,고읍동,8598,4125,4473,8563,4116,4447,-35,-9,-26
4163011000,2024-01-31,경기도,양주시,덕정동,덕정동,17317,8743,8574,17303,8736,8567,-14,-7,-7
4163011100,2024-01-31,경기도,양주시,봉양동,봉양동,1143,706,437,1137,705,432,-6,-1,-5
4163011200,2024-01-31,경기도,양주시,회암동,회암동,870,501,369,864,497,367,-6,-4,-2
4163011300,2024-01-31,경기도,양주시,율정동,율정동,485,288,197,473,279,194,-12,-9,-3
4163011400,2024-01-31,경기도,양주시,옥정동,옥정동,80196,40002,40194,80927,40341,40586,731,339,392
4163011500,2024-01-31,경기도,양주시,고암동,고암동,16053,7953,8100,16030,7949,8081,-23,-4,-19
4163011600,2024-01-31,경기도,양주시,덕계동,덕계동,31086,15606,15480,32202,16149,16053,1116,543,573
4163011700,2024-01-31,경기도,양주시,회정동,회정동,5505,2823,2682,5570,2855,2715,65,32,33
4163025021,2024-01-31,경기도,양주시,백석읍,방성리,6066,3188,2878,6062,3188,2874,-4,0,-4
4163025022,2024-01-31,경기도,양주시,백석읍,오산리,3412,1758,1654,3415,1760,1655,3,2,1
4163025023,2024-01-31,경기도,양주시,백석읍,복지리,9051,4401,4650,9080,4414,4666,29,13,16
4163025024,2024-01-31,경기도,양주시,백석읍,가업리,4639,2291,2348,4623,2282,2341,-16,-9,-7
4163025025,2024-01-31,경기도,양주시,백석읍,홍죽리,871,465,406,867,463,404,-4,-2,-2
4163025026,2024-01-31,경기도,양주시,백석읍,연곡리,651,363,288,644,358,286,-7,-5,-2
4163025027,2024-01-31,경기도,양주시,백석읍,기산리,454,257,197,461,261,200,7,4,3
4163031021,2024-01-31,경기도,양주시,은현면,용암리,1145,665,480,1143,665,478,-2,0,-2
4163031022,2024-01-31,경기도,양주시,은현면,선암리,1122,647,475,1122,645,477,0,-2,2
4163031023,2024-01-31,경기도,양주시,은현면,운암리,694,405,289,694,405,289,0,0,0
4163031024,2024-01-31,경기도,양주시,은현면,봉암리,910,519,391,905,516,389,-5,-3,-2
4163031025,2024-01-31,경기도,양주시,은현면,하패리,929,519,410,926,518,408,-3,-1,-2
4163031026,2024-01-31,경기도,양주시,은현면,도하리,655,370,285,640,363,277,-15,-7,-8
4163032021,2024-01-31,경기도,양주시,남면,신산리,2773,1550,1223,2773,1546,1227,0,-4,4
4163032022,2024-01-31,경기도,양주시,남면,신암리,339,193,146,337,191,146,-2,-2,0
4163032023,2024-01-31,경기도,양주시,남면,매곡리,313,139,174,311,137,174,-2,-2,0
4163032024,2024-01-31,경기도,양주시,남면,구암리,394,227,167,392,226,166,-2,-1,-1
4163032025,2024-01-31,경기도,양주시,남면,두곡리,146,77,69,143,75,68,-3,-2,-1
4163032026,2024-01-31,경기도,양주시,남면,경신리,265,168,97,258,164,94,-7,-4,-3
4163032027,2024-01-31,경기도,양주시,남면,상수리,991,593,398,986,590,396,-5,-3,-2
4163032028,2024-01-31,경기도,양주시,남면,입암리,384,233,151,385,232,153,1,-1,2
4163032029,2024-01-31,경기도,양주시,남면,한산리,524,285,239,521,286,235,-3,1,-4
4163032030,2024-01-31,경기도,양주시,남면,황방리,314,172,142,312,171,141,-2,-1,-1
4163033021,2024-01-31,경기도,양주시,광적면,가납리,5052,2735,2317,5052,2733,2319,0,-2,2
4163033022,2024-01-31,경기도,양주시,광적면,광석리,1307,680,627,1310,683,627,3,3,0
4163033023,2024-01-31,경기도,양주시,광적면,우고리,604,261,343,603,260,343,-1,-1,0
4163033024,2024-01-31,경기도,양주시,광적면,비암리,357,177,180,354,177,177,-3,0,-3
4163033025,2024-01-31,경기도,양주시,광적면,효촌리,512,283,229,516,286,230,4,3,1
4163033026,2024-01-31,경기도,양주시,광적면,덕도리,793,468,325,784,460,324,-9,-8,-1
4163033027,2024-01-31,경기도,양주시,광적면,석우리,2499,1442,1057,2477,1423,1054,-22,-19,-3
4163034021,2024-01-31,경기도,양주시,장흥면,교현리,971,554,417,952,548,404,-19,-6,-13
4163034022,2024-01-31,경기도,양주시,장흥면,울대리,674,398,276,673,396,277,-1,-2,1
4163034023,2024-01-31,경기도,양주시,장흥면,부곡리,4926,2402,2524,4925,2397,2528,-1,-5,4
4163034024,2024-01-31,경기도,양주시,장흥면,석현리,416,209,207,422,212,210,6,3,3
4163034025,2024-01-31,경기도,양주시,장흥면,일영리,3194,1585,1609,3187,1580,1607,-7,-5,-2
4163034026,2024-01-31,경기도,양주시,장흥면,삼상리,929,498,431,932,499,433,3,1,2
4163034027,2024-01-31,경기도,양주시,장흥면,삼하리,697,377,320,694,375,319,-3,-2,-1
4165010100,2024-01-31,경기도,포천시,신읍동,신읍동,16279,8160,8119,16017,8032,7985,-262,-128,-134
4165010200,2024-01-31,경기도,포천시,어룡동,어룡동,2963,1523,1440,2954,1517,1437,-9,-6,-3
4165010300,2024-01-31,경기도,포천시,자작동,자작동,709,382,327,708,380,328,-1,-2,1
4165010400,2024-01-31,경기도,포천시,선단동,선단동,11396,6039,5357,11365,6032,5333,-31,-7,-24
4165010500,2024-01-31,경기도,포천시,설운동,설운동,1204,718,486,1206,718,488,2,0,2
4165010600,2024-01-31,경기도,포천시,동교동,동교동,1066,596,470,1059,590,469,-7,-6,-1
4165025021,2024-01-31,경기도,포천시,소흘읍,송우리,27865,13861,14004,27749,13805,13944,-116,-56,-60
4165025022,2024-01-31,경기도,포천시,소흘읍,이동교리,5862,3051,2811,5834,3040,2794,-28,-11,-17
4165025023,2024-01-31,경기도,포천시,소흘읍,무림리,839,429,410,833,429,404,-6,0,-6
4165025024,2024-01-31,경기도,포천시,소흘읍,이곡리,926,472,454,927,473,454,1,1,0
4165025025,2024-01-31,경기도,포천시,소흘읍,직동리,1356,696,660,1340,686,654,-16,-10,-6
4165025026,2024-01-31,경기도,포천시,소흘읍,고모리,984,548,436,979,548,431,-5,0,-5
4165025027,2024-01-31,경기도,포천시,소흘읍,이가팔리,1375,779,596,1382,785,597,7,6,1
4165025028,2024-01-31,경기도,포천시,소흘읍,초가팔리,3505,1854,1651,3476,1840,1636,-29,-14,-15
4165025029,2024-01-31,경기도,포천시,소흘읍,무봉리,693,408,285,687,406,281,-6,-2,-4
4165031021,2024-01-31,경기도,포천시,군내면,구읍리,3282,1688,1594,3754,1929,1825,472,241,231
4165031022,2024-01-31,경기도,포천시,군내면,용정리,1118,603,515,1167,624,543,49,21,28
4165031023,2024-01-31,경기도,포천시,군내면,유교리,867,499,368,869,501,368,2,2,0
4165031024,2024-01-31,경기도,포천시,군내면,좌의리,413,237,176,411,237,174,-2,0,-2
4165031025,2024-01-31,경기도,포천시,군내면,명산리,199,108,91,198,107,91,-1,-1,0
4165031026,2024-01-31,경기도,포천시,군내면,직두리,979,529,450,966,523,443,-13,-6,-7
4165031027,2024-01-31,경기도,포천시,군내면,상성북리,586,329,257,579,327,252,-7,-2,-5
4165031028,2024-01-31,경기도,포천시,군내면,하성북리,1172,627,545,1159,616,543,-13,-11,-2
4165032021,2024-01-31,경기도,포천시,내촌면,진목리,636,386,250,634,385,249,-2,-1,-1
4165032022,2024-01-31,경기도,포천시,내촌면,마명리,442,283,159,437,280,157,-5,-3,-2
4165032023,2024-01-31,경기도,포천시,내촌면,음현리,753,456,297,751,454,297,-2,-2,0
4165032024,2024-01-31,경기도,포천시,내촌면,내리,1761,997,764,1756,988,768,-5,-9,4
4165032025,2024-01-31,경기도,포천시,내촌면,소학리,448,260,188,446,261,185,-2,1,-3
4165032026,2024-01-31,경기도,포천시,내촌면,신팔리,285,153,132,284,152,132,-1,-1,0
4165033021,2024-01-31,경기도,포천시,가산면,마산리,2041,1177,864,2039,1173,866,-2,-4,2
4165033022,2024-01-31,경기도,포천시,가산면,감암리,536,310,226,538,309,229,2,-1,3
4165033023,2024-01-31,경기도,포천시,가산면,방축리,843,516,327,835,513,322,-8,-3,-5
4165033024,2024-01-31,경기도,포천시,가산면,가산리,700,423,277,696,423,273,-4,0,-4
4165033025,2024-01-31,경기도,포천시,가산면,정교리,750,453,297,747,451,296,-3,-2,-1
4165033026,2024-01-31,경기도,포천시,가산면,금현리,1151,712,439,1153,712,441,2,0,2
4165033027,2024-01-31,경기도,포천시,가산면,우금리,645,363,282,644,365,279,-1,2,-3
4165033028,2024-01-31,경기도,포천시,가산면,마전리,571,330,241,566,326,240,-5,-4,-1
4165034021,2024-01-31,경기도,포천시,신북면,가채리,4041,2155,1886,4025,2141,1884,-16,-14,-2
4165034022,2024-01-31,경기도,포천시,신북면,기지리,3177,1731,1446,3141,1713,1428,-36,-18,-18
4165034023,2024-01-31,경기도,포천시,신북면,신평리,1112,719,393,1110,718,392,-2,-1,-1
4165034024,2024-01-31,경기도,포천시,신북면,만세교리,435,247,188,441,251,190,6,4,2
4165034025,2024-01-31,경기도,포천시,신북면,심곡리,981,574,407,963,566,397,-18,-8,-10
4165034026,2024-01-31,경기도,포천시,신북면,계류리,485,253,232,482,252,230,-3,-1,-2
4165034027,2024-01-31,경기도,포천시,신북면,고일리,192,113,79,198,115,83,6,2,4
4165034028,2024-01-31,경기도,포천시,신북면,삼성당리,262,138,124,264,138,126,2,0,2
4165034029,2024-01-31,경기도,포천시,신북면,삼정리,221,115,106,222,116,106,1,1,0
4165034030,2024-01-31,경기도,포천시,신북면,갈월리,354,189,165,353,189,164,-1,0,-1
4165034031,2024-01-31,경기도,포천시,신북면,금동리,231,130,101,233,131,102,2,1,1
4165034032,2024-01-31,경기도,포천시,신북면,덕둔리,230,127,103,227,125,102,-3,-2,-1
4165035021,2024-01-31,경기도,포천시,창수면,추동리,449,255,194,449,256,193,0,1,-1
4165035022,2024-01-31,경기도,포천시,창수면,주원리,517,274,243,519,274,245,2,0,2
4165035023,2024-01-31,경기도,포천시,창수면,가양리,317,183,134,320,186,134,3,3,0
4165035024,2024-01-31,경기도,포천시,창수면,오가리,522,276,246,522,277,245,0,1,-1
4165035025,2024-01-31,경기도,포천시,창수면,고소성리,141,94,47,143,96,47,2,2,0
4165035026,2024-01-31,경기도,포천시,창수면,운산리,117,63,54,117,63,54,0,0,0
4165036021,2024-01-31,경기도,포천시,영중면,양문리,1646,884,762,1636,880,756,-10,-4,-6
4165036022,2024-01-31,경기도,포천시,영중면,금주리,931,501,430,929,498,431,-2,-3,1
4165036023,2024-01-31,경기도,포천시,영중면,거사리,538,267,271,533,263,270,-5,-4,-1
4165036024,2024-01-31,경기도,포천시,영중면,성동리,890,480,410,887,478,409,-3,-2,-1
4165036025,2024-01-31,경기도,포천시,영중면,영평리,333,169,164,338,173,165,5,4,1
4165036026,2024-01-31,경기도,포천시,영중면,영송리,292,175,117,293,175,118,1,0,1
4165037000,2024-01-31,경기도,포천시,일동면,일동면,1,1,0,0,0,0,-1,-1,0
4165037021,2024-01-31,경기도,포천시,일동면,길명리,462,255,207,458,253,205,-4,-2,-2
4165037022,2024-01-31,경기도,포천시,일동면,유동리,503,272,231,504,269,235,1,-3,4
4165037023,2024-01-31,경기도,포천시,일동면,기산리,5672,2971,2701,5677,2983,2694,5,12,-7
4165037024,2024-01-31,경기도,포천시,일동면,화대리,704,377,327,705,376,329,1,-1,2
4165037025,2024-01-31,경기도,포천시,일동면,사직리,722,390,332,727,394,333,5,4,1
4165037026,2024-01-31,경기도,포천시,일동면,수입리,1039,521,518,1056,529,527,17,8,9
4165038021,2024-01-31,경기도,포천시,이동면,장암리,2178,1169,1009,2186,1178,1008,8,9,-1
4165038022,2024-01-31,경기도,포천시,이동면,도평리,893,485,408,887,481,406,-6,-4,-2
4165038023,2024-01-31,경기도,포천시,이동면,연곡리,902,485,417,899,482,417,-3,-3,0
4165038024,2024-01-31,경기도,포천시,이동면,노곡리,1741,976,765,1735,977,758,-6,1,-7
4165039021,2024-01-31,경기도,포천시,영북면,운천리,5407,2941,2466,5384,2930,2454,-23,-11,-12
4165039022,2024-01-31,경기도,포천시,영북면,자일리,684,364,320,684,366,318,0,2,-2
4165039023,2024-01-31,경기도,포천시,영북면,산정리,586,290,296,581,292,289,-5,2,-7
4165039024,2024-01-31,경기도,포천시,영북면,야미리,509,272,237,505,270,235,-4,-2,-2
4165039025,2024-01-31,경기도,포천시,영북면,문암리,286,160,126,285,161,124,-1,1,-2
4165039026,2024-01-31,경기도,포천시,영북면,대회산리,145,76,69,144,76,68,-1,0,-1
4165039027,2024-01-31,경기도,포천시,영북면,소회산리,136,76,60,136,77,59,0,1,-1
4165040021,2024-01-31,경기도,포천시,관인면,중리,342,177,165,342,177,165,0,0,0
4165040022,2024-01-31,경기도,포천시,관인면,삼율리,190,109,81,193,111,82,3,2,1
4165040023,2024-01-31,경기도,포천시,관인면,초과리,535,264,271,538,267,271,3,3,0
4165040024,2024-01-31,경기도,포천시,관인면,탄동리,840,432,408,837,429,408,-3,-3,0
4165040025,2024-01-31,경기도,포천시,관인면,냉정리,450,236,214,454,238,216,4,2,2
4165040026,2024-01-31,경기도,포천시,관인면,사정리,207,110,97,200,108,92,-7,-2,-5
4165041021,2024-01-31,경기도,포천시,화현면,화현리,1572,819,753,1551,812,739,-21,-7,-14
4165041022,2024-01-31,경기도,포천시,화현면,명덕리,429,236,193,431,237,194,2,1,1
4165041023,2024-01-31,경기도,포천시,화현면,지현리,574,306,268,568,303,265,-6,-3,-3
4167010100,2024-01-31,경기도,여주시,상동,상동,2700,1359,1341,2682,1352,1330,-18,-7,-11
4167010200,2024-01-31,경기도,여주시,홍문동,홍문동,6294,3081,3213,6349,3109,3240,55,28,27
4167010300,2024-01-31,경기도,여주시,창동,창동,1964,968,996,1959,970,989,-5,2,-7
4167010400,2024-01-31,경기도,여주시,우만동,우만동,377,196,181,379,196,183,2,0,2
4167010500,2024-01-31,경기도,여주시,단현동,단현동,253,123,130,254,123,131,1,0,1
4167010600,2024-01-31,경기도,여주시,신진동,신진동,312,160,152,312,161,151,0,1,-1
4167010700,2024-01-31,경기도,여주시,하동,하동,4831,2466,2365,4817,2471,2346,-14,5,-19
4167010800,2024-01-31,경기도,여주시,교동,교동,12850,6329,6521,12868,6329,6539,18,0,18
4167010900,2024-01-31,경기도,여주시,월송동,월송동,3619,1805,1814,3629,1813,1816,10,8,2
4167011000,2024-01-31,경기도,여주시,가업동,가업동,277,147,130,278,148,130,1,1,0
4167011100,2024-01-31,경기도,여주시,연라동,연라동,714,386,328,718,385,333,4,-1,5
4167011200,2024-01-31,경기도,여주시,상거동,상거동,304,156,148,300,155,145,-4,-1,-3
4167011300,2024-01-31,경기도,여주시,하거동,하거동,381,211,170,377,209,168,-4,-2,-2
4167011400,2024-01-31,경기도,여주시,삼교동,삼교동,668,350,318,670,352,318,2,2,0
4167011500,2024-01-31,경기도,여주시,점봉동,점봉동,5798,2968,2830,5809,2980,2829,11,12,-1
4167011600,2024-01-31,경기도,여주시,능현동,능현동,640,313,327,643,313,330,3,0,3
4167011700,2024-01-31,경기도,여주시,멱곡동,멱곡동,1073,518,555,1077,521,556,4,3,1
4167011800,2024-01-31,경기도,여주시,연양동,연양동,1674,847,827,1672,852,820,-2,5,-7
4167011900,2024-01-31,경기도,여주시,매룡동,매룡동,443,211,232,451,215,236,8,4,4
4167012000,2024-01-31,경기도,여주시,천송동,천송동,3496,1773,1723,3490,1765,1725,-6,-8,2
4167012100,2024-01-31,경기도,여주시,오학동,오학동,5421,2633,2788,5408,2622,2786,-13,-11,-2
4167012200,2024-01-31,경기도,여주시,현암동,현암동,8614,4258,4356,8612,4261,4351,-2,3,-5
4167012300,2024-01-31,경기도,여주시,오금동,오금동,473,255,218,471,253,218,-2,-2,0
4167025021,2024-01-31,경기도,여주시,가남읍,태평리,3346,1797,1549,3348,1798,1550,2,1,1
4167025022,2024-01-31,경기도,여주시,가남읍,상활리,327,179,148,325,178,147,-2,-1,-1
4167025023,2024-01-31,경기도,여주시,가남읍,신해리,4036,2052,1984,4033,2047,1986,-3,-5,2
4167025024,2024-01-31,경기도,여주시,가남읍,대신리,357,194,163,358,195,163,1,1,0
4167025025,2024-01-31,경기도,여주시,가남읍,은봉리,333,170,163,331,170,161,-2,0,-2
4167025026,2024-01-31,경기도,여주시,가남읍,건장리,274,134,140,275,134,141,1,0,1
4167025027,2024-01-31,경기도,여주시,가남읍,심석리,2044,1023,1021,2045,1020,1025,1,-3,4
4167025028,2024-01-31,경기도,여주시,가남읍,삼군리,490,263,227,492,265,227,2,2,0
4167025029,2024-01-31,경기도,여주시,가남읍,오산리,212,119,93,207,115,92,-5,-4,-1
4167025030,2024-01-31,경기도,여주시,가남읍,정단리,152,81,71,149,79,70,-3,-2,-1
4167025031,2024-01-31,경기도,여주시,가남읍,화평리,254,130,124,255,131,124,1,1,0
4167025032,2024-01-31,경기도,여주시,가남읍,본두리,597,322,275,597,323,274,0,1,-1
4167025033,2024-01-31,경기도,여주시,가남읍,하귀리,144,75,69,145,76,69,1,1,0
4167025034,2024-01-31,경기도,여주시,가남읍,안금리,265,149,116,268,151,117,3,2,1
4167025035,2024-01-31,경기도,여주시,가남읍,양귀리,328,181,147,331,182,149,3,1,2
4167025036,2024-01-31,경기도,여주시,가남읍,연대리,220,117,103,220,117,103,0,0,0
4167025037,2024-01-31,경기도,여주시,가남읍,금당리,420,216,204,418,212,206,-2,-4,2
4167025038,2024-01-31,경기도,여주시,가남읍,금곡리,194,101,93,194,102,92,0,1,-1
4167025039,2024-01-31,경기도,여주시,가남읍,송림리,226,122,104,225,120,105,-1,-2,1
4167025040,2024-01-31,경기도,여주시,가남읍,삼승리,249,138,111,252,138,114,3,0,3
4167031021,2024-01-31,경기도,여주시,점동면,청안리,1222,663,559,1218,659,559,-4,-4,0
4167031022,2024-01-31,경기도,여주시,점동면,부구리,149,75,74,148,74,74,-1,-1,0
4167031023,2024-01-31,경기도,여주시,점동면,덕평리,428,215,213,431,217,214,3,2,1
4167031024,2024-01-31,경기도,여주시,점동면,원부리,191,102,89,189,101,88,-2,-1,-1
4167031025,2024-01-31,경기도,여주시,점동면,관한리,213,95,118,212,94,118,-1,-1,0
4167031026,2024-01-31,경기도,여주시,점동면,뇌곡리,215,107,108,214,107,107,-1,0,-1
4167031027,2024-01-31,경기도,여주시,점동면,성신리,161,82,79,158,80,78,-3,-2,-1
4167031028,2024-01-31,경기도,여주시,점동면,당진리,337,167,170,285,148,137,-52,-19,-33
4167031029,2024-01-31,경기도,여주시,점동면,현수리,181,93,88,178,91,87,-3,-2,-1
4167031030,2024-01-31,경기도,여주시,점동면,사곡리,203,111,92,197,106,91,-6,-5,-1
4167031031,2024-01-31,경기도,여주시,점동면,장안리,342,165,177,345,167,178,3,2,1
4167031032,2024-01-31,경기도,여주시,점동면,삼합리,220,111,109,220,110,110,0,-1,1
4167031033,2024-01-31,경기도,여주시,점동면,도리,147,70,77,149,72,77,2,2,0
4167031034,2024-01-31,경기도,여주시,점동면,흔암리,247,132,115,253,135,118,6,3,3
4167031035,2024-01-31,경기도,여주시,점동면,처리,480,252,228,477,251,226,-3,-1,-2
4167032021,2024-01-31,경기도,여주시,흥천면,복대리,369,192,177,374,193,181,5,1,4
4167032022,2024-01-31,경기도,여주시,흥천면,계신리,248,139,109,249,139,110,1,0,1
4167032023,2024-01-31,경기도,여주시,흥천면,문장리,390,206,184,390,205,185,0,-1,1
4167032024,2024-01-31,경기도,여주시,흥천면,내사리,127,64,63,127,64,63,0,0,0
4167032025,2024-01-31,경기도,여주시,흥천면,외사리,689,352,337,693,354,339,4,2,2
4167032026,2024-01-31,경기도,여주시,흥천면,상대리,319,185,134,316,184,132,-3,-1,-2
4167032027,2024-01-31,경기도,여주시,흥천면,다대리,301,166,135,299,167,132,-2,1,-3
4167032028,2024-01-31,경기도,여주시,흥천면,하다리,237,128,109,239,130,109,2,2,0
4167032029,2024-01-31,경기도,여주시,흥천면,상백리,191,94,97,188,93,95,-3,-1,-2
4167032030,2024-01-31,경기도,여주시,흥천면,귀백리,371,192,179,374,193,181,3,1,2
4167032031,2024-01-31,경기도,여주시,흥천면,율극리,281,153,128,280,153,127,-1,0,-1
4167032032,2024-01-31,경기도,여주시,흥천면,효지리,535,280,255,536,281,255,1,1,0
4167032033,2024-01-31,경기도,여주시,흥천면,대당리,417,220,197,422,223,199,5,3,2
4167032034,2024-01-31,경기도,여주시,흥천면,신근리,544,293,251,537,290,247,-7,-3,-4
4167033021,2024-01-31,경기도,여주시,금사면,이포리,775,390,385,773,391,382,-2,1,-3
4167033022,2024-01-31,경기도,여주시,금사면,궁리,243,136,107,242,135,107,-1,-1,0
4167033023,2024-01-31,경기도,여주시,금사면,도곡리,274,137,137,270,136,134,-4,-1,-3
4167033024,2024-01-31,경기도,여주시,금사면,장흥리,97,49,48,98,50,48,1,1,0
4167033025,2024-01-31,경기도,여주시,금사면,주록리,162,87,75,163,88,75,1,1,0
4167033026,2024-01-31,경기도,여주시,금사면,전북리,253,135,118,252,135,117,-1,0,-1
4167033027,2024-01-31,경기도,여주시,금사면,소유리,124,63,61,124,63,61,0,0,0
4167033028,2024-01-31,경기도,여주시,금사면,상호리,159,85,74,161,86,75,2,1,1
4167033029,2024-01-31,경기도,여주시,금사면,하호리,156,77,79,158,77,81,2,0,2
4167033030,2024-01-31,경기도,여주시,금사면,금사리,284,139,145,283,139,144,-1,0,-1
4167033031,2024-01-31,경기도,여주시,금사면,외평리,391,196,195,390,197,193,-1,1,-2
4167034521,2024-01-31,경기도,여주시,세종대왕면,번도리,1092,555,537,1092,552,540,0,-3,3
4167034522,2024-01-31,경기도,여주시,세종대왕면,구양리,198,98,100,202,100,102,4,2,2
4167034523,2024-01-31,경기도,여주시,세종대왕면,왕대리,695,335,360,695,335,360,0,0,0
4167034524,2024-01-31,경기도,여주시,세종대왕면,백석리,393,211,182,392,211,181,-1,0,-1
4167034525,2024-01-31,경기도,여주시,세종대왕면,내양리,378,194,184,378,193,185,0,-1,1
4167034526,2024-01-31,경기도,여주시,세종대왕면,용은리,426,230,196,424,229,195,-2,-1,-1
4167034527,2024-01-31,경기도,여주시,세종대왕면,매화리,179,98,81,180,98,82,1,0,1
4167034528,2024-01-31,경기도,여주시,세종대왕면,양거리,204,102,102,205,104,101,1,2,-1
4167034529,2024-01-31,경기도,여주시,세종대왕면,마래리,266,143,123,269,144,125,3,1,2
4167034530,2024-01-31,경기도,여주시,세종대왕면,광대리,432,226,206,434,226,208,2,0,2
4167034531,2024-01-31,경기도,여주시,세종대왕면,오계리,355,171,184,353,169,184,-2,-2,0
4167034532,2024-01-31,경기도,여주시,세종대왕면,매류리,459,236,223,458,236,222,-1,0,-1
4167034533,2024-01-31,경기도,여주시,세종대왕면,신지리,838,464,374,838,463,375,0,-1,1
4167035021,2024-01-31,경기도,여주시,대신면,후포리,466,245,221,471,247,224,5,2,3
4167035022,2024-01-31,경기도,여주시,대신면,당산리,262,135,127,261,134,127,-1,-1,0
4167035023,2024-01-31,경기도,여주시,대신면,가산리,376,203,173,370,201,169,-6,-2,-4
4167035024,2024-01-31,경기도,여주시,대신면,천남리,424,227,197,426,230,196,2,3,-1
4167035025,2024-01-31,경기도,여주시,대신면,하림리,326,164,162,321,162,159,-5,-2,-3
4167035026,2024-01-31,경기도,여주시,대신면,상구리,280,149,131,278,147,131,-2,-2,0
4167035027,2024-01-31,경기도,여주시,대신면,장풍리,406,207,199,409,210,199,3,3,0
4167035028,2024-01-31,경기도,여주시,대신면,옥촌리,389,203,186,392,207,185,3,4,-1
4167035029,2024-01-31,경기도,여주시,대신면,윤촌리,161,82,79,159,81,78,-2,-1,-1
4167035030,2024-01-31,경기도,여주시,대신면,무촌리,163,87,76,163,87,76,0,0,0
4167035031,2024-01-31,경기도,여주시,대신면,도롱리,150,77,73,151,78,73,1,1,0
4167035032,2024-01-31,경기도,여주시,대신면,계림리,253,135,118,248,131,117,-5,-4,-1
4167035033,2024-01-31,경기도,여주시,대신면,송촌리,323,182,141,324,182,142,1,0,1
4167035034,2024-01-31,경기도,여주시,대신면,천서리,455,237,218,454,237,217,-1,0,-1
4167035035,2024-01-31,경기도,여주시,대신면,당남리,145,75,70,146,76,70,1,1,0
4167035036,2024-01-31,경기도,여주시,대신면,보통리,485,234,251,481,233,248,-4,-1,-3
4167035037,2024-01-31,경기도,여주시,대신면,율촌리,978,492,486,978,491,487,0,-1,1
4167035038,2024-01-31,경기도,여주시,대신면,초현리,533,281,252,534,282,252,1,1,0
4167035039,2024-01-31,경기도,여주시,대신면,양촌리,88,50,38,88,50,38,0,0,0
4167036021,2024-01-31,경기도,여주시,북내면,당우리,634,313,321,628,311,317,-6,-2,-4
4167036022,2024-01-31,경기도,여주시,북내면,신남리,531,272,259,531,275,256,0,3,-3
4167036023,2024-01-31,경기도,여주시,북내면,외룡리,284,160,124,276,154,122,-8,-6,-2
4167036024,2024-01-31,경기도,여주시,북내면,내룡리,96,52,44,95,52,43,-1,0,-1
4167036025,2024-01-31,경기도,여주시,북내면,상교리,182,111,71,180,109,71,-2,-2,0
4167036026,2024-01-31,경기도,여주시,북내면,주암리,214,110,104,214,110,104,0,0,0
4167036027,2024-01-31,경기도,여주시,북내면,서원리,192,100,92,192,100,92,0,0,0
4167036028,2024-01-31,경기도,여주시,북내면,석우리,234,116,118,237,117,120,3,1,2
4167036029,2024-01-31,경기도,여주시,북내면,덕산리,172,85,87,171,85,86,-1,0,-1
4167036030,2024-01-31,경기도,여주시,북내면,장암리,386,207,179,375,199,176,-11,-8,-3
4167036031,2024-01-31,경기도,여주시,북내면,중암리,269,140,129,273,142,131,4,2,2
4167036032,2024-01-31,경기도,여주시,북내면,운촌리,302,165,137,306,168,138,4,3,1
4167036033,2024-01-31,경기도,여주시,북내면,신접리,340,182,158,341,185,156,1,3,-2
4167036034,2024-01-31,경기도,여주시,북내면,지내리,479,243,236,476,240,236,-3,-3,0
4167036035,2024-01-31,경기도,여주시,북내면,가정리,414,213,201,418,217,201,4,4,0
4167037021,2024-01-31,경기도,여주시,강천면,간매리,407,216,191,409,217,192,2,1,1
4167037022,2024-01-31,경기도,여주시,강천면,걸은리,480,249,231,479,248,231,-1,-1,0
4167037023,2024-01-31,경기도,여주시,강천면,이호리,529,272,257,528,272,256,-1,0,-1
4167037024,2024-01-31,경기도,여주시,강천면,가야리,607,301,306,607,301,306,0,0,0
4167037025,2024-01-31,경기도,여주시,강천면,적금리,480,244,236,479,244,235,-1,0,-1
4167037026,2024-01-31,경기도,여주시,강천면,굴암리,321,166,155,316,164,152,-5,-2,-3
4167037027,2024-01-31,경기도,여주시,강천면,강천리,409,224,185,408,225,183,-1,1,-2
4167037028,2024-01-31,경기도,여주시,강천면,부평리,268,146,122,266,144,122,-2,-2,0
4167037029,2024-01-31,경기도,여주시,강천면,도전리,810,423,387,809,424,385,-1,1,-2
4167038021,2024-01-31,경기도,여주시,산북면,상품리,817,409,408,815,409,406,-2,0,-2
4167038022,2024-01-31,경기도,여주시,산북면,송현리,306,153,153,305,153,152,-1,0,-1
4167038023,2024-01-31,경기도,여주시,산북면,후리,259,140,119,237,125,112,-22,-15,-7
4167038024,2024-01-31,경기도,여주시,산북면,명품리,277,147,130,275,145,130,-2,-2,0
4167038025,2024-01-31,경기도,여주시,산북면,주어리,223,111,112,223,110,113,0,-1,1
4167038026,2024-01-31,경기도,여주시,산북면,백자리,259,138,121,258,137,121,-1,-1,0
4167038027,2024-01-31,경기도,여주시,산북면,용담리,336,167,169,330,163,167,-6,-4,-2
4180025021,2024-01-31,경기도,연천군,연천읍,차탄리,1570,833,737,1556,827,729,-14,-6,-8
4180025022,2024-01-31,경기도,연천군,연천읍,현가리,693,343,350,692,345,347,-1,2,-3
4180025023,2024-01-31,경기도,연천군,연천읍,상리,843,420,423,841,417,424,-2,-3,1
4180025024,2024-01-31,경기도,연천군,연천읍,와초리,244,119,125,245,119,126,1,0,1
4180025025,2024-01-31,경기도,연천군,연천읍,옥산리,1674,835,839,1698,849,849,24,14,10
4180025026,2024-01-31,경기도,연천군,연천읍,읍내리,119,61,58,121,62,59,2,1,1
4180025027,2024-01-31,경기도,연천군,연천읍,동막리,315,172,143,316,172,144,1,0,1
4180025028,2024-01-31,경기도,연천군,연천읍,통현리,2129,1253,876,2140,1264,876,11,11,0
4180025029,2024-01-31,경기도,연천군,연천읍,고문리,240,136,104,242,137,105,2,1,1
4180025321,2024-01-31,경기도,연천군,전곡읍,전곡리,12102,6111,5991,12072,6099,5973,-30,-12,-18
4180025322,2024-01-31,경기도,연천군,전곡읍,은대리,4896,2533,2363,4835,2510,2325,-61,-23,-38
4180025323,2024-01-31,경기도,연천군,전곡읍,신답리,258,136,122,261,136,125,3,0,3
4180025324,2024-01-31,경기도,연천군,전곡읍,고능리,104,57,47,103,58,45,-1,1,-2
4180025325,2024-01-31,경기도,연천군,전곡읍,마포리,17,8,9,17,8,9,0,0,0
4180025326,2024-01-31,경기도,연천군,전곡읍,양원리,343,197,146,341,195,146,-2,-2,0
4180025327,2024-01-31,경기도,연천군,전곡읍,간파리,135,79,56,136,80,56,1,1,0
4180025328,2024-01-31,경기도,연천군,전곡읍,늘목리,200,104,96,196,103,93,-4,-1,-3
4180031021,2024-01-31,경기도,연천군,군남면,진상리,470,237,233,466,235,231,-4,-2,-2
4180031022,2024-01-31,경기도,연천군,군남면,옥계리,463,237,226,461,236,225,-2,-1,-1
4180031023,2024-01-31,경기도,연천군,군남면,삼거리,417,208,209,415,208,207,-2,0,-2
4180031024,2024-01-31,경기도,연천군,군남면,왕림리,264,174,90,273,179,94,9,5,4
4180031025,2024-01-31,경기도,연천군,군남면,선곡리,296,154,142,293,152,141,-3,-2,-1
4180031026,2024-01-31,경기도,연천군,군남면,황지리,426,239,187,432,244,188,6,5,1
4180031027,2024-01-31,경기도,연천군,군남면,남계리,638,323,315,632,320,312,-6,-3,-3
4180032021,2024-01-31,경기도,연천군,청산면,초성리,1512,772,740,1513,770,743,1,-2,3
4180032022,2024-01-31,경기도,연천군,청산면,대전리,354,215,139,353,215,138,-1,0,-1
4180032023,2024-01-31,경기도,연천군,청산면,장탄리,343,178,165,341,178,163,-2,0,-2
4180032024,2024-01-31,경기도,연천군,청산면,궁평리,958,535,423,960,534,426,2,-1,3
4180032025,2024-01-31,경기도,연천군,청산면,백의리,1009,563,446,1003,558,445,-6,-5,-1
4180033021,2024-01-31,경기도,연천군,백학면,두일리,740,376,364,744,380,364,4,4,0
4180033022,2024-01-31,경기도,연천군,백학면,백령리,337,176,161,339,176,163,2,0,2
4180033023,2024-01-31,경기도,연천군,백학면,통구리,158,93,65,158,93,65,0,0,0
4180033024,2024-01-31,경기도,연천군,백학면,전동리,164,88,76,161,86,75,-3,-2,-1
4180033025,2024-01-31,경기도,연천군,백학면,노곡리,609,336,273,602,331,271,-7,-5,-2
4180033026,2024-01-31,경기도,연천군,백학면,학곡리,149,77,72,148,76,72,-1,-1,0
4180033027,2024-01-31,경기도,연천군,백학면,구미리,111,61,50,111,61,50,0,0,0
4180033028,2024-01-31,경기도,연천군,백학면,두현리,45,23,22,45,23,22,0,0,0
4180033046,2024-01-31,경기도,연천군,백학면,석장리,195,111,84,196,112,84,1,1,0
4180034021,2024-01-31,경기도,연천군,미산면,동이리,174,104,70,174,104,70,0,0,0
4180034022,2024-01-31,경기도,연천군,미산면,아미리,352,193,159,349,191,158,-3,-2,-1
4180034023,2024-01-31,경기도,연천군,미산면,백석리,217,120,97,218,121,97,1,1,0
4180034024,2024-01-31,경기도,연천군,미산면,유촌리,261,137,124,260,136,124,-1,-1,0
4180034025,2024-01-31,경기도,연천군,미산면,광동리,70,36,34,71,37,34,1,1,0
4180034026,2024-01-31,경기도,연천군,미산면,마전리,97,50,47,99,51,48,2,1,1
4180034027,2024-01-31,경기도,연천군,미산면,우정리,364,200,164,363,200,163,-1,0,-1
4180034028,2024-01-31,경기도,연천군,미산면,삼화리,170,94,76,173,96,77,3,2,1
4180035021,2024-01-31,경기도,연천군,왕징면,무등리,339,176,163,339,174,165,0,-2,2
4180035022,2024-01-31,경기도,연천군,왕징면,노동리,132,69,63,130,68,62,-2,-1,-1
4180035023,2024-01-31,경기도,연천군,왕징면,북삼리,313,167,146,319,168,151,6,1,5
4180035026,2024-01-31,경기도,연천군,왕징면,동중리,202,119,83,198,117,81,-4,-2,-2
4180036021,2024-01-31,경기도,연천군,신서면,대광리,809,408,401,801,402,399,-8,-6,-2
4180036022,2024-01-31,경기도,연천군,신서면,도신리,1433,750,683,1427,745,682,-6,-5,-1
4180036023,2024-01-31,경기도,연천군,신서면,내산리,187,95,92,187,96,91,0,1,-1
4180036025,2024-01-31,경기도,연천군,신서면,답곡리,46,25,21,45,25,20,-1,0,-1
4180037021,2024-01-31,경기도,연천군,중면,삼곶리,85,45,40,83,44,39,-2,-1,-1
4180037022,2024-01-31,경기도,연천군,중면,횡산리,53,32,21,53,32,21,0,0,0
4180037024,2024-01-31,경기도,연천군,중면,적거리,7,7,0,7,7,0,0,0,0
4180037026,2024-01-31,경기도,연천군,중면,합수리,19,11,8,19,11,8,0,0,0
4180038021,2024-01-31,경기도,연천군,장남면,원당리,614,311,303,611,310,301,-3,-1,-2
4180038022,2024-01-31,경기도,연천군,장남면,자작리,64,35,29,65,35,30,1,0,1
4180038023,2024-01-31,경기도,연천군,장남면,판부리,7,5,2,8,5,3,1,0,1
4180038025,2024-01-31,경기도,연천군,장남면,고랑포리,29,14,15,30,15,15,1,1,0
4182025000,2024-01-31,경기도,가평군,가평읍,가평읍,2,1,1,0,0,0,-2,-1,-1
4182025021,2024-01-31,경기도,가평군,가평읍,읍내리,8884,4428,4456,9041,4502,4539,157,74,83
4182025022,2024-01-31,경기도,가평군,가평읍,대곡리,5182,2639,2543,5229,2672,2557,47,33,14
4182025023,2024-01-31,경기도,가평군,가평읍,달전리,1654,851,803,1638,844,794,-16,-7,-9
4182025024,2024-01-31,경기도,가평군,가평읍,하색리,540,286,254,542,284,258,2,-2,4
4182025025,2024-01-31,경기도,가평군,가평읍,상색리,259,144,115,254,140,114,-5,-4,-1
4182025026,2024-01-31,경기도,가평군,가평읍,두밀리,507,252,255,505,249,256,-2,-3,1
4182025027,2024-01-31,경기도,가평군,가평읍,경반리,625,326,299,619,321,298,-6,-5,-1
4182025028,2024-01-31,경기도,가평군,가평읍,승안리,706,385,321,695,379,316,-11,-6,-5
4182025029,2024-01-31,경기도,가평군,가평읍,마장리,844,417,427,857,419,438,13,2,11
4182025030,2024-01-31,경기도,가평군,가평읍,개곡리,359,182,177,364,186,178,5,4,1
4182025031,2024-01-31,경기도,가평군,가평읍,이화리,265,144,121,257,138,119,-8,-6,-2
4182025032,2024-01-31,경기도,가평군,가평읍,산유리,281,146,135,279,145,134,-2,-1,-1
4182025033,2024-01-31,경기도,가평군,가평읍,복장리,245,128,117,244,126,118,-1,-2,1
4182025034,2024-01-31,경기도,가평군,가평읍,금대리,303,162,141,306,164,142,3,2,1
4182031021,2024-01-31,경기도,가평군,설악면,신천리,1963,1021,942,1957,1025,932,-6,4,-10
4182031022,2024-01-31,경기도,가평군,설악면,선촌리,2055,1069,986,2041,1058,983,-14,-11,-3
4182031023,2024-01-31,경기도,가평군,설악면,회곡리,486,255,231,488,253,235,2,-2,4
4182031024,2024-01-31,경기도,가평군,설악면,사룡리,220,122,98,219,122,97,-1,0,-1
4182031025,2024-01-31,경기도,가평군,설악면,송산리,413,222,191,415,221,194,2,-1,3
4182031026,2024-01-31,경기도,가평군,설악면,미사리,214,117,97,219,119,100,5,2,3
4182031027,2024-01-31,경기도,가평군,설악면,위곡리,768,391,377,764,390,374,-4,-1,-3
4182031028,2024-01-31,경기도,가평군,설악면,창의리,517,274,243,509,270,239,-8,-4,-4
4182031029,2024-01-31,경기도,가평군,설악면,엄소리,369,192,177,369,193,176,0,1,-1
4182031030,2024-01-31,경기도,가평군,설악면,설곡리,435,224,211,437,223,214,2,-1,3
4182031031,2024-01-31,경기도,가평군,설악면,묵안리,418,206,212,418,204,214,0,-2,2
4182031032,2024-01-31,경기도,가평군,설악면,가일리,505,252,253,502,247,255,-3,-5,2
4182031033,2024-01-31,경기도,가평군,설악면,방일리,517,256,261,510,253,257,-7,-3,-4
4182031034,2024-01-31,경기도,가평군,설악면,천안리,460,225,235,458,224,234,-2,-1,-1
4182031035,2024-01-31,경기도,가평군,설악면,이천리,305,156,149,306,158,148,1,2,-1
4182032521,2024-01-31,경기도,가평군,청평면,청평리,8819,4468,4351,8795,4457,4338,-24,-11,-13
4182032522,2024-01-31,경기도,가평군,청평면,상천리,1716,871,845,1708,863,845,-8,-8,0
4182032523,2024-01-31,경기도,가평군,청평면,하천리,549,287,262,548,287,261,-1,0,-1
4182032524,2024-01-31,경기도,가평군,청평면,대성리,1365,721,644,1357,716,641,-8,-5,-3
4182032525,2024-01-31,경기도,가평군,청평면,호명리,194,109,85,199,113,86,5,4,1
4182032526,2024-01-31,경기도,가평군,청평면,고성리,298,161,137,298,160,138,0,-1,1
4182032527,2024-01-31,경기도,가평군,청평면,삼회리,556,287,269,557,288,269,1,1,0
4182033021,2024-01-31,경기도,가평군,상면,연하리,779,397,382,788,402,386,9,5,4
4182033022,2024-01-31,경기도,가평군,상면,항사리,629,324,305,625,321,304,-4,-3,-1
4182033023,2024-01-31,경기도,가평군,상면,행현리,1022,536,486,1013,533,480,-9,-3,-6
4182033024,2024-01-31,경기도,가평군,상면,임초리,726,363,363,724,363,361,-2,0,-2
4182033025,2024-01-31,경기도,가평군,상면,덕현리,646,346,300,642,343,299,-4,-3,-1
4182033026,2024-01-31,경기도,가평군,상면,태봉리,269,162,107,266,159,107,-3,-3,0
4182033027,2024-01-31,경기도,가평군,상면,상동리,302,156,146,295,151,144,-7,-5,-2
4182033028,2024-01-31,경기도,가평군,상면,율길리,533,306,227,531,304,227,-2,-2,0
4182033029,2024-01-31,경기도,가평군,상면,봉수리,333,176,157,324,172,152,-9,-4,-5
4182033030,2024-01-31,경기도,가평군,상면,원흥리,251,135,116,251,135,116,0,0,0
4182034521,2024-01-31,경기도,가평군,조종면,현리,5532,2892,2640,5477,2857,2620,-55,-35,-20
4182034522,2024-01-31,경기도,가평군,조종면,신상리,710,368,342,702,359,343,-8,-9,1
4182034524,2024-01-31,경기도,가평군,조종면,상판리,386,210,176,379,206,173,-7,-4,-3
4182034525,2024-01-31,경기도,가평군,조종면,신하리,465,252,213,461,249,212,-4,-3,-1
4182034526,2024-01-31,경기도,가평군,조종면,마일리,344,154,190,342,155,187,-2,1,-3
4182034527,2024-01-31,경기도,가평군,조종면,대보리,593,322,271,594,324,270,1,2,-1
4182034528,2024-01-31,경기도,가평군,조종면,운악리,1323,755,568,1316,752,564,-7,-3,-4
4182035021,2024-01-31,경기도,가평군,북면,목동리,707,369,338,710,369,341,3,0,3
4182035022,2024-01-31,경기도,가평군,북면,소법리,263,128,135,262,128,134,-1,0,-1
4182035023,2024-01-31,경기도,가평군,북면,화악리,513,261,252,513,261,252,0,0,0
4182035024,2024-01-31,경기도,가평군,북면,도대리,437,232,205,433,229,204,-4,-3,-1
4182035025,2024-01-31,경기도,가평군,북면,적목리,310,167,143,308,166,142,-2,-1,-1
4182035026,2024-01-31,경기도,가평군,북면,백둔리,405,223,182,404,220,184,-1,-3,2
4182035027,2024-01-31,경기도,가평군,북면,제령리,463,244,219,458,240,218,-5,-4,-1
4182035028,2024-01-31,경기도,가평군,북면,이곡리,563,282,281,552,276,276,-11,-6,-5
4183025021,2024-01-31,경기도,양평군,양평읍,양근리,14389,6965,7424,14609,7054,7555,220,89,131
4183025022,2024-01-31,경기도,양평군,양평읍,오빈리,1280,665,615,1276,663,613,-4,-2,-2
4183025023,2024-01-31,경기도,양평군,양평읍,신애리,556,278,278,554,276,278,-2,-2,0
4183025024,2024-01-31,경기도,양평군,양평읍,덕평리,530,286,244,534,287,247,4,1,3
4183025025,2024-01-31,경기도,양평군,양평읍,공흥리,5479,2693,2786,5490,2702,2788,11,9,2
4183025026,2024-01-31,경기도,양평군,양평읍,백안리,5423,2751,2672,5414,2739,2675,-9,-12,3
4183025027,2024-01-31,경기도,양평군,양평읍,도곡리,991,518,473,992,519,473,1,1,0
4183025028,2024-01-31,경기도,양평군,양평읍,대흥리,979,520,459,967,515,452,-12,-5,-7
4183025029,2024-01-31,경기도,양평군,양평읍,봉성리,502,248,254,509,252,257,7,4,3
4183025030,2024-01-31,경기도,양평군,양평읍,원덕리,286,151,135,286,151,135,0,0,0
4183025031,2024-01-31,경기도,양평군,양평읍,회현리,1453,736,717,1455,736,719,2,0,2
4183025032,2024-01-31,경기도,양평군,양평읍,창대리,3745,1927,1818,3753,1934,1819,8,7,1
4183031021,2024-01-31,경기도,양평군,강상면,병산리,4058,2001,2057,4048,1990,2058,-10,-11,1
4183031022,2024-01-31,경기도,양평군,강상면,송학리,1519,765,754,1525,770,755,6,5,1
4183031023,2024-01-31,경기도,양평군,강상면,교평리,1654,819,835,1661,824,837,7,5,2
4183031024,2024-01-31,경기도,양평군,강상면,신화리,941,481,460,936,480,456,-5,-1,-4
4183031025,2024-01-31,경기도,양평군,강상면,화양리,694,357,337,687,354,333,-7,-3,-4
4183031026,2024-01-31,경기도,양평군,강상면,세월리,801,395,406,806,397,409,5,2,3
4183031027,2024-01-31,경기도,양평군,강상면,대석리,365,191,174,369,193,176,4,2,2
4183032021,2024-01-31,경기도,양평군,강하면,운심리,546,282,264,544,281,263,-2,-1,-1
4183032022,2024-01-31,경기도,양평군,강하면,왕창리,812,416,396,817,421,396,5,5,0
4183032023,2024-01-31,경기도,양평군,강하면,동오리,723,369,354,731,374,357,8,5,3
4183032024,2024-01-31,경기도,양평군,강하면,항금리,470,224,246,469,222,247,-1,-2,1
4183032025,2024-01-31,경기도,양평군,강하면,성덕리,773,406,367,775,409,366,2,3,-1
4183032026,2024-01-31,경기도,양평군,강하면,전수리,1556,759,797,1550,756,794,-6,-3,-3
4183033021,2024-01-31,경기도,양평군,양서면,양수리,3569,1720,1849,3563,1714,1849,-6,-6,0
4183033022,2024-01-31,경기도,양평군,양서면,용담리,2081,1020,1061,2091,1023,1068,10,3,7
4183033023,2024-01-31,경기도,양평군,양서면,부용리,700,381,319,688,363,325,-12,-18,6
4183033024,2024-01-31,경기도,양평군,양서면,목왕리,1166,553,613,1154,551,603,-12,-2,-10
4183033025,2024-01-31,경기도,양평군,양서면,신원리,734,372,362,727,370,357,-7,-2,-5
4183033026,2024-01-31,경기도,양평군,양서면,도곡리,270,132,138,268,131,137,-2,-1,-1
4183033027,2024-01-31,경기도,양평군,양서면,대심리,687,340,347,678,337,341,-9,-3,-6
4183033028,2024-01-31,경기도,양평군,양서면,국수리,1715,835,880,1713,833,880,-2,-2,0
4183033029,2024-01-31,경기도,양평군,양서면,복포리,1338,686,652,1333,682,651,-5,-4,-1
4183033030,2024-01-31,경기도,양평군,양서면,청계리,576,294,282,579,295,284,3,1,2
4183033031,2024-01-31,경기도,양평군,양서면,증동리,1064,539,525,1053,531,522,-11,-8,-3
4183034021,2024-01-31,경기도,양평군,옥천면,옥천리,2781,1416,1365,2778,1411,1367,-3,-5,2
4183034022,2024-01-31,경기도,양평군,옥천면,용천리,1948,967,981,1956,975,981,8,8,0
4183034023,2024-01-31,경기도,양평군,옥천면,신복리,1811,894,917,1802,891,911,-9,-3,-6
4183034024,2024-01-31,경기도,양평군,옥천면,아신리,1565,844,721,1562,845,717,-3,1,-4
4183035021,2024-01-31,경기도,양평군,서종면,문호리,4265,2076,2189,4262,2068,2194,-3,-8,5
4183035022,2024-01-31,경기도,양평군,서종면,도장리,808,391,417,814,391,423,6,0,6
4183035023,2024-01-31,경기도,양평군,서종면,수능리,1355,669,686,1347,662,685,-8,-7,-1
4183035024,2024-01-31,경기도,양평군,서종면,서후리,735,362,373,734,360,374,-1,-2,1
4183035025,2024-01-31,경기도,양평군,서종면,정배리,802,414,388,804,416,388,2,2,0
4183035026,2024-01-31,경기도,양평군,서종면,명달리,427,224,203,427,223,204,0,-1,1
4183035027,2024-01-31,경기도,양평군,서종면,노문리,292,149,143,286,145,141,-6,-4,-2
4183035028,2024-01-31,경기도,양평군,서종면,수입리,1347,718,629,1335,710,625,-12,-8,-4
4183036021,2024-01-31,경기도,양평군,단월면,보룡리,615,322,293,626,320,306,11,-2,13
4183036022,2024-01-31,경기도,양평군,단월면,삼가리,362,191,171,360,190,170,-2,-1,-1
4183036023,2024-01-31,경기도,양평군,단월면,봉상리,514,265,249,515,266,249,1,1,0
4183036024,2024-01-31,경기도,양평군,단월면,향소리,528,276,252,528,277,251,0,1,-1
4183036025,2024-01-31,경기도,양평군,단월면,덕수리,419,213,206,425,215,210,6,2,4
4183036026,2024-01-31,경기도,양평군,단월면,부안리,508,267,241,510,270,240,2,3,-1
4183036027,2024-01-31,경기도,양평군,단월면,명성리,359,185,174,354,185,169,-5,0,-5
4183036028,2024-01-31,경기도,양평군,단월면,석산리,249,118,131,251,122,129,2,4,-2
4183036029,2024-01-31,경기도,양평군,단월면,산음리,374,187,187,372,187,185,-2,0,-2
4183037021,2024-01-31,경기도,양평군,청운면,용두리,877,460,417,881,461,420,4,1,3
4183037022,2024-01-31,경기도,양평군,청운면,여물리,330,154,176,328,154,174,-2,0,-2
4183037023,2024-01-31,경기도,양평군,청운면,비룡리,402,208,194,403,206,197,1,-2,3
4183037024,2024-01-31,경기도,양평군,청운면,가현리,402,210,192,399,207,192,-3,-3,0
4183037025,2024-01-31,경기도,양평군,청운면,갈운리,706,363,343,703,361,342,-3,-2,-1
4183037026,2024-01-31,경기도,양평군,청운면,도원리,54,23,31,53,23,30,-1,0,-1
4183037027,2024-01-31,경기도,양평군,청운면,신론리,471,253,218,473,253,220,2,0,2
4183037028,2024-01-31,경기도,양평군,청운면,삼성리,297,157,140,296,156,140,-1,-1,0
4183037029,2024-01-31,경기도,양평군,청운면,다대리,242,117,125,241,117,124,-1,0,-1
4183038021,2024-01-31,경기도,양평군,양동면,쌍학리,834,443,391,835,444,391,1,1,0
4183038022,2024-01-31,경기도,양평군,양동면,석곡리,401,199,202,405,203,202,4,4,0
4183038023,2024-01-31,경기도,양평군,양동면,매월리,497,257,240,494,254,240,-3,-3,0
4183038024,2024-01-31,경기도,양평군,양동면,고송리,517,260,257,517,260,257,0,0,0
4183038025,2024-01-31,경기도,양평군,양동면,금왕리,438,229,209,435,228,207,-3,-1,-2
4183038026,2024-01-31,경기도,양평군,양동면,계정리,611,319,292,606,314,292,-5,-5,0
4183038027,2024-01-31,경기도,양평군,양동면,삼산리,667,328,339,660,324,336,-7,-4,-3
4183038028,2024-01-31,경기도,양평군,양동면,단석리,607,279,328,602,277,325,-5,-2,-3
4183039521,2024-01-31,경기도,양평군,지평면,지평리,1264,643,621,1267,645,622,3,2,1
4183039522,2024-01-31,경기도,양평군,지평면,송현리,928,473,455,922,471,451,-6,-2,-4
4183039523,2024-01-31,경기도,양평군,지평면,월산리,836,422,414,837,423,414,1,1,0
4183039524,2024-01-31,경기도,양평군,지평면,망미리,638,326,312,630,322,308,-8,-4,-4
4183039525,2024-01-31,경기도,양평군,지평면,무왕리,436,214,222,439,214,225,3,0,3
4183039526,2024-01-31,경기도,양평군,지평면,일신리,701,353,348,703,357,346,2,4,-2
4183039527,2024-01-31,경기도,양평군,지평면,대평리,387,228,159,387,228,159,0,0,0
4183039528,2024-01-31,경기도,양평군,지평면,곡수리,450,221,229,444,220,224,-6,-1,-5
4183039529,2024-01-31,경기도,양평군,지평면,수곡리,480,248,232,478,245,233,-2,-3,1
4183039530,2024-01-31,경기도,양평군,지평면,옥현리,713,356,357,714,358,356,1,2,-1
4183040000,2024-01-31,경기도,양평군,용문면,용문면,2,1,1,0,0,0,-2,-1,-1
4183040021,2024-01-31,경기도,양평군,용문면,마룡리,2506,1331,1175,2494,1317,1177,-12,-14,2
4183040022,2024-01-31,경기도,양평군,용문면,화전리,1011,553,458,1015,555,460,4,2,2
4183040023,2024-01-31,경기도,양평군,용문면,삼성리,1254,639,615,1194,606,588,-60,-33,-27
4183040024,2024-01-31,경기도,양평군,용문면,다문리,7105,3423,3682,7154,3442,3712,49,19,30
4183040025,2024-01-31,경기도,양평군,용문면,연수리,1007,493,514,1013,496,517,6,3,3
4183040026,2024-01-31,경기도,양평군,용문면,금곡리,750,385,365,742,380,362,-8,-5,-3
4183040027,2024-01-31,경기도,양평군,용문면,광탄리,1182,602,580,1183,603,580,1,1,0
4183040028,2024-01-31,경기도,양평군,용문면,망능리,430,211,219,436,214,222,6,3,3
4183040029,2024-01-31,경기도,양평군,용문면,중원리,751,353,398,755,354,401,4,1,3
4183040030,2024-01-31,경기도,양평군,용문면,조현리,838,447,391,841,447,394,3,0,3
4183040031,2024-01-31,경기도,양평군,용문면,덕촌리,781,377,404,786,379,407,5,2,3
4183040032,2024-01-31,경기도,양평군,용문면,오촌리,250,130,120,252,129,123,2,-1,3
4183040033,2024-01-31,경기도,양평군,용문면,신점리,582,291,291,580,288,292,-2,-3,1
4183041021,2024-01-31,경기도,양평군,개군면,하자포리,852,416,436,850,418,432,-2,2,-4
4183041022,2024-01-31,경기도,양평군,개군면,구미리,127,58,69,126,58,68,-1,0,-1
4183041023,2024-01-31,경기도,양평군,개군면,앙덕리,358,184,174,362,184,178,4,0,4
4183041024,2024-01-31,경기도,양평군,개군면,석장리,471,241,230,473,241,232,2,0,2
4183041025,2024-01-31,경기도,양평군,개군면,공세리,663,328,335,667,331,336,4,3,1
4183041026,2024-01-31,경기도,양평군,개군면,불곡리,321,166,155,322,170,152,1,4,-3
4183041027,2024-01-31,경기도,양평군,개군면,부리,594,306,288,595,304,291,1,-2,3
4183041028,2024-01-31,경기도,양평군,개군면,자연리,235,125,110,239,127,112,4,2,2
4183041029,2024-01-31,경기도,양평군,개군면,내리,273,140,133,272,140,132,-1,0,-1
4183041030,2024-01-31,경기도,양평군,개군면,향리,145,81,64,145,81,64,0,0,0
4183041031,2024-01-31,경기도,양평군,개군면,주읍리,202,95,107,203,97,106,1,2,-1
4183041032,2024-01-31,경기도,양평군,개군면,계전리,395,201,194,399,203,196,4,2,2
4183041033,2024-01-31,경기도,양평군,개군면,상자포리,478,258,220,479,259,220,1,1,0
4311110100,2024-01-31,충청북도,청주시 상당구,영동,영동,940,488,452,932,483,449,-8,-5,-3
4311110200,2024-01-31,충청북도,청주시 상당구,북문로1가,북문로1가,77,40,37,77,40,37,0,0,0
4311110300,2024-01-31,충청북도,청주시 상당구,북문로2가,북문로2가,734,338,396,735,334,401,1,-4,5
4311110400,2024-01-31,충청북도,청주시 상당구,북문로3가,북문로3가,2449,1197,1252,2457,1202,1255,8,5,3
4311110500,2024-01-31,충청북도,청주시 상당구,남문로1가,남문로1가,655,319,336,657,316,341,2,-3,5
4311110600,2024-01-31,충청북도,청주시 상당구,남문로2가,남문로2가,150,87,63,150,86,64,0,-1,1
4311110700,2024-01-31,충청북도,청주시 상당구,문화동,문화동,1787,861,926,1801,868,933,14,7,7
4311110800,2024-01-31,충청북도,청주시 상당구,서운동,서운동,1217,637,580,1212,635,577,-5,-2,-3
4311110900,2024-01-31,충청북도,청주시 상당구,서문동,서문동,515,306,209,518,308,210,3,2,1
4311111000,2024-01-31,충청북도,청주시 상당구,남주동,남주동,825,425,400,828,427,401,3,2,1
4311111100,2024-01-31,충청북도,청주시 상당구,석교동,석교동,1229,584,645,1226,581,645,-3,-3,0
4311111200,2024-01-31,충청북도,청주시 상당구,수동,수동,2493,1241,1252,2490,1238,1252,-3,-3,0
4311111700,2024-01-31,충청북도,청주시 상당구,탑동,탑동,8548,4155,4393,8504,4130,4374,-44,-25,-19
4311111800,2024-01-31,충청북도,청주시 상당구,대성동,대성동,2850,1389,1461,2843,1382,1461,-7,-7,0
4311111900,2024-01-31,충청북도,청주시 상당구,영운동,영운동,10168,5083,5085,10161,5086,5075,-7,3,-10
4311112000,2024-01-31,충청북도,청주시 상당구,금천동,금천동,29735,14397,15338,29749,14389,15360,14,-8,22
4311112100,2024-01-31,충청북도,청주시 상당구,용담동,용담동,12635,6221,6414,12641,6219,6422,6,-2,8
4311112200,2024-01-31,충청북도,청주시 상당구,명암동,명암동,77,43,34,76,43,33,-1,0,-1
4311112300,2024-01-31,충청북도,청주시 상당구,산성동,산성동,198,96,102,198,97,101,0,1,-1
4311112400,2024-01-31,충청북도,청주시 상당구,용암동,용암동,72520,35899,36621,72617,35968,36649,97,69,28
4311112500,2024-01-31,충청북도,청주시 상당구,용정동,용정동,10679,5505,5174,10690,5502,5188,11,-3,14
4311112600,2024-01-31,충청북도,청주시 상당구,방서동,방서동,18313,9106,9207,18374,9141,9233,61,35,26
4311112800,2024-01-31,충청북도,청주시 상당구,지북동,지북동,216,109,107,210,106,104,-6,-3,-3
4311112900,2024-01-31,충청북도,청주시 상당구,운동동,운동동,225,131,94,223,130,93,-2,-1,-1
4311113000,2024-01-31,충청북도,청주시 상당구,월오동,월오동,669,341,328,665,340,325,-4,-1,-3
4311131021,2024-01-31,충청북도,청주시 상당구,낭성면,관정리,294,149,145,294,148,146,0,-1,1
4311131022,2024-01-31,충청북도,청주시 상당구,낭성면,귀래리,95,53,42,96,53,43,1,0,1
4311131023,2024-01-31,충청북도,청주시 상당구,낭성면,추정리,388,201,187,385,198,187,-3,-3,0
4311131024,2024-01-31,충청북도,청주시 상당구,낭성면,호정리,227,117,110,229,119,110,2,2,0
4311131025,2024-01-31,충청북도,청주시 상당구,낭성면,이목리,153,81,72,152,81,71,-1,0,-1
4311131026,2024-01-31,충청북도,청주시 상당구,낭성면,문박리,118,66,52,120,68,52,2,2,0
4311131027,2024-01-31,충청북도,청주시 상당구,낭성면,인경리,107,61,46,107,60,47,0,-1,1
4311131028,2024-01-31,충청북도,청주시 상당구,낭성면,지산리,201,104,97,208,106,102,7,2,5
4311131029,2024-01-31,충청북도,청주시 상당구,낭성면,갈산리,104,51,53,103,51,52,-1,0,-1
4311131030,2024-01-31,충청북도,청주시 상당구,낭성면,삼산리,145,80,65,142,78,64,-3,-2,-1
4311131031,2024-01-31,충청북도,청주시 상당구,낭성면,현암리,140,75,65,139,75,64,-1,0,-1
4311131032,2024-01-31,충청북도,청주시 상당구,낭성면,무성리,122,65,57,126,67,59,4,2,2
4311132021,2024-01-31,충청북도,청주시 상당구,미원면,미원리,960,467,493,961,468,493,1,1,0
4311132022,2024-01-31,충청북도,청주시 상당구,미원면,쌍이리,117,59,58,114,58,56,-3,-1,-2
4311132023,2024-01-31,충청북도,청주시 상당구,미원면,중리,196,103,93,194,101,93,-2,-2,0
4311132024,2024-01-31,충청북도,청주시 상당구,미원면,내산리,309,160,149,308,159,149,-1,-1,0
4311132025,2024-01-31,충청북도,청주시 상당구,미원면,구방리,255,118,137,256,121,135,1,3,-2
4311132026,2024-01-31,충청북도,청주시 상당구,미원면,기암리(岐岩),103,53,50,99,50,49,-4,-3,-1
4311132027,2024-01-31,충청북도,청주시 상당구,미원면,운교리,110,62,48,110,62,48,0,0,0
4311132028,2024-01-31,충청북도,청주시 상당구,미원면,대덕리,81,45,36,81,45,36,0,0,0
4311132029,2024-01-31,충청북도,청주시 상당구,미원면,운용리,88,39,49,89,40,49,1,1,0
4311132030,2024-01-31,충청북도,청주시 상당구,미원면,화원리,128,71,57,128,71,57,0,0,0
4311132031,2024-01-31,충청북도,청주시 상당구,미원면,용곡리,208,116,92,208,116,92,0,0,0
4311132032,2024-01-31,충청북도,청주시 상당구,미원면,수산리,159,78,81,156,77,79,-3,-1,-2
4311132033,2024-01-31,충청북도,청주시 상당구,미원면,기암리(基岩),142,70,72,145,72,73,3,2,1
4311132034,2024-01-31,충청북도,청주시 상당구,미원면,가양리,78,45,33,78,45,33,0,0,0
4311132035,2024-01-31,충청북도,청주시 상당구,미원면,화창리,104,70,34,104,70,34,0,0,0
4311132036,2024-01-31,충청북도,청주시 상당구,미원면,종암리,153,75,78,155,77,78,2,2,0
4311132037,2024-01-31,충청북도,청주시 상당구,미원면,대신리,187,96,91,186,96,90,-1,0,-1
4311132038,2024-01-31,충청북도,청주시 상당구,미원면,운암리,346,179,167,343,177,166,-3,-2,-1
4311132039,2024-01-31,충청북도,청주시 상당구,미원면,옥화리,189,104,85,192,106,86,3,2,1
4311132040,2024-01-31,충청북도,청주시 상당구,미원면,월용리,135,70,65,133,69,64,-2,-1,-1
4311132041,2024-01-31,충청북도,청주시 상당구,미원면,금관리,196,96,100,196,96,100,0,0,0
4311132042,2024-01-31,충청북도,청주시 상당구,미원면,어암리,157,81,76,160,84,76,3,3,0
4311132043,2024-01-31,충청북도,청주시 상당구,미원면,계원리,116,63,53,115,62,53,-1,-1,0
4311132044,2024-01-31,충청북도,청주시 상당구,미원면,성대리,166,77,89,165,77,88,-1,0,-1
4311133021,2024-01-31,충청북도,청주시 상당구,가덕면,청용리,292,164,128,293,164,129,1,0,1
4311133022,2024-01-31,충청북도,청주시 상당구,가덕면,행정리,157,89,68,157,89,68,0,0,0
4311133023,2024-01-31,충청북도,청주시 상당구,가덕면,삼항리,274,139,135,275,140,135,1,1,0
4311133024,2024-01-31,충청북도,청주시 상당구,가덕면,국전리,156,81,75,158,82,76,2,1,1
4311133025,2024-01-31,충청북도,청주시 상당구,가덕면,상대리,508,256,252,503,254,249,-5,-2,-3
4311133026,2024-01-31,충청북도,청주시 상당구,가덕면,노동리,330,173,157,328,170,158,-2,-3,1
4311133027,2024-01-31,충청북도,청주시 상당구,가덕면,인차리,386,192,194,385,192,193,-1,0,-1
4311133028,2024-01-31,충청북도,청주시 상당구,가덕면,계산리,259,130,129,261,132,129,2,2,0
4311133029,2024-01-31,충청북도,청주시 상당구,가덕면,수곡리,208,108,100,208,107,101,0,-1,1
4311133030,2024-01-31,충청북도,청주시 상당구,가덕면,시동리,104,51,53,104,51,53,0,0,0
4311133031,2024-01-31,충청북도,청주시 상당구,가덕면,병암리,374,200,174,377,201,176,3,1,2
4311133032,2024-01-31,충청북도,청주시 상당구,가덕면,금거리,125,61,64,127,61,66,2,0,2
4311133033,2024-01-31,충청북도,청주시 상당구,가덕면,상야리,178,95,83,177,94,83,-1,-1,0
4311133034,2024-01-31,충청북도,청주시 상당구,가덕면,한계리,226,119,107,226,119,107,0,0,0
4311133035,2024-01-31,충청북도,청주시 상당구,가덕면,내암리,156,64,92,158,65,93,2,1,1
4311134021,2024-01-31,충청북도,청주시 상당구,남일면,송암리,552,285,267,551,286,265,-1,1,-2
4311134022,2024-01-31,충청북도,청주시 상당구,남일면,효촌리,1821,918,903,1816,916,900,-5,-2,-3
4311134023,2024-01-31,충청북도,청주시 상당구,남일면,문주리,168,80,88,168,80,88,0,0,0
4311134024,2024-01-31,충청북도,청주시 상당구,남일면,황청리,86,41,45,86,41,45,0,0,0
4311134025,2024-01-31,충청북도,청주시 상당구,남일면,은행리,327,173,154,328,173,155,1,0,1
4311134026,2024-01-31,충청북도,청주시 상당구,남일면,두산리,270,139,131,269,138,131,-1,-1,0
4311134027,2024-01-31,충청북도,청주시 상당구,남일면,쌍수리,1009,532,477,1036,546,490,27,14,13
4311134028,2024-01-31,충청북도,청주시 상당구,남일면,고은리,941,479,462,950,484,466,9,5,4
4311134029,2024-01-31,충청북도,청주시 상당구,남일면,화당리,385,192,193,384,192,192,-1,0,-1
4311134030,2024-01-31,충청북도,청주시 상당구,남일면,가산리,329,172,157,335,176,159,6,4,2
4311134031,2024-01-31,충청북도,청주시 상당구,남일면,신송리,318,178,140,317,179,138,-1,1,-2
4311134032,2024-01-31,충청북도,청주시 상당구,남일면,가중리,297,148,149,296,146,150,-1,-2,1
4311135021,2024-01-31,충청북도,청주시 상당구,문의면,문산리,2,1,1,2,1,1,0,0,0
4311135022,2024-01-31,충청북도,청주시 상당구,문의면,미천리,1292,662,630,1288,662,626,-4,0,-4
4311135023,2024-01-31,충청북도,청주시 상당구,문의면,남계리,496,253,243,489,249,240,-7,-4,-3
4311135024,2024-01-31,충청북도,청주시 상당구,문의면,상장리,91,46,45,92,46,46,1,0,1
4311135025,2024-01-31,충청북도,청주시 상당구,문의면,산덕리,116,65,51,114,64,50,-2,-1,-1
4311135026,2024-01-31,충청북도,청주시 상당구,문의면,구룡리,134,74,60,135,75,60,1,1,0
4311135027,2024-01-31,충청북도,청주시 상당구,문의면,괴곡리,119,58,61,116,58,58,-3,0,-3
4311135028,2024-01-31,충청북도,청주시 상당구,문의면,문덕리,30,11,19,30,11,19,0,0,0
4311135029,2024-01-31,충청북도,청주시 상당구,문의면,소전리,83,40,43,84,41,43,1,1,0
4311135030,2024-01-31,충청북도,청주시 상당구,문의면,후곡리,25,15,10,25,15,10,0,0,0
4311135033,2024-01-31,충청북도,청주시 상당구,문의면,덕유리,3,2,1,3,2,1,0,0,0
4311135034,2024-01-31,충청북도,청주시 상당구,문의면,품곡리,130,70,60,129,70,59,-1,0,-1
4311135035,2024-01-31,충청북도,청주시 상당구,문의면,두모리,253,129,124,253,129,124,0,0,0
4311135036,2024-01-31,충청북도,청주시 상당구,문의면,도원리,245,138,107,246,139,107,1,1,0
4311135037,2024-01-31,충청북도,청주시 상당구,문의면,등동리,171,96,75,171,96,75,0,0,0
4311135038,2024-01-31,충청북도,청주시 상당구,문의면,묘암리,57,26,31,58,27,31,1,1,0
4311135039,2024-01-31,충청북도,청주시 상당구,문의면,마구리,44,20,24,43,19,24,-1,-1,0
4311135040,2024-01-31,충청북도,청주시 상당구,문의면,마동리,79,43,36,78,43,35,-1,0,-1
4311135041,2024-01-31,충청북도,청주시 상당구,문의면,염티리,23,11,12,23,11,12,0,0,0
4311135042,2024-01-31,충청북도,청주시 상당구,문의면,노현리,265,140,125,263,138,125,-2,-2,0
4311210100,2024-01-31,충청북도,청주시 서원구,사직동,사직동,17108,8487,8621,17077,8453,8624,-31,-34,3
4311210200,2024-01-31,충청북도,청주시 서원구,사창동,사창동,14287,7263,7024,14213,7213,7000,-74,-50,-24
4311210300,2024-01-31,충청북도,청주시 서원구,모충동,모충동,17151,8637,8514,17085,8598,8487,-66,-39,-27
4311210400,2024-01-31,충청북도,청주시 서원구,산남동,산남동,18681,9283,9398,18646,9271,9375,-35,-12,-23
4311210500,2024-01-31,충청북도,청주시 서원구,미평동,미평동,508,269,239,512,272,240,4,3,1
4311210600,2024-01-31,충청북도,청주시 서원구,분평동,분평동,34235,16638,17597,34211,16619,17592,-24,-19,-5
4311210700,2024-01-31,충청북도,청주시 서원구,수곡동,수곡동,28000,13970,14030,27966,13938,14028,-34,-32,-2
4311210800,2024-01-31,충청북도,청주시 서원구,성화동,성화동,16713,8143,8570,16711,8136,8575,-2,-7,5
4311210900,2024-01-31,충청북도,청주시 서원구,개신동,개신동,21575,10836,10739,21581,10839,10742,6,3,3
4311211000,2024-01-31,충청북도,청주시 서원구,죽림동,죽림동,4170,1987,2183,4155,1978,2177,-15,-9,-6
4311211100,2024-01-31,충청북도,청주시 서원구,장성동,장성동,445,240,205,431,229,202,-14,-11,-3
4311211200,2024-01-31,충청북도,청주시 서원구,장암동,장암동,479,230,249,483,233,250,4,3,1
4311231021,2024-01-31,충청북도,청주시 서원구,남이면,척산리,840,445,395,839,443,396,-1,-2,1
4311231022,2024-01-31,충청북도,청주시 서원구,남이면,외천리,484,262,222,483,261,222,-1,-1,0
4311231023,2024-01-31,충청북도,청주시 서원구,남이면,문동리,277,144,133,275,144,131,-2,0,-2
4311231024,2024-01-31,충청북도,청주시 서원구,남이면,척북리,1062,585,477,1065,585,480,3,0,3
4311231025,2024-01-31,충청북도,청주시 서원구,남이면,산막리,116,62,54,115,62,53,-1,0,-1
4311231026,2024-01-31,충청북도,청주시 서원구,남이면,비룡리,139,73,66,139,73,66,0,0,0
4311231027,2024-01-31,충청북도,청주시 서원구,남이면,구미리,150,87,63,150,87,63,0,0,0
4311231028,2024-01-31,충청북도,청주시 서원구,남이면,사동리,122,70,52,122,70,52,0,0,0
4311231029,2024-01-31,충청북도,청주시 서원구,남이면,갈원리,176,86,90,178,88,90,2,2,0
4311231030,2024-01-31,충청북도,청주시 서원구,남이면,팔봉리,422,217,205,417,215,202,-5,-2,-3
4311231031,2024-01-31,충청북도,청주시 서원구,남이면,상발리,122,64,58,120,63,57,-2,-1,-1
4311231032,2024-01-31,충청북도,청주시 서원구,남이면,구암리,106,64,42,104,62,42,-2,-2,0
4311231033,2024-01-31,충청북도,청주시 서원구,남이면,석실리,220,122,98,222,125,97,2,3,-1
4311231034,2024-01-31,충청북도,청주시 서원구,남이면,석판리,565,306,259,568,307,261,3,1,2
4311231035,2024-01-31,충청북도,청주시 서원구,남이면,대련리,264,137,127,257,132,125,-7,-5,-2
4311231036,2024-01-31,충청북도,청주시 서원구,남이면,가좌리,478,251,227,477,251,226,-1,0,-1
4311231037,2024-01-31,충청북도,청주시 서원구,남이면,양촌리,599,312,287,603,316,287,4,4,0
4311231038,2024-01-31,충청북도,청주시 서원구,남이면,가마리,3132,1558,1574,3145,1562,1583,13,4,9
4311231039,2024-01-31,충청북도,청주시 서원구,남이면,수대리,234,131,103,234,131,103,0,0,0
4311231040,2024-01-31,충청북도,청주시 서원구,남이면,부용외천리,372,218,154,374,219,155,2,1,1
4311232021,2024-01-31,충청북도,청주시 서원구,현도면,상삼리,190,61,129,185,59,126,-5,-2,-3
4311232022,2024-01-31,충청북도,청주시 서원구,현도면,중삼리,122,69,53,122,69,53,0,0,0
4311232023,2024-01-31,충청북도,청주시 서원구,현도면,죽전리,331,178,153,336,180,156,5,2,3
4311232024,2024-01-31,충청북도,청주시 서원구,현도면,우록리,434,243,191,433,241,192,-1,-2,1
4311232025,2024-01-31,충청북도,청주시 서원구,현도면,시동리,186,98,88,184,98,86,-2,0,-2
4311232026,2024-01-31,충청북도,청주시 서원구,현도면,선동리,201,105,96,199,104,95,-2,-1,-1
4311232027,2024-01-31,충청북도,청주시 서원구,현도면,시목리,176,94,82,175,94,81,-1,0,-1
4311232028,2024-01-31,충청북도,청주시 서원구,현도면,중척리,182,96,86,182,97,85,0,1,-1
4311232029,2024-01-31,충청북도,청주시 서원구,현도면,하석리,178,95,83,178,96,82,0,1,-1
4311232030,2024-01-31,충청북도,청주시 서원구,현도면,노산리,302,142,160,301,143,158,-1,1,-2
4311232031,2024-01-31,충청북도,청주시 서원구,현도면,달계리,272,149,123,273,151,122,1,2,-1
4311232032,2024-01-31,충청북도,청주시 서원구,현도면,매봉리,186,99,87,186,99,87,0,0,0
4311232033,2024-01-31,충청북도,청주시 서원구,현도면,양지리,174,94,80,175,95,80,1,1,0
4311232034,2024-01-31,충청북도,청주시 서원구,현도면,죽암리,136,75,61,136,75,61,0,0,0
4311310400,2024-01-31,충청북도,청주시 흥덕구,운천동,운천동,8029,3910,4119,8015,3896,4119,-14,-14,0
4311310500,2024-01-31,충청북도,청주시 흥덕구,신봉동,신봉동,6577,3278,3299,6497,3235,3262,-80,-43,-37
4311311300,2024-01-31,충청북도,청주시 흥덕구,가경동,가경동,54588,26646,27942,54485,26620,27865,-103,-26,-77
4311311400,2024-01-31,충청북도,청주시 흥덕구,복대동,복대동,65228,33467,31761,65113,33438,31675,-115,-29,-86
4311311500,2024-01-31,충청북도,청주시 흥덕구,봉명동,봉명동,33039,17746,15293,33127,17790,15337,88,44,44
4311311600,2024-01-31,충청북도,청주시 흥덕구,송정동,송정동,32,25,7,30,24,6,-2,-1,-1
4311311700,2024-01-31,충청북도,청주시 흥덕구,강서동,강서동,9447,4599,4848,9464,4630,4834,17,31,-14
4311311800,2024-01-31,충청북도,청주시 흥덕구,석곡동,석곡동,495,249,246,494,251,243,-1,2,-3
4311311900,2024-01-31,충청북도,청주시 흥덕구,휴암동,휴암동,412,222,190,415,224,191,3,2,1
4311312000,2024-01-31,충청북도,청주시 흥덕구,신전동,신전동,363,199,164,363,199,164,0,0,0
4311312100,2024-01-31,충청북도,청주시 흥덕구,현암동,현암동,299,149,150,296,147,149,-3,-2,-1
4311312200,2024-01-31,충청북도,청주시 흥덕구,동막동,동막동,180,87,93,179,88,91,-1,1,-2
4311312300,2024-01-31,충청북도,청주시 흥덕구,수의동,수의동,288,159,129,289,160,129,1,1,0
4311312400,2024-01-31,충청북도,청주시 흥덕구,지동동,지동동,525,278,247,524,277,247,-1,-1,0
4311312500,2024-01-31,충청북도,청주시 흥덕구,서촌동,서촌동,419,213,206,421,214,207,2,1,1
4311312600,2024-01-31,충청북도,청주시 흥덕구,신성동,신성동,318,170,148,313,168,145,-5,-2,-3
4311312700,2024-01-31,충청북도,청주시 흥덕구,평동,평동,160,82,78,160,82,78,0,0,0
4311312800,2024-01-31,충청북도,청주시 흥덕구,신대동,신대동,251,127,124,250,128,122,-1,1,-2
4311312900,2024-01-31,충청북도,청주시 흥덕구,남촌동,남촌동,78,41,37,78,41,37,0,0,0
4311313000,2024-01-31,충청북도,청주시 흥덕구,내곡동,내곡동,99,44,55,99,44,55,0,0,0
4311313100,2024-01-31,충청북도,청주시 흥덕구,상신동,상신동,135,69,66,135,69,66,0,0,0
4311313200,2024-01-31,충청북도,청주시 흥덕구,원평동,원평동,441,222,219,444,222,222,3,0,3
4311313300,2024-01-31,충청북도,청주시 흥덕구,문암동,문암동,3055,1547,1508,3069,1557,1512,14,10,4
4311313400,2024-01-31,충청북도,청주시 흥덕구,송절동,송절동,10778,5541,5237,10780,5539,5241,2,-2,4
4311313600,2024-01-31,충청북도,청주시 흥덕구,외북동,외북동,29,21,8,29,21,8,0,0,0
4311313700,2024-01-31,충청북도,청주시 흥덕구,향정동,향정동,1181,887,294,1171,878,293,-10,-9,-1
4311313800,2024-01-31,충청북도,청주시 흥덕구,비하동,비하동,18099,9290,8809,18122,9320,8802,23,30,-7
4311313900,2024-01-31,충청북도,청주시 흥덕구,석소동,석소동,100,51,49,97,50,47,-3,-1,-2
4311314000,2024-01-31,충청북도,청주시 흥덕구,정봉동,정봉동,267,149,118,268,147,121,1,-2,3
4311314100,2024-01-31,충청북도,청주시 흥덕구,신촌동,신촌동,157,83,74,158,83,75,1,0,1
4311325021,2024-01-31,충청북도,청주시 흥덕구,오송읍,호계리,100,49,51,104,49,55,4,0,4
4311325022,2024-01-31,충청북도,청주시 흥덕구,오송읍,상정리,401,206,195,404,209,195,3,3,0
4311325023,2024-01-31,충청북도,청주시 흥덕구,오송읍,공북리,411,218,193,409,218,191,-2,0,-2
4311325024,2024-01-31,충청북도,청주시 흥덕구,오송읍,쌍청리,468,258,210,463,254,209,-5,-4,-1
4311325025,2024-01-31,충청북도,청주시 흥덕구,오송읍,만수리,5240,2567,2673,5257,2574,2683,17,7,10
4311325026,2024-01-31,충청북도,청주시 흥덕구,오송읍,연제리,8539,4153,4386,8548,4150,4398,9,-3,12
4311325027,2024-01-31,충청북도,청주시 흥덕구,오송읍,궁평리,830,416,414,825,416,409,-5,0,-5
4311325028,2024-01-31,충청북도,청주시 흥덕구,오송읍,오송리,1539,761,778,1539,764,775,0,3,-3
4311325029,2024-01-31,충청북도,청주시 흥덕구,오송읍,동평리,544,283,261,548,283,265,4,0,4
4311325030,2024-01-31,충청북도,청주시 흥덕구,오송읍,서평리,943,490,453,942,489,453,-1,-1,0
4311325031,2024-01-31,충청북도,청주시 흥덕구,오송읍,봉산리,11721,6091,5630,11992,6228,5764,271,137,134
4311325032,2024-01-31,충청북도,청주시 흥덕구,오송읍,정중리,678,359,319,672,355,317,-6,-4,-2
4311325033,2024-01-31,충청북도,청주시 흥덕구,오송읍,상봉리,172,97,75,171,95,76,-1,-2,1
4311331000,2024-01-31,충청북도,청주시 흥덕구,강내면,강내면,5,4,1,0,0,0,-5,-4,-1
4311331021,2024-01-31,충청북도,청주시 흥덕구,강내면,연정리,147,79,68,149,80,69,2,1,1
4311331022,2024-01-31,충청북도,청주시 흥덕구,강내면,궁현리,364,194,170,364,194,170,0,0,0
4311331023,2024-01-31,충청북도,청주시 흥덕구,강내면,저산리,239,116,123,240,117,123,1,1,0
4311331024,2024-01-31,충청북도,청주시 흥덕구,강내면,당곡리,81,41,40,81,41,40,0,0,0
4311331025,2024-01-31,충청북도,청주시 흥덕구,강내면,산단리,83,49,34,82,48,34,-1,-1,0
4311331026,2024-01-31,충청북도,청주시 흥덕구,강내면,다락리,315,159,156,309,156,153,-6,-3,-3
4311331027,2024-01-31,충청북도,청주시 흥덕구,강내면,태성리,212,121,91,213,123,90,1,2,-1
4311331028,2024-01-31,충청북도,청주시 흥덕구,강내면,사곡리,251,139,112,248,136,112,-3,-3,0
4311331029,2024-01-31,충청북도,청주시 흥덕구,강내면,황탄리,284,192,92,286,194,92,2,2,0
4311331030,2024-01-31,충청북도,청주시 흥덕구,강내면,월탄리,1084,561,523,1081,561,520,-3,0,-3
4311331031,2024-01-31,충청북도,청주시 흥덕구,강내면,탑연리,2655,1322,1333,2658,1326,1332,3,4,-1
4311331032,2024-01-31,충청북도,청주시 흥덕구,강내면,석화리,361,176,185,358,173,185,-3,-3,0
4311331033,2024-01-31,충청북도,청주시 흥덕구,강내면,사인리,312,149,163,313,149,164,1,0,1
4311331034,2024-01-31,충청북도,청주시 흥덕구,강내면,월곡리,3740,1890,1850,3721,1882,1839,-19,-8,-11
4311331035,2024-01-31,충청북도,청주시 흥덕구,강내면,학천리,231,129,102,225,126,99,-6,-3,-3
4311332021,2024-01-31,충청북도,청주시 흥덕구,옥산면,오산리,3945,2038,1907,3937,2025,1912,-8,-13,5
4311332022,2024-01-31,충청북도,청주시 흥덕구,옥산면,덕촌리,493,257,236,496,261,235,3,4,-1
4311332023,2024-01-31,충청북도,청주시 흥덕구,옥산면,신촌리,222,125,97,221,124,97,-1,-1,0
4311332024,2024-01-31,충청북도,청주시 흥덕구,옥산면,환희리,213,107,106,212,106,106,-1,-1,0
4311332025,2024-01-31,충청북도,청주시 흥덕구,옥산면,가락리,10804,5427,5377,10787,5427,5360,-17,0,-17
4311332026,2024-01-31,충청북도,청주시 흥덕구,옥산면,동림리,235,130,105,235,128,107,0,-2,2
4311332027,2024-01-31,충청북도,청주시 흥덕구,옥산면,금계리,166,90,76,164,89,75,-2,-1,-1
4311332028,2024-01-31,충청북도,청주시 흥덕구,옥산면,장동리,143,71,72,143,71,72,0,0,0
4311332029,2024-01-31,충청북도,청주시 흥덕구,옥산면,사정리,139,75,64,142,76,66,3,1,2
4311332030,2024-01-31,충청북도,청주시 흥덕구,옥산면,수락리,82,46,36,82,46,36,0,0,0
4311332031,2024-01-31,충청북도,청주시 흥덕구,옥산면,장남리,93,46,47,93,46,47,0,0,0
4311332032,2024-01-31,충청북도,청주시 흥덕구,옥산면,호죽리,265,138,127,267,140,127,2,2,0
4311332033,2024-01-31,충청북도,청주시 흥덕구,옥산면,남촌리,122,73,49,122,73,49,0,0,0
4311332034,2024-01-31,충청북도,청주시 흥덕구,옥산면,소로리,410,225,185,415,226,189,5,1,4
4311332035,2024-01-31,충청북도,청주시 흥덕구,옥산면,국사리,243,136,107,240,134,106,-3,-2,-1
4311410100,2024-01-31,충청북도,청주시 청원구,우암동,우암동,12185,6108,6077,12138,6068,6070,-47,-40,-7
4311410200,2024-01-31,충청북도,청주시 청원구,내덕동,내덕동,21149,10810,10339,21084,10768,10316,-65,-42,-23
4311410300,2024-01-31,충청북도,청주시 청원구,율량동,율량동,34392,17263,17129,34389,17249,17140,-3,-14,11
4311410400,2024-01-31,충청북도,청주시 청원구,사천동,사천동,13721,6749,6972,13729,6756,6973,8,7,1
4311410500,2024-01-31,충청북도,청주시 청원구,주성동,주성동,7720,3820,3900,7684,3806,3878,-36,-14,-22
4311410600,2024-01-31,충청북도,청주시 청원구,주중동,주중동,8086,3881,4205,8053,3861,4192,-33,-20,-13
4311410700,2024-01-31,충청북도,청주시 청원구,정상동,정상동,329,172,157,333,174,159,4,2,2
4311410800,2024-01-31,충청북도,청주시 청원구,정하동,정하동,329,161,168,323,160,163,-6,-1,-5
4311410900,2024-01-31,충청북도,청주시 청원구,정북동,정북동,136,71,65,134,71,63,-2,0,-2
4311411000,2024-01-31,충청북도,청주시 청원구,오동동,오동동,453,250,203,459,257,202,6,7,-1
4311411100,2024-01-31,충청북도,청주시 청원구,외남동,외남동,580,303,277,577,302,275,-3,-1,-2
4311411200,2024-01-31,충청북도,청주시 청원구,외평동,외평동,23,15,8,23,15,8,0,0,0
4311411300,2024-01-31,충청북도,청주시 청원구,외하동,외하동,178,93,85,178,93,85,0,0,0
4311425021,2024-01-31,충청북도,청주시 청원구,내수읍,내수리,3316,1664,1652,3327,1671,1656,11,7,4
4311425022,2024-01-31,충청북도,청주시 청원구,내수읍,마산리,3634,1780,1854,3622,1775,1847,-12,-5,-7
4311425023,2024-01-31,충청북도,청주시 청원구,내수읍,풍정리,242,145,97,240,143,97,-2,-2,0
4311425024,2024-01-31,충청북도,청주시 청원구,내수읍,덕암리,403,208,195,399,207,192,-4,-1,-3
4311425025,2024-01-31,충청북도,청주시 청원구,내수읍,도원리,1866,963,903,1858,961,897,-8,-2,-6
4311425026,2024-01-31,충청북도,청주시 청원구,내수읍,형동리,307,158,149,303,156,147,-4,-2,-2
4311425027,2024-01-31,충청북도,청주시 청원구,내수읍,세교리,259,125,134,259,125,134,0,0,0
4311425028,2024-01-31,충청북도,청주시 청원구,내수읍,비상리,261,137,124,260,137,123,-1,0,-1
4311425029,2024-01-31,충청북도,청주시 청원구,내수읍,저곡리,88,43,45,88,42,46,0,-1,1
4311425030,2024-01-31,충청북도,청주시 청원구,내수읍,우산리,469,228,241,465,226,239,-4,-2,-2
4311425031,2024-01-31,충청북도,청주시 청원구,내수읍,초정리,244,120,124,246,120,126,2,0,2
4311425032,2024-01-31,충청북도,청주시 청원구,내수읍,비중리,150,70,80,152,72,80,2,2,0
4311425033,2024-01-31,충청북도,청주시 청원구,내수읍,구성리,405,192,213,406,191,215,1,-1,2
4311425034,2024-01-31,충청북도,청주시 청원구,내수읍,국동리,57,32,25,58,32,26,1,0,1
4311425035,2024-01-31,충청북도,청주시 청원구,내수읍,묵방리,491,255,236,487,253,234,-4,-2,-2
4311425036,2024-01-31,충청북도,청주시 청원구,내수읍,은곡리,3741,1979,1762,3740,1982,1758,-1,3,-4
4311425037,2024-01-31,충청북도,청주시 청원구,내수읍,원통리,2232,1283,949,2191,1281,910,-41,-2,-39
4311425038,2024-01-31,충청북도,청주시 청원구,내수읍,신안리,75,38,37,75,38,37,0,0,0
4311425039,2024-01-31,충청북도,청주시 청원구,내수읍,입동리,2,1,1,2,1,1,0,0,0
4311425040,2024-01-31,충청북도,청주시 청원구,내수읍,입상리,141,73,68,141,73,68,0,0,0
4311425041,2024-01-31,충청북도,청주시 청원구,내수읍,학평리,275,145,130,271,144,127,-4,-1,-3
4311425321,2024-01-31,충청북도,청주시 청원구,오창읍,여천리,290,153,137,290,154,136,0,1,-1
4311425322,2024-01-31,충청북도,청주시 청원구,오창읍,화산리(華山),104,60,44,104,59,45,0,-1,1
4311425323,2024-01-31,충청북도,청주시 청원구,오창읍,유리,84,43,41,86,45,41,2,2,0
4311425324,2024-01-31,충청북도,청주시 청원구,오창읍,일신리,109,55,54,107,54,53,-2,-1,-1
4311425325,2024-01-31,충청북도,청주시 청원구,오창읍,모정리,212,112,100,212,112,100,0,0,0
4311425326,2024-01-31,충청북도,청주시 청원구,오창읍,학소리,186,97,89,184,96,88,-2,-1,-1
4311425327,2024-01-31,충청북도,청주시 청원구,오창읍,원리,275,139,136,274,137,137,-1,-2,1
4311425328,2024-01-31,충청북도,청주시 청원구,오창읍,복현리,615,307,308,623,312,311,8,5,3
4311425329,2024-01-31,충청북도,청주시 청원구,오창읍,양지리,276,147,129,277,146,131,1,-1,2
4311425330,2024-01-31,충청북도,청주시 청원구,오창읍,장대리,955,497,458,971,506,465,16,9,7
4311425331,2024-01-31,충청북도,청주시 청원구,오창읍,창리,4062,2077,1985,4063,2078,1985,1,1,0
4311425332,2024-01-31,충청북도,청주시 청원구,오창읍,주성리,10770,5590,5180,10782,5607,5175,12,17,-5
4311425333,2024-01-31,충청북도,청주시 청원구,오창읍,송대리,54,31,23,55,32,23,1,1,0
4311425334,2024-01-31,충청북도,청주시 청원구,오창읍,도암리,29,15,14,26,13,13,-3,-2,-1
4311425335,2024-01-31,충청북도,청주시 청원구,오창읍,괴정리,812,411,401,806,409,397,-6,-2,-4
4311425336,2024-01-31,충청북도,청주시 청원구,오창읍,가곡리,309,160,149,315,166,149,6,6,0
4311425337,2024-01-31,충청북도,청주시 청원구,오창읍,석우리,104,54,50,105,55,50,1,1,0
4311425338,2024-01-31,충청북도,청주시 청원구,오창읍,상평리,102,57,45,102,57,45,0,0,0
4311425339,2024-01-31,충청북도,청주시 청원구,오창읍,기암리,96,48,48,99,50,49,3,2,1
4311425340,2024-01-31,충청북도,청주시 청원구,오창읍,탑리,311,169,142,310,169,141,-1,0,-1
4311425341,2024-01-31,충청북도,청주시 청원구,오창읍,농소리,135,72,63,137,74,63,2,2,0
4311425342,2024-01-31,충청북도,청주시 청원구,오창읍,신평리,298,158,140,296,157,139,-2,-1,-1
4311425343,2024-01-31,충청북도,청주시 청원구,오창읍,중신리,189,95,94,194,98,96,5,3,2
4311425344,2024-01-31,충청북도,청주시 청원구,오창읍,각리,28173,14093,14080,28202,14101,14101,29,8,21
4311425345,2024-01-31,충청북도,청주시 청원구,오창읍,양청리,15031,8893,6138,15063,8889,6174,32,-4,36
4311425346,2024-01-31,충청북도,청주시 청원구,오창읍,구룡리,3502,2307,1195,3499,2305,1194,-3,-2,-1
4311425347,2024-01-31,충청북도,청주시 청원구,오창읍,성산리,288,147,141,287,146,141,-1,-1,0
4311425348,2024-01-31,충청북도,청주시 청원구,오창읍,후기리,184,103,81,185,103,82,1,0,1
4311425349,2024-01-31,충청북도,청주시 청원구,오창읍,용두리,167,82,85,167,83,84,0,1,-1
4311425350,2024-01-31,충청북도,청주시 청원구,오창읍,화산리(花山),91,41,50,91,41,50,0,0,0
4311425351,2024-01-31,충청북도,청주시 청원구,오창읍,가좌리,244,137,107,244,137,107,0,0,0
4311425352,2024-01-31,충청북도,청주시 청원구,오창읍,두릉리,117,71,46,117,71,46,0,0,0
4311425353,2024-01-31,충청북도,청주시 청원구,오창읍,성재리,185,99,86,184,97,87,-1,-2,1
4311425354,2024-01-31,충청북도,청주시 청원구,오창읍,백현리,98,53,45,99,53,46,1,0,1
4311431021,2024-01-31,충청북도,청주시 청원구,북이면,신기리,147,83,64,147,82,65,0,-1,1
4311431022,2024-01-31,충청북도,청주시 청원구,북이면,신대리,226,122,104,226,122,104,0,0,0
4311431023,2024-01-31,충청북도,청주시 청원구,북이면,현암리,200,112,88,199,111,88,-1,-1,0
4311431024,2024-01-31,충청북도,청주시 청원구,북이면,서당리,146,76,70,148,76,72,2,0,2
4311431025,2024-01-31,충청북도,청주시 청원구,북이면,대길리,174,93,81,169,89,80,-5,-4,-1
4311431026,2024-01-31,충청북도,청주시 청원구,북이면,석화리,124,69,55,124,69,55,0,0,0
4311431027,2024-01-31,충청북도,청주시 청원구,북이면,영하리,142,71,71,142,71,71,0,0,0
4311431028,2024-01-31,충청북도,청주시 청원구,북이면,선암리,97,46,51,95,45,50,-2,-1,-1
4311431029,2024-01-31,충청북도,청주시 청원구,북이면,호명리,130,70,60,132,70,62,2,0,2
4311431030,2024-01-31,충청북도,청주시 청원구,북이면,부연리,126,67,59,123,65,58,-3,-2,-1
4311431031,2024-01-31,충청북도,청주시 청원구,북이면,토성리,146,76,70,144,75,69,-2,-1,-1
4311431032,2024-01-31,충청북도,청주시 청원구,북이면,장재리,190,105,85,193,107,86,3,2,1
4311431033,2024-01-31,충청북도,청주시 청원구,북이면,금암리,154,88,66,154,88,66,0,0,0
4311431034,2024-01-31,충청북도,청주시 청원구,북이면,광암리,39,24,15,38,23,15,-1,-1,0
4311431035,2024-01-31,충청북도,청주시 청원구,북이면,금대리,145,75,70,144,74,70,-1,-1,0
4311431036,2024-01-31,충청북도,청주시 청원구,북이면,옥수리,133,70,63,131,69,62,-2,-1,-1
4311431037,2024-01-31,충청북도,청주시 청원구,북이면,내추리,287,154,133,283,151,132,-4,-3,-1
4311431038,2024-01-31,충청북도,청주시 청원구,북이면,추학리,161,82,79,163,83,80,2,1,1
4311431039,2024-01-31,충청북도,청주시 청원구,북이면,장양리,210,117,93,212,118,94,2,1,1
4311431040,2024-01-31,충청북도,청주시 청원구,북이면,용계리,197,103,94,196,102,94,-1,-1,0
4311431041,2024-01-31,충청북도,청주시 청원구,북이면,대율리,216,109,107,214,107,107,-2,-2,0
4311431042,2024-01-31,충청북도,청주시 청원구,북이면,석성리,196,99,97,197,100,97,1,1,0
4311431043,2024-01-31,충청북도,청주시 청원구,북이면,내둔리,142,82,60,143,83,60,1,1,0
4311431044,2024-01-31,충청북도,청주시 청원구,북이면,화상리,325,172,153,322,168,154,-3,-4,1
4311431045,2024-01-31,충청북도,청주시 청원구,북이면,화하리,149,78,71,151,79,72,2,1,1
4311431046,2024-01-31,충청북도,청주시 청원구,북이면,송정리,120,62,58,119,62,57,-1,0,-1
4313010100,2024-01-31,충청북도,충주시,성내동,성내동,379,197,182,382,198,184,3,1,2
4313010200,2024-01-31,충청북도,충주시,성남동,성남동,750,382,368,745,376,369,-5,-6,1
4313010300,2024-01-31,충청북도,충주시,성서동,성서동,674,303,371,683,309,374,9,6,3
4313010400,2024-01-31,충청북도,충주시,충인동,충인동,346,167,179,342,165,177,-4,-2,-2
4313010500,2024-01-31,충청북도,충주시,교현동,교현동,19809,9924,9885,19781,9920,9861,-28,-4,-24
4313010600,2024-01-31,충청북도,충주시,용산동,용산동,14288,6994,7294,14287,7005,7282,-1,11,-12
4313010700,2024-01-31,충청북도,충주시,호암동,호암동,21816,10855,10961,21853,10870,10983,37,15,22
4313010800,2024-01-31,충청북도,충주시,직동,직동,364,212,152,367,213,154,3,1,2
4313010900,2024-01-31,충청북도,충주시,단월동,단월동,1377,723,654,1332,701,631,-45,-22,-23
4313011000,2024-01-31,충청북도,충주시,풍동,풍동,623,350,273,621,350,271,-2,0,-2
4313011100,2024-01-31,충청북도,충주시,가주동,가주동,244,130,114,246,132,114,2,2,0
4313011200,2024-01-31,충청북도,충주시,용관동,용관동,638,383,255,638,383,255,0,0,0
4313011300,2024-01-31,충청북도,충주시,용두동,용두동,405,226,179,399,221,178,-6,-5,-1
4313011400,2024-01-31,충청북도,충주시,달천동,달천동,593,296,297,593,297,296,0,1,-1
4313011500,2024-01-31,충청북도,충주시,봉방동,봉방동,8854,4633,4221,8929,4670,4259,75,37,38
4313011600,2024-01-31,충청북도,충주시,칠금동,칠금동,11706,5724,5982,11702,5717,5985,-4,-7,3
4313011800,2024-01-31,충청북도,충주시,연수동,연수동,35566,17699,17867,35498,17670,17828,-68,-29,-39
4313011900,2024-01-31,충청북도,충주시,목행동,목행동,6143,3187,2956,6139,3193,2946,-4,6,-10
4313012000,2024-01-31,충청북도,충주시,용탄동,용탄동,291,193,98,289,192,97,-2,-1,-1
4313012100,2024-01-31,충청북도,충주시,종민동,종민동,288,153,135,288,153,135,0,0,0
4313012200,2024-01-31,충청북도,충주시,안림동,안림동,8705,4278,4427,8711,4278,4433,6,0,6
4313012300,2024-01-31,충청북도,충주시,목벌동,목벌동,174,85,89,169,83,86,-5,-2,-3
4313012400,2024-01-31,충청북도,충주시,충의동,충의동,336,167,169,338,168,170,2,1,1
4313012500,2024-01-31,충청북도,충주시,지현동,지현동,5028,2489,2539,5011,2486,2525,-17,-3,-14
4313012700,2024-01-31,충청북도,충주시,문화동,문화동,8985,4520,4465,8970,4511,4459,-15,-9,-6
4313012800,2024-01-31,충청북도,충주시,금릉동,금릉동,2256,1139,1117,2256,1139,1117,0,0,0
4313025021,2024-01-31,충청북도,충주시,주덕읍,신양리,1730,865,865,1722,863,859,-8,-2,-6
4313025022,2024-01-31,충청북도,충주시,주덕읍,창전리,272,144,128,270,142,128,-2,-2,0
4313025023,2024-01-31,충청북도,충주시,주덕읍,대곡리,268,136,132,270,138,132,2,2,0
4313025024,2024-01-31,충청북도,충주시,주덕읍,삼청리,519,287,232,512,280,232,-7,-7,0
4313025025,2024-01-31,충청북도,충주시,주덕읍,신중리,408,208,200,408,208,200,0,0,0
4313025026,2024-01-31,충청북도,충주시,주덕읍,화곡리,325,172,153,323,171,152,-2,-1,-1
4313025027,2024-01-31,충청북도,충주시,주덕읍,사락리,195,102,93,197,103,94,2,1,1
4313025028,2024-01-31,충청북도,충주시,주덕읍,제내리,262,140,122,258,136,122,-4,-4,0
4313025029,2024-01-31,충청북도,충주시,주덕읍,장록리,192,111,81,192,111,81,0,0,0
4313025030,2024-01-31,충청북도,충주시,주덕읍,덕련리,281,139,142,280,139,141,-1,0,-1
4313025031,2024-01-31,충청북도,충주시,주덕읍,당우리,330,176,154,330,176,154,0,0,0
4313031021,2024-01-31,충청북도,충주시,살미면,세성리,421,211,210,417,211,206,-4,0,-4
4313031022,2024-01-31,충청북도,충주시,살미면,문화리,1,1,0,1,1,0,0,0,0
4313031023,2024-01-31,충청북도,충주시,살미면,재오개리,102,58,44,102,58,44,0,0,0
4313031024,2024-01-31,충청북도,충주시,살미면,무릉리,2,1,1,2,1,1,0,0,0
4313031025,2024-01-31,충청북도,충주시,살미면,신당리,7,5,2,7,5,2,0,0,0
4313031026,2024-01-31,충청북도,충주시,살미면,신매리,43,24,19,40,23,17,-3,-1,-2
4313031027,2024-01-31,충청북도,충주시,살미면,공이리,160,84,76,161,84,77,1,0,1
4313031028,2024-01-31,충청북도,충주시,살미면,내사리,245,129,116,241,125,116,-4,-4,0
4313031029,2024-01-31,충청북도,충주시,살미면,용천리,257,137,120,260,139,121,3,2,1
4313031030,2024-01-31,충청북도,충주시,살미면,설운리,242,118,124,242,118,124,0,0,0
4313031031,2024-01-31,충청북도,충주시,살미면,향산리,214,106,108,211,105,106,-3,-1,-2
4313031032,2024-01-31,충청북도,충주시,살미면,문강리,230,112,118,232,113,119,2,1,1
4313031033,2024-01-31,충청북도,충주시,살미면,토계리,71,37,34,71,37,34,0,0,0
4313032521,2024-01-31,충청북도,충주시,수안보면,온천리,1172,573,599,1170,571,599,-2,-2,0
4313032522,2024-01-31,충청북도,충주시,수안보면,안보리,391,192,199,392,192,200,1,0,1
4313032523,2024-01-31,충청북도,충주시,수안보면,화천리,220,110,110,222,111,111,2,1,1
4313032524,2024-01-31,충청북도,충주시,수안보면,사문리,261,131,130,266,134,132,5,3,2
4313032525,2024-01-31,충청북도,충주시,수안보면,미륵리,94,52,42,97,53,44,3,1,2
4313032526,2024-01-31,충청북도,충주시,수안보면,고운리,56,34,22,56,34,22,0,0,0
4313032527,2024-01-31,충청북도,충주시,수안보면,중산리,249,125,124,249,125,124,0,0,0
4313032528,2024-01-31,충청북도,충주시,수안보면,수회리,377,198,179,375,198,177,-2,0,-2
4313033500,2024-01-31,충청북도,충주시,대소원면,대소원면,2,1,1,0,0,0,-2,-1,-1
4313033521,2024-01-31,충청북도,충주시,대소원면,대소리,902,487,415,896,482,414,-6,-5,-1
4313033522,2024-01-31,충청북도,충주시,대소원면,금곡리,191,98,93,189,99,90,-2,1,-3
4313033523,2024-01-31,충청북도,충주시,대소원면,장성리,303,157,146,304,158,146,1,1,0
4313033524,2024-01-31,충청북도,충주시,대소원면,만정리,1127,685,442,1110,679,431,-17,-6,-11
4313033525,2024-01-31,충청북도,충주시,대소원면,두정리,238,130,108,240,131,109,2,1,1
4313033526,2024-01-31,충청북도,충주시,대소원면,탄용리,155,82,73,154,81,73,-1,-1,0
4313033527,2024-01-31,충청북도,충주시,대소원면,매현리,222,109,113,221,106,115,-1,-3,2
4313033528,2024-01-31,충청북도,충주시,대소원면,문주리,189,104,85,189,104,85,0,0,0
4313033529,2024-01-31,충청북도,충주시,대소원면,검단리,827,534,293,794,515,279,-33,-19,-14
4313033530,2024-01-31,충청북도,충주시,대소원면,완오리,525,296,229,526,298,228,1,2,-1
4313033531,2024-01-31,충청북도,충주시,대소원면,본리,4829,2747,2082,4836,2756,2080,7,9,-2
4313033532,2024-01-31,충청북도,충주시,대소원면,영평리,178,88,90,179,89,90,1,1,0
4313035021,2024-01-31,충청북도,충주시,신니면,용원리,462,230,232,461,230,231,-1,0,-1
4313035022,2024-01-31,충청북도,충주시,신니면,화석리,279,136,143,275,133,142,-4,-3,-1
4313035023,2024-01-31,충청북도,충주시,신니면,신청리,251,114,137,258,116,142,7,2,5
4313035024,2024-01-31,충청북도,충주시,신니면,문숭리,219,105,114,213,102,111,-6,-3,-3
4313035025,2024-01-31,충청북도,충주시,신니면,문락리,220,112,108,219,113,106,-1,1,-2
4313035026,2024-01-31,충청북도,충주시,신니면,모남리,126,70,56,121,68,53,-5,-2,-3
4313035027,2024-01-31,충청북도,충주시,신니면,광월리,134,66,68,136,67,69,2,1,1
4313035028,2024-01-31,충청북도,충주시,신니면,대화리,127,72,55,131,74,57,4,2,2
4313035029,2024-01-31,충청북도,충주시,신니면,송암리,171,98,73,168,96,72,-3,-2,-1
4313035030,2024-01-31,충청북도,충주시,신니면,선당리,123,68,55,125,71,54,2,3,-1
4313035031,2024-01-31,충청북도,충주시,신니면,원평리,115,69,46,116,69,47,1,0,1
4313035032,2024-01-31,충청북도,충주시,신니면,마수리,199,94,105,198,92,106,-1,-2,1
4313035034,2024-01-31,충청북도,충주시,신니면,견학리,327,176,151,326,174,152,-1,-2,1
4313036021,2024-01-31,충청북도,충주시,노은면,연하리,414,212,202,412,210,202,-2,-2,0
4313036022,2024-01-31,충청북도,충주시,노은면,법동리,172,94,78,171,94,77,-1,0,-1
4313036023,2024-01-31,충청북도,충주시,노은면,안락리,271,147,124,270,147,123,-1,0,-1
4313036024,2024-01-31,충청북도,충주시,노은면,대덕리,243,126,117,245,127,118,2,1,1
4313036025,2024-01-31,충청북도,충주시,노은면,가신리,296,151,145,297,152,145,1,1,0
4313036026,2024-01-31,충청북도,충주시,노은면,문성리,235,120,115,234,118,116,-1,-2,1
4313036027,2024-01-31,충청북도,충주시,노은면,신효리,305,145,160,298,141,157,-7,-4,-3
4313036028,2024-01-31,충청북도,충주시,노은면,수룡리,275,142,133,275,141,134,0,-1,1
4313037021,2024-01-31,충청북도,충주시,앙성면,용포리,696,338,358,695,334,361,-1,-4,3
4313037022,2024-01-31,충청북도,충주시,앙성면,영죽리,398,201,197,399,201,198,1,0,1
4313037023,2024-01-31,충청북도,충주시,앙성면,강천리,112,58,54,112,58,54,0,0,0
4313037024,2024-01-31,충청북도,충주시,앙성면,단암리,172,82,90,174,83,91,2,1,1
4313037025,2024-01-31,충청북도,충주시,앙성면,중전리,135,69,66,133,69,64,-2,0,-2
4313037026,2024-01-31,충청북도,충주시,앙성면,모점리,139,72,67,139,72,67,0,0,0
4313037027,2024-01-31,충청북도,충주시,앙성면,목미리,197,93,104,195,92,103,-2,-1,-1
4313037028,2024-01-31,충청북도,충주시,앙성면,지당리,238,125,113,235,124,111,-3,-1,-2
4313037029,2024-01-31,충청북도,충주시,앙성면,본평리,391,206,185,391,206,185,0,0,0
4313037030,2024-01-31,충청북도,충주시,앙성면,용대리,505,264,241,502,263,239,-3,-1,-2
4313037031,2024-01-31,충청북도,충주시,앙성면,마련리,112,56,56,110,55,55,-2,-1,-1
4313037032,2024-01-31,충청북도,충주시,앙성면,사미리,102,55,47,101,54,47,-1,-1,0
4313037033,2024-01-31,충청북도,충주시,앙성면,돈산리,239,138,101,241,138,103,2,0,2
4313037034,2024-01-31,충청북도,충주시,앙성면,능암리,322,177,145,321,179,142,-1,2,-3
4313037035,2024-01-31,충청북도,충주시,앙성면,조천리,148,72,76,146,71,75,-2,-1,-1
4313038500,2024-01-31,충청북도,충주시,중앙탑면,중앙탑면,1,1,0,0,0,0,-1,-1,0
4313038521,2024-01-31,충청북도,충주시,중앙탑면,탑평리,301,164,137,303,164,139,2,0,2
4313038522,2024-01-31,충청북도,충주시,중앙탑면,봉황리,182,90,92,182,90,92,0,0,0
4313038523,2024-01-31,충청북도,충주시,중앙탑면,가흥리,362,180,182,365,181,184,3,1,2
4313038524,2024-01-31,충청북도,충주시,중앙탑면,장천리,269,134,135,267,133,134,-2,-1,-1
4313038525,2024-01-31,충청북도,충주시,중앙탑면,하구암리,316,170,146,316,171,145,0,1,-1
4313038526,2024-01-31,충청북도,충주시,중앙탑면,용전리,12427,6429,5998,12561,6492,6069,134,63,71
4313038527,2024-01-31,충청북도,충주시,중앙탑면,루암리,409,211,198,406,209,197,-3,-2,-1
4313038528,2024-01-31,충청북도,충주시,중앙탑면,창동리,312,166,146,311,165,146,-1,-1,0
4313039021,2024-01-31,충청북도,충주시,금가면,하담리,32,18,14,31,18,13,-1,0,-1
4313039022,2024-01-31,충청북도,충주시,금가면,잠병리,325,166,159,322,165,157,-3,-1,-2
4313039023,2024-01-31,충청북도,충주시,금가면,유송리,203,110,93,202,109,93,-1,-1,0
4313039024,2024-01-31,충청북도,충주시,금가면,매하리,68,68,0,72,72,0,4,4,0
4313039025,2024-01-31,충청북도,충주시,금가면,월상리,121,64,57,123,67,56,2,3,-1
4313039026,2024-01-31,충청북도,충주시,금가면,문산리,1856,1009,847,1850,1008,842,-6,-1,-5
4313039027,2024-01-31,충청북도,충주시,금가면,원포리,162,84,78,160,83,77,-2,-1,-1
4313039028,2024-01-31,충청북도,충주시,금가면,오석리,196,101,95,196,100,96,0,-1,1
4313039029,2024-01-31,충청북도,충주시,금가면,사암리,434,212,222,435,211,224,1,-1,2
4313039030,2024-01-31,충청북도,충주시,금가면,도촌리,488,265,223,489,266,223,1,1,0
4313040021,2024-01-31,충청북도,충주시,동량면,조동리,1048,527,521,1052,531,521,4,4,0
4313040022,2024-01-31,충청북도,충주시,동량면,화암리,96,54,42,97,54,43,1,0,1
4313040023,2024-01-31,충청북도,충주시,동량면,지동리,129,68,61,129,69,60,0,1,-1
4313040024,2024-01-31,충청북도,충주시,동량면,하천리,90,51,39,90,51,39,0,0,0
4313040025,2024-01-31,충청북도,충주시,동량면,손동리,240,135,105,237,133,104,-3,-2,-1
4313040026,2024-01-31,충청북도,충주시,동량면,용교리,892,448,444,890,448,442,-2,0,-2
4313040027,2024-01-31,충청북도,충주시,동량면,대전리,893,448,445,902,453,449,9,5,4
4313040028,2024-01-31,충청북도,충주시,동량면,서운리,58,28,30,58,28,30,0,0,0
4313040029,2024-01-31,충청북도,충주시,동량면,포탄리,9,4,5,9,4,5,0,0,0
4313040030,2024-01-31,충청북도,충주시,동량면,함암리,5,4,1,5,4,1,0,0,0
4313041021,2024-01-31,충청북도,충주시,산척면,송강리,1076,539,537,1078,538,540,2,-1,3
4313041022,2024-01-31,충청북도,충주시,산척면,영덕리,714,378,336,714,381,333,0,3,-3
4313041023,2024-01-31,충청북도,충주시,산척면,명서리,225,116,109,224,116,108,-1,0,-1
4313041024,2024-01-31,충청북도,충주시,산척면,석천리,165,86,79,164,86,78,-1,0,-1
4313042021,2024-01-31,충청북도,충주시,엄정면,용산리,412,219,193,417,225,192,5,6,-1
4313042022,2024-01-31,충청북도,충주시,엄정면,율능리,235,123,112,236,125,111,1,2,-1
4313042023,2024-01-31,충청북도,충주시,엄정면,목계리,275,136,139,279,139,140,4,3,1
4313042024,2024-01-31,충청북도,충주시,엄정면,논강리,275,142,133,279,146,133,4,4,0
4313042025,2024-01-31,충청북도,충주시,엄정면,미내리,435,220,215,434,220,214,-1,0,-1
4313042026,2024-01-31,충청북도,충주시,엄정면,신만리,369,178,191,371,180,191,2,2,0
4313042027,2024-01-31,충청북도,충주시,엄정면,괴동리,248,121,127,248,121,127,0,0,0
4313042028,2024-01-31,충청북도,충주시,엄정면,추평리,207,100,107,208,100,108,1,0,1
4313042029,2024-01-31,충청북도,충주시,엄정면,원곡리,219,118,101,220,118,102,1,0,1
4313042030,2024-01-31,충청북도,충주시,엄정면,유봉리,105,53,52,105,53,52,0,0,0
4313042031,2024-01-31,충청북도,충주시,엄정면,가춘리,220,115,105,219,114,105,-1,-1,0
4313043021,2024-01-31,충청북도,충주시,소태면,오량리,212,106,106,214,107,107,2,1,1
4313043022,2024-01-31,충청북도,충주시,소태면,복탄리,290,150,140,285,147,138,-5,-3,-2
4313043023,2024-01-31,충청북도,충주시,소태면,덕은리,212,113,99,213,113,100,1,0,1
4313043024,2024-01-31,충청북도,충주시,소태면,주치리,316,167,149,316,167,149,0,0,0
4313043025,2024-01-31,충청북도,충주시,소태면,구룡리,154,82,72,153,81,72,-1,-1,0
4313043026,2024-01-31,충청북도,충주시,소태면,야동리,224,108,116,222,108,114,-2,0,-2
4313043027,2024-01-31,충청북도,충주시,소태면,동막리,86,48,38,85,48,37,-1,0,-1
4313043028,2024-01-31,충청북도,충주시,소태면,양촌리,216,109,107,216,109,107,0,0,0
4313043029,2024-01-31,충청북도,충주시,소태면,중청리,171,86,85,175,88,87,4,2,2
4315010100,2024-01-31,충청북도,제천시,의림동,의림동,2900,1399,1501,2888,1393,1495,-12,-6,-6
4315010200,2024-01-31,충청북도,제천시,서부동,서부동,1694,878,816,1701,885,816,7,7,0
4315010300,2024-01-31,충청북도,제천시,동현동,동현동,3098,1552,1546,3101,1559,1542,3,7,-4
4315010400,2024-01-31,충청북도,제천시,남천동,남천동,1632,790,842,1632,787,845,0,-3,3
4315010500,2024-01-31,충청북도,제천시,교동,교동,1969,966,1003,1971,966,1005,2,0,2
4315010600,2024-01-31,충청북도,제천시,중앙로1가,중앙로1가,173,79,94,173,80,93,0,1,-1
4315010700,2024-01-31,충청북도,제천시,중앙로2가,중앙로2가,1246,639,607,1246,640,606,0,1,-1
4315010800,2024-01-31,충청북도,제천시,명동,명동,1116,570,546,1117,571,546,1,1,0
4315010900,2024-01-31,충청북도,제천시,화산동,화산동,5998,3147,2851,5964,3135,2829,-34,-12,-22
4315011000,2024-01-31,충청북도,제천시,영천동,영천동,5352,2644,2708,5349,2651,2698,-3,7,-10
4315011100,2024-01-31,충청북도,제천시,하소동,하소동,11162,5453,5709,11166,5451,5715,4,-2,6
4315011200,2024-01-31,충청북도,제천시,신월동,신월동,4666,2368,2298,4481,2259,2222,-185,-109,-76
4315011300,2024-01-31,충청북도,제천시,청전동,청전동,15109,7618,7491,15086,7599,7487,-23,-19,-4
4315011400,2024-01-31,충청북도,제천시,모산동,모산동,1515,791,724,1450,761,689,-65,-30,-35
4315011500,2024-01-31,충청북도,제천시,고암동,고암동,8501,4174,4327,8518,4187,4331,17,13,4
4315011600,2024-01-31,충청북도,제천시,장락동,장락동,16042,7888,8154,16024,7885,8139,-18,-3,-15
4315011700,2024-01-31,충청북도,제천시,흑석동,흑석동,545,294,251,545,296,249,0,2,-2
4315011800,2024-01-31,충청북도,제천시,두학동,두학동,871,445,426,874,448,426,3,3,0
4315011900,2024-01-31,충청북도,제천시,고명동,고명동,854,443,411,849,442,407,-5,-1,-4
4315012000,2024-01-31,충청북도,제천시,신백동,신백동,8129,4023,4106,8109,4003,4106,-20,-20,0
4315012100,2024-01-31,충청북도,제천시,강제동,강제동,8190,4057,4133,8184,4059,4125,-6,2,-8
4315012200,2024-01-31,충청북도,제천시,명지동,명지동,357,173,184,355,173,182,-2,0,-2
4315012300,2024-01-31,충청북도,제천시,산곡동,산곡동,411,209,202,416,212,204,5,3,2
4315012400,2024-01-31,충청북도,제천시,왕암동,왕암동,2934,1516,1418,2936,1515,1421,2,-1,3
4315012500,2024-01-31,충청북도,제천시,천남동,천남동,2651,1319,1332,2663,1328,1335,12,9,3
4315012600,2024-01-31,충청북도,제천시,신동,신동,191,106,85,191,106,85,0,0,0
4315012700,2024-01-31,충청북도,제천시,자작동,자작동,177,94,83,176,95,81,-1,1,-2
4315012800,2024-01-31,충청북도,제천시,대랑동,대랑동,125,73,52,127,75,52,2,2,0
4315025021,2024-01-31,충청북도,제천시,봉양읍,주포리,1067,519,548,1059,517,542,-8,-2,-6
4315025022,2024-01-31,충청북도,제천시,봉양읍,장평리,398,201,197,396,199,197,-2,-2,0
4315025023,2024-01-31,충청북도,제천시,봉양읍,미당리,1651,844,807,1654,844,810,3,0,3
4315025024,2024-01-31,충청북도,제천시,봉양읍,명도리,321,162,159,321,162,159,0,0,0
4315025025,2024-01-31,충청북도,제천시,봉양읍,봉양리,248,130,118,254,133,121,6,3,3
4315025026,2024-01-31,충청북도,제천시,봉양읍,명암리,197,95,102,197,95,102,0,0,0
4315025027,2024-01-31,충청북도,제천시,봉양읍,학산리,215,107,108,216,107,109,1,0,1
4315025028,2024-01-31,충청북도,제천시,봉양읍,옥전리,273,139,134,277,141,136,4,2,2
4315025029,2024-01-31,충청북도,제천시,봉양읍,구학리,421,214,207,420,217,203,-1,3,-4
4315025030,2024-01-31,충청북도,제천시,봉양읍,팔송리,205,106,99,201,104,97,-4,-2,-2
4315025031,2024-01-31,충청북도,제천시,봉양읍,연박리,510,287,223,515,291,224,5,4,1
4315025032,2024-01-31,충청북도,제천시,봉양읍,원박리,280,153,127,281,155,126,1,2,-1
4315025033,2024-01-31,충청북도,제천시,봉양읍,구곡리,267,145,122,268,145,123,1,0,1
4315025034,2024-01-31,충청북도,제천시,봉양읍,공전리,244,119,125,244,121,123,0,2,-2
4315025035,2024-01-31,충청북도,제천시,봉양읍,마곡리,107,54,53,104,53,51,-3,-1,-2
4315025036,2024-01-31,충청북도,제천시,봉양읍,삼거리,268,137,131,268,137,131,0,0,0
4315031021,2024-01-31,충청북도,제천시,금성면,구룡리,297,156,141,295,155,140,-2,-1,-1
4315031022,2024-01-31,충청북도,제천시,금성면,성내리,112,61,51,114,62,52,2,1,1
4315031023,2024-01-31,충청북도,제천시,금성면,월굴리,52,29,23,52,29,23,0,0,0
4315031024,2024-01-31,충청북도,제천시,금성면,중전리,104,54,50,102,53,49,-2,-1,-1
4315031025,2024-01-31,충청북도,제천시,금성면,포전리,105,58,47,105,57,48,0,-1,1
4315031026,2024-01-31,충청북도,제천시,금성면,활산리,104,61,43,105,61,44,1,0,1
4315031027,2024-01-31,충청북도,제천시,금성면,사곡리,164,88,76,163,87,76,-1,-1,0
4315031028,2024-01-31,충청북도,제천시,금성면,적덕리,90,48,42,92,50,42,2,2,0
4315031029,2024-01-31,충청북도,제천시,금성면,진리,31,16,15,31,16,15,0,0,0
4315031030,2024-01-31,충청북도,제천시,금성면,월림리,317,159,158,317,158,159,0,-1,1
4315031031,2024-01-31,충청북도,제천시,금성면,위림리,92,48,44,91,48,43,-1,0,-1
4315031032,2024-01-31,충청북도,제천시,금성면,양화리,280,158,122,277,158,119,-3,0,-3
4315031033,2024-01-31,충청북도,제천시,금성면,대장리,64,35,29,64,35,29,0,0,0
4315031034,2024-01-31,충청북도,제천시,금성면,동막리,4,3,1,4,3,1,0,0,0
4315032021,2024-01-31,충청북도,제천시,청풍면,읍리,3,1,2,3,1,2,0,0,0
4315032022,2024-01-31,충청북도,제천시,청풍면,연곡리,33,18,15,33,18,15,0,0,0
4315032023,2024-01-31,충청북도,제천시,청풍면,광의리,22,11,11,22,11,11,0,0,0
4315032024,2024-01-31,충청북도,제천시,청풍면,계산리,9,5,4,9,5,4,0,0,0
4315032025,2024-01-31,충청북도,제천시,청풍면,황석리,21,14,7,21,14,7,0,0,0
4315032026,2024-01-31,충청북도,제천시,청풍면,후산리,15,6,9,15,6,9,0,0,0
4315032027,2024-01-31,충청북도,제천시,청풍면,사오리,15,8,7,15,8,7,0,0,0
4315032028,2024-01-31,충청북도,제천시,청풍면,부산리,23,13,10,23,13,10,0,0,0
4315032029,2024-01-31,충청북도,제천시,청풍면,장선리,95,50,45,96,51,45,1,1,0
4315032030,2024-01-31,충청북도,제천시,청풍면,단돈리,27,11,16,27,11,16,0,0,0
4315032031,2024-01-31,충청북도,제천시,청풍면,방흥리,4,3,1,4,3,1,0,0,0
4315032032,2024-01-31,충청북도,제천시,청풍면,오산리,13,8,5,13,8,5,0,0,0
4315032033,2024-01-31,충청북도,제천시,청풍면,진목리,9,4,5,9,4,5,0,0,0
4315032034,2024-01-31,충청북도,제천시,청풍면,양평리,50,24,26,50,24,26,0,0,0
4315032035,2024-01-31,충청북도,제천시,청풍면,도곡리,71,38,33,69,36,33,-2,-2,0
4315032036,2024-01-31,충청북도,제천시,청풍면,대류리,61,34,27,61,34,27,0,0,0
4315032037,2024-01-31,충청북도,제천시,청풍면,신리,75,41,34,75,41,34,0,0,0
4315032038,2024-01-31,충청북도,제천시,청풍면,용곡리,76,33,43,76,33,43,0,0,0
4315032039,2024-01-31,충청북도,제천시,청풍면,연론리,51,27,24,51,26,25,0,-1,1
4315032040,2024-01-31,충청북도,제천시,청풍면,단리,39,19,20,39,19,20,0,0,0
4315032041,2024-01-31,충청북도,제천시,청풍면,물태리,241,123,118,241,124,117,0,1,-1
4315032043,2024-01-31,충청북도,제천시,청풍면,실리곡리,24,15,9,24,15,9,0,0,0
4315032044,2024-01-31,충청북도,제천시,청풍면,북진리,60,34,26,58,33,25,-2,-1,-1
4315032045,2024-01-31,충청북도,제천시,청풍면,도화리,54,28,26,54,28,26,0,0,0
4315032046,2024-01-31,충청북도,제천시,청풍면,교리,50,27,23,49,27,22,-1,0,-1
4315032047,2024-01-31,충청북도,제천시,청풍면,학현리,134,64,70,135,65,70,1,1,0
4315033021,2024-01-31,충청북도,제천시,수산면,수산리,306,149,157,301,147,154,-5,-2,-3
4315033022,2024-01-31,충청북도,제천시,수산면,내리,98,45,53,100,47,53,2,2,0
4315033023,2024-01-31,충청북도,제천시,수산면,적곡리,109,63,46,108,62,46,-1,-1,0
4315033024,2024-01-31,충청북도,제천시,수산면,수곡리,207,107,100,202,102,100,-5,-5,0
4315033025,2024-01-31,충청북도,제천시,수산면,수리,85,46,39,85,45,40,0,-1,1
4315033026,2024-01-31,충청북도,제천시,수산면,대전리,208,115,93,207,115,92,-1,0,-1
4315033027,2024-01-31,충청북도,제천시,수산면,계란리,45,26,19,45,26,19,0,0,0
4315033028,2024-01-31,충청북도,제천시,수산면,괴곡리,56,30,26,54,29,25,-2,-1,-1
4315033029,2024-01-31,충청북도,제천시,수산면,원대리,20,10,10,20,10,10,0,0,0
4315033030,2024-01-31,충청북도,제천시,수산면,다불리,18,13,5,18,13,5,0,0,0
4315033031,2024-01-31,충청북도,제천시,수산면,전곡리,41,27,14,41,27,14,0,0,0
4315033032,2024-01-31,충청북도,제천시,수산면,구곡리,60,29,31,60,29,31,0,0,0
4315033033,2024-01-31,충청북도,제천시,수산면,도전리,90,45,45,89,44,45,-1,-1,0
4315033034,2024-01-31,충청북도,제천시,수산면,율지리,31,21,10,31,21,10,0,0,0
4315033035,2024-01-31,충청북도,제천시,수산면,지곡리,37,18,19,37,18,19,0,0,0
4315033036,2024-01-31,충청북도,제천시,수산면,서곡리,43,31,12,43,31,12,0,0,0
4315033037,2024-01-31,충청북도,제천시,수산면,오티리,205,101,104,204,100,104,-1,-1,0
4315033038,2024-01-31,충청북도,제천시,수산면,성리,2,2,0,2,2,0,0,0,0
4315033039,2024-01-31,충청북도,제천시,수산면,상천리,121,68,53,121,68,53,0,0,0
4315033040,2024-01-31,충청북도,제천시,수산면,하천리,78,37,41,78,37,41,0,0,0
4315033041,2024-01-31,충청북도,제천시,수산면,능강리,72,37,35,72,37,35,0,0,0
4315033042,2024-01-31,충청북도,제천시,수산면,고명리,88,46,42,88,46,42,0,0,0
4315034021,2024-01-31,충청북도,제천시,덕산면,도전리,679,328,351,679,327,352,0,-1,1
4315034022,2024-01-31,충청북도,제천시,덕산면,성암리,200,97,103,200,97,103,0,0,0
4315034023,2024-01-31,충청북도,제천시,덕산면,신현리,315,160,155,317,160,157,2,0,2
4315034024,2024-01-31,충청북도,제천시,덕산면,수산리,165,83,82,166,84,82,1,1,0
4315034025,2024-01-31,충청북도,제천시,덕산면,월악리,239,135,104,233,132,101,-6,-3,-3
4315034026,2024-01-31,충청북도,제천시,덕산면,도기리,194,100,94,196,101,95,2,1,1
4315034027,2024-01-31,충청북도,제천시,덕산면,선고리,343,177,166,333,172,161,-10,-5,-5
4315035021,2024-01-31,충청북도,제천시,한수면,황강리,10,6,4,10,6,4,0,0,0
4315035022,2024-01-31,충청북도,제천시,한수면,서창리,22,15,7,22,15,7,0,0,0
4315035023,2024-01-31,충청북도,제천시,한수면,덕곡리,117,59,58,116,58,58,-1,-1,0
4315035024,2024-01-31,충청북도,제천시,한수면,한천리,3,1,2,3,1,2,0,0,0
4315035027,2024-01-31,충청북도,제천시,한수면,상노리,16,10,6,16,10,6,0,0,0
4315035028,2024-01-31,충청북도,제천시,한수면,탄지리,113,61,52,112,60,52,-1,-1,0
4315035029,2024-01-31,충청북도,제천시,한수면,복평리,2,1,1,2,1,1,0,0,0
4315035030,2024-01-31,충청북도,제천시,한수면,송계리,374,186,188,381,190,191,7,4,3
4315036021,2024-01-31,충청북도,제천시,백운면,평동리,700,340,360,696,336,360,-4,-4,0
4315036022,2024-01-31,충청북도,제천시,백운면,운학리,294,156,138,297,156,141,3,0,3
4315036023,2024-01-31,충청북도,제천시,백운면,덕동리,162,79,83,158,78,80,-4,-1,-3
4315036024,2024-01-31,충청북도,제천시,백운면,화당리,348,173,175,351,174,177,3,1,2
4315036025,2024-01-31,충청북도,제천시,백운면,도곡리,307,175,132,316,180,136,9,5,4
4315036026,2024-01-31,충청북도,제천시,백운면,방학리,518,267,251,520,269,251,2,2,0
4315036027,2024-01-31,충청북도,제천시,백운면,모정리,167,86,81,168,87,81,1,1,0
4315036028,2024-01-31,충청북도,제천시,백운면,애련리,223,121,102,222,121,101,-1,0,-1
4315036029,2024-01-31,충청북도,제천시,백운면,원월리,617,331,286,624,333,291,7,2,5
4315038021,2024-01-31,충청북도,제천시,송학면,무도리,682,359,323,677,357,320,-5,-2,-3
4315038022,2024-01-31,충청북도,제천시,송학면,장곡리,146,71,75,145,70,75,-1,-1,0
4315038023,2024-01-31,충청북도,제천시,송학면,입석리,654,336,318,660,338,322,6,2,4
4315038024,2024-01-31,충청북도,제천시,송학면,시곡리,1279,666,613,1275,663,612,-4,-3,-1
4315038025,2024-01-31,충청북도,제천시,송학면,도화리,1058,578,480,1043,571,472,-15,-7,-8
4315038026,2024-01-31,충청북도,제천시,송학면,포전리,308,159,149,309,160,149,1,1,0
4315038027,2024-01-31,충청북도,제천시,송학면,송한리,362,203,159,360,201,159,-2,-2,0
4315038028,2024-01-31,충청북도,제천시,송학면,오미리,186,118,68,188,120,68,2,2,0
4372025021,2024-01-31,충청북도,보은군,보은읍,삼산리,2129,1036,1093,2129,1032,1097,0,-4,4
4372025022,2024-01-31,충청북도,보은군,보은읍,죽전리,872,438,434,869,436,433,-3,-2,-1
4372025023,2024-01-31,충청북도,보은군,보은읍,장신리,2122,1054,1068,2124,1055,1069,2,1,1
4372025024,2024-01-31,충청북도,보은군,보은읍,교사리,2043,1021,1022,2038,1021,1017,-5,0,-5
4372025025,2024-01-31,충청북도,보은군,보은읍,수정리,160,81,79,161,82,79,1,1,0
4372025026,2024-01-31,충청북도,보은군,보은읍,지산리,113,52,61,111,50,61,-2,-2,0
4372025027,2024-01-31,충청북도,보은군,보은읍,금굴리,230,120,110,233,123,110,3,3,0
4372025028,2024-01-31,충청북도,보은군,보은읍,월송리,223,114,109,225,114,111,2,0,2
4372025029,2024-01-31,충청북도,보은군,보은읍,어암리,192,100,92,189,97,92,-3,-3,0
4372025030,2024-01-31,충청북도,보은군,보은읍,성주리,214,104,110,217,106,111,3,2,1
4372025031,2024-01-31,충청북도,보은군,보은읍,이평리,3404,1676,1728,3395,1675,1720,-9,-1,-8
4372025032,2024-01-31,충청북도,보은군,보은읍,길상리,98,48,50,99,48,51,1,0,1
4372025033,2024-01-31,충청북도,보은군,보은읍,대야리,77,37,40,82,38,44,5,1,4
4372025034,2024-01-31,충청북도,보은군,보은읍,누청리,153,75,78,154,75,79,1,0,1
4372025035,2024-01-31,충청북도,보은군,보은읍,강신리,158,82,76,158,83,75,0,1,-1
4372025036,2024-01-31,충청북도,보은군,보은읍,성족리,83,37,46,84,37,47,1,0,1
4372025037,2024-01-31,충청북도,보은군,보은읍,종곡리,169,96,73,170,98,72,1,2,-1
4372025038,2024-01-31,충청북도,보은군,보은읍,학림리,204,99,105,201,99,102,-3,0,-3
4372025039,2024-01-31,충청북도,보은군,보은읍,강산리,166,81,85,166,82,84,0,1,-1
4372025040,2024-01-31,충청북도,보은군,보은읍,중동리,82,39,43,78,37,41,-4,-2,-2
4372025041,2024-01-31,충청북도,보은군,보은읍,신함리,222,122,100,223,123,100,1,1,0
4372025042,2024-01-31,충청북도,보은군,보은읍,풍취리,203,94,109,205,96,109,2,2,0
4372025043,2024-01-31,충청북도,보은군,보은읍,산성리,253,128,125,249,127,122,-4,-1,-3
4372025044,2024-01-31,충청북도,보은군,보은읍,중초리,119,64,55,118,64,54,-1,0,-1
4372025045,2024-01-31,충청북도,보은군,보은읍,노티리,131,68,63,131,67,64,0,-1,1
4372025046,2024-01-31,충청북도,보은군,보은읍,용암리,134,67,67,134,67,67,0,0,0
4372025047,2024-01-31,충청북도,보은군,보은읍,봉평리,158,85,73,160,86,74,2,1,1
4372025048,2024-01-31,충청북도,보은군,보은읍,장속리,244,124,120,243,122,121,-1,-2,1
4372031521,2024-01-31,충청북도,보은군,속리산면,상판리,135,65,70,132,63,69,-3,-2,-1
4372031522,2024-01-31,충청북도,보은군,속리산면,갈목리,54,29,25,53,28,25,-1,-1,0
4372031523,2024-01-31,충청북도,보은군,속리산면,중판리,202,99,103,196,98,98,-6,-1,-5
4372031524,2024-01-31,충청북도,보은군,속리산면,하판리,74,34,40,74,34,40,0,0,0
4372031525,2024-01-31,충청북도,보은군,속리산면,북암리,162,85,77,162,85,77,0,0,0
4372031526,2024-01-31,충청북도,보은군,속리산면,백현리,40,17,23,38,16,22,-2,-1,-1
4372031527,2024-01-31,충청북도,보은군,속리산면,사내리,841,441,400,836,438,398,-5,-3,-2
4372031528,2024-01-31,충청북도,보은군,속리산면,삼가리,93,46,47,89,44,45,-4,-2,-2
4372031529,2024-01-31,충청북도,보은군,속리산면,구병리,79,41,38,79,41,38,0,0,0
4372031530,2024-01-31,충청북도,보은군,속리산면,도화리,35,17,18,35,17,18,0,0,0
4372031531,2024-01-31,충청북도,보은군,속리산면,만수리,61,34,27,60,33,27,-1,-1,0
4372032522,2024-01-31,충청북도,보은군,장안면,서원리,108,50,58,109,51,58,1,1,0
4372032523,2024-01-31,충청북도,보은군,장안면,개안리,64,29,35,64,29,35,0,0,0
4372032524,2024-01-31,충청북도,보은군,장안면,황곡리,79,44,35,77,44,33,-2,0,-2
4372032525,2024-01-31,충청북도,보은군,장안면,봉비리,519,300,219,523,304,219,4,4,0
4372032526,2024-01-31,충청북도,보은군,장안면,불목리,46,27,19,46,26,20,0,-1,1
4372032527,2024-01-31,충청북도,보은군,장안면,오창리,125,67,58,122,65,57,-3,-2,-1
4372032528,2024-01-31,충청북도,보은군,장안면,장재리,87,41,46,87,42,45,0,1,-1
4372032529,2024-01-31,충청북도,보은군,장안면,구인리,126,61,65,128,63,65,2,2,0
4372032530,2024-01-31,충청북도,보은군,장안면,장안리,233,122,111,232,120,112,-1,-2,1
4372033021,2024-01-31,충청북도,보은군,마로면,관기리,481,236,245,483,239,244,2,3,-1
4372033022,2024-01-31,충청북도,보은군,마로면,수문리,179,87,92,180,87,93,1,0,1
4372033023,2024-01-31,충청북도,보은군,마로면,오천리,114,60,54,113,60,53,-1,0,-1
4372033024,2024-01-31,충청북도,보은군,마로면,세중리,213,100,113,216,102,114,3,2,1
4372033025,2024-01-31,충청북도,보은군,마로면,변둔리,72,36,36,76,39,37,4,3,1
4372033026,2024-01-31,충청북도,보은군,마로면,소여리,141,69,72,141,68,73,0,-1,1
4372033027,2024-01-31,충청북도,보은군,마로면,적암리,105,49,56,105,49,56,0,0,0
4372033028,2024-01-31,충청북도,보은군,마로면,송현리,113,57,56,115,57,58,2,0,2
4372033029,2024-01-31,충청북도,보은군,마로면,기대리,177,89,88,171,86,85,-6,-3,-3
4372033030,2024-01-31,충청북도,보은군,마로면,원정리,99,51,48,99,51,48,0,0,0
4372033031,2024-01-31,충청북도,보은군,마로면,갈전리,95,42,53,95,42,53,0,0,0
4372033032,2024-01-31,충청북도,보은군,마로면,한중리,96,48,48,96,48,48,0,0,0
4372033033,2024-01-31,충청북도,보은군,마로면,임곡리,74,37,37,74,37,37,0,0,0
4372033034,2024-01-31,충청북도,보은군,마로면,갈평리,141,62,79,139,61,78,-2,-1,-1
4372034021,2024-01-31,충청북도,보은군,탄부면,하장리,205,100,105,202,98,104,-3,-2,-1
4372034022,2024-01-31,충청북도,보은군,탄부면,구암리,121,57,64,121,58,63,0,1,-1
4372034023,2024-01-31,충청북도,보은군,탄부면,성지리,59,32,27,59,32,27,0,0,0
4372034024,2024-01-31,충청북도,보은군,탄부면,덕동리,129,67,62,132,68,64,3,1,2
4372034025,2024-01-31,충청북도,보은군,탄부면,매화리,86,44,42,86,44,42,0,0,0
4372034026,2024-01-31,충청북도,보은군,탄부면,고승리,143,59,84,141,59,82,-2,0,-2
4372034027,2024-01-31,충청북도,보은군,탄부면,상장리,136,71,65,136,71,65,0,0,0
4372034028,2024-01-31,충청북도,보은군,탄부면,대양리,155,73,82,157,74,83,2,1,1
4372034029,2024-01-31,충청북도,보은군,탄부면,벽지리,113,57,56,113,57,56,0,0,0
4372034030,2024-01-31,충청북도,보은군,탄부면,장암리,105,49,56,105,50,55,0,1,-1
4372034031,2024-01-31,충청북도,보은군,탄부면,사직리,101,45,56,101,45,56,0,0,0
4372034032,2024-01-31,충청북도,보은군,탄부면,평각리,120,69,51,120,68,52,0,-1,1
4372034033,2024-01-31,충청북도,보은군,탄부면,임한리,100,53,47,100,54,46,0,1,-1
4372035021,2024-01-31,충청북도,보은군,삼승면,원남리,588,282,306,587,281,306,-1,-1,0
4372035022,2024-01-31,충청북도,보은군,삼승면,내망리,215,109,106,216,109,107,1,0,1
4372035023,2024-01-31,충청북도,보은군,삼승면,탄금리,103,54,49,102,53,49,-1,-1,0
4372035024,2024-01-31,충청북도,보은군,삼승면,달산리,144,65,79,140,62,78,-4,-3,-1
4372035025,2024-01-31,충청북도,보은군,삼승면,송죽리,125,66,59,124,66,58,-1,0,-1
4372035026,2024-01-31,충청북도,보은군,삼승면,선곡리,142,76,66,142,76,66,0,0,0
4372035027,2024-01-31,충청북도,보은군,삼승면,천남리,224,117,107,225,117,108,1,0,1
4372035028,2024-01-31,충청북도,보은군,삼승면,상가리,152,68,84,153,69,84,1,1,0
4372035029,2024-01-31,충청북도,보은군,삼승면,우진리,275,168,107,275,170,105,0,2,-2
4372035030,2024-01-31,충청북도,보은군,삼승면,둔덕리,105,56,49,104,55,49,-1,-1,0
4372035031,2024-01-31,충청북도,보은군,삼승면,서원리,150,68,82,150,67,83,0,-1,1
4372036021,2024-01-31,충청북도,보은군,수한면,병원리,119,56,63,119,56,63,0,0,0
4372036022,2024-01-31,충청북도,보은군,수한면,교암리,105,48,57,102,46,56,-3,-2,-1
4372036023,2024-01-31,충청북도,보은군,수한면,발산리,199,98,101,193,96,97,-6,-2,-4
4372036024,2024-01-31,충청북도,보은군,수한면,소계리,103,51,52,104,52,52,1,1,0
4372036025,2024-01-31,충청북도,보은군,수한면,거현리,145,70,75,143,69,74,-2,-1,-1
4372036026,2024-01-31,충청북도,보은군,수한면,질신리,97,54,43,96,53,43,-1,-1,0
4372036027,2024-01-31,충청북도,보은군,수한면,오정리,88,47,41,86,46,40,-2,-1,-1
4372036028,2024-01-31,충청북도,보은군,수한면,차정리,78,40,38,77,40,37,-1,0,-1
4372036029,2024-01-31,충청북도,보은군,수한면,후평리,203,100,103,204,102,102,1,2,-1
4372036030,2024-01-31,충청북도,보은군,수한면,성리,63,29,34,60,27,33,-3,-2,-1
4372036031,2024-01-31,충청북도,보은군,수한면,묘서리,194,103,91,194,102,92,0,-1,1
4372036032,2024-01-31,충청북도,보은군,수한면,광촌리,96,53,43,93,52,41,-3,-1,-2
4372036033,2024-01-31,충청북도,보은군,수한면,장선리,65,38,27,65,38,27,0,0,0
4372036034,2024-01-31,충청북도,보은군,수한면,동정리,101,47,54,100,46,54,-1,-1,0
4372036035,2024-01-31,충청북도,보은군,수한면,산척리,46,30,16,46,30,16,0,0,0
4372036036,2024-01-31,충청북도,보은군,수한면,율산리,58,31,27,56,30,26,-2,-1,-1
4372036037,2024-01-31,충청북도,보은군,수한면,노성리,60,35,25,60,35,25,0,0,0
4372037021,2024-01-31,충청북도,보은군,회남면,신곡리,58,35,23,56,33,23,-2,-2,0
4372037022,2024-01-31,충청북도,보은군,회남면,금곡리,84,43,41,85,44,41,1,1,0
4372037023,2024-01-31,충청북도,보은군,회남면,조곡리,80,49,31,80,49,31,0,0,0
4372037024,2024-01-31,충청북도,보은군,회남면,용호리,26,17,9,25,17,8,-1,0,-1
4372037025,2024-01-31,충청북도,보은군,회남면,은운리,32,19,13,32,19,13,0,0,0
4372037027,2024-01-31,충청북도,보은군,회남면,법수리,45,25,20,45,25,20,0,0,0
4372037028,2024-01-31,충청북도,보은군,회남면,신추리,29,15,14,29,15,14,0,0,0
4372037029,2024-01-31,충청북도,보은군,회남면,거교리,93,53,40,94,52,42,1,-1,2
4372037031,2024-01-31,충청북도,보은군,회남면,분저리,59,28,31,59,28,31,0,0,0
4372037033,2024-01-31,충청북도,보은군,회남면,산수리,33,20,13,33,20,13,0,0,0
4372037034,2024-01-31,충청북도,보은군,회남면,매산리,3,2,1,3,2,1,0,0,0
4372037037,2024-01-31,충청북도,보은군,회남면,사음리,64,34,30,67,37,30,3,3,0
4372037039,2024-01-31,충청북도,보은군,회남면,남대문리,79,51,28,79,51,28,0,0,0
4372037040,2024-01-31,충청북도,보은군,회남면,광포리,38,18,20,38,18,20,0,0,0
4372038521,2024-01-31,충청북도,보은군,회인면,중앙리,271,130,141,264,127,137,-7,-3,-4
4372038522,2024-01-31,충청북도,보은군,회인면,용촌리,187,100,87,185,99,86,-2,-1,-1
4372038523,2024-01-31,충청북도,보은군,회인면,신문리,70,35,35,68,34,34,-2,-1,-1
4372038524,2024-01-31,충청북도,보은군,회인면,쌍암리,119,68,51,120,69,51,1,1,0
4372038525,2024-01-31,충청북도,보은군,회인면,갈티리,22,12,10,23,13,10,1,1,0
4372038526,2024-01-31,충청북도,보은군,회인면,건천리,113,56,57,116,58,58,3,2,1
4372038527,2024-01-31,충청북도,보은군,회인면,부수리,137,68,69,137,68,69,0,0,0
4372038528,2024-01-31,충청북도,보은군,회인면,송평리,126,56,70,126,56,70,0,0,0
4372038529,2024-01-31,충청북도,보은군,회인면,오동리,160,72,88,161,72,89,1,0,1
4372038530,2024-01-31,충청북도,보은군,회인면,고석리,113,56,57,113,55,58,0,-1,1
4372038531,2024-01-31,충청북도,보은군,회인면,애곡리,85,40,45,85,41,44,0,1,-1
4372038532,2024-01-31,충청북도,보은군,회인면,눌곡리,116,64,52,116,64,52,0,0,0
4372038533,2024-01-31,충청북도,보은군,회인면,죽암리,51,26,25,52,26,26,1,0,1
4372038534,2024-01-31,충청북도,보은군,회인면,신대리,42,19,23,42,19,23,0,0,0
4372038535,2024-01-31,충청북도,보은군,회인면,용곡리,97,54,43,95,54,41,-2,0,-2
4372039021,2024-01-31,충청북도,보은군,내북면,이원리,139,69,70,142,71,71,3,2,1
4372039022,2024-01-31,충청북도,보은군,내북면,성티리,57,27,30,57,27,30,0,0,0
4372039023,2024-01-31,충청북도,보은군,내북면,봉황리,154,75,79,153,74,79,-1,-1,0
4372039024,2024-01-31,충청북도,보은군,내북면,창리,138,74,64,138,74,64,0,0,0
4372039025,2024-01-31,충청북도,보은군,내북면,도원리,67,32,35,67,32,35,0,0,0
4372039027,2024-01-31,충청북도,보은군,내북면,대안리,59,31,28,61,33,28,2,2,0
4372039028,2024-01-31,충청북도,보은군,내북면,용수리,134,73,61,134,73,61,0,0,0
4372039029,2024-01-31,충청북도,보은군,내북면,적음리,80,42,38,80,43,37,0,1,-1
4372039030,2024-01-31,충청북도,보은군,내북면,성암리,122,60,62,121,58,63,-1,-2,1
4372039031,2024-01-31,충청북도,보은군,내북면,동산리,143,76,67,143,77,66,0,1,-1
4372039032,2024-01-31,충청북도,보은군,내북면,화전리,123,67,56,121,66,55,-2,-1,-1
4372039033,2024-01-31,충청북도,보은군,내북면,법주리,98,44,54,99,45,54,1,1,0
4372039034,2024-01-31,충청북도,보은군,내북면,아곡리,61,30,31,61,30,31,0,0,0
4372039035,2024-01-31,충청북도,보은군,내북면,상궁리,38,18,20,37,18,19,-1,0,-1
4372039036,2024-01-31,충청북도,보은군,내북면,신궁리,60,32,28,60,32,28,0,0,0
4372039037,2024-01-31,충청북도,보은군,내북면,하궁리,32,14,18,31,14,17,-1,0,-1
4372039038,2024-01-31,충청북도,보은군,내북면,두평리,39,21,18,40,22,18,1,1,0
4372039039,2024-01-31,충청북도,보은군,내북면,서지리,52,28,24,52,28,24,0,0,0
4372039040,2024-01-31,충청북도,보은군,내북면,세촌리,45,21,24,43,20,23,-2,-1,-1
4372040021,2024-01-31,충청북도,보은군,산외면,구티리,85,44,41,85,43,42,0,-1,1
4372040022,2024-01-31,충청북도,보은군,산외면,봉계리,160,93,67,162,94,68,2,1,1
4372040023,2024-01-31,충청북도,보은군,산외면,문암리,74,40,34,73,39,34,-1,-1,0
4372040024,2024-01-31,충청북도,보은군,산외면,장갑리,238,124,114,238,123,115,0,-1,1
4372040025,2024-01-31,충청북도,보은군,산외면,대원리,89,39,50,91,39,52,2,0,2
4372040026,2024-01-31,충청북도,보은군,산외면,탁주리,77,38,39,77,38,39,0,0,0
4372040027,2024-01-31,충청북도,보은군,산외면,오대리,72,38,34,71,38,33,-1,0,-1
4372040028,2024-01-31,충청북도,보은군,산외면,가고리,32,19,13,32,19,13,0,0,0
4372040029,2024-01-31,충청북도,보은군,산외면,아시리,57,32,25,58,33,25,1,1,0
4372040030,2024-01-31,충청북도,보은군,산외면,백석리,117,64,53,118,65,53,1,1,0
4372040031,2024-01-31,충청북도,보은군,산외면,신정리,60,32,28,60,32,28,0,0,0
4372040032,2024-01-31,충청북도,보은군,산외면,동화리,59,35,24,60,35,25,1,0,1
4372040033,2024-01-31,충청북도,보은군,산외면,원평리,108,57,51,107,57,50,-1,0,-1
4372040034,2024-01-31,충청북도,보은군,산외면,산대리,102,60,42,102,60,42,0,0,0
4372040035,2024-01-31,충청북도,보은군,산외면,어온리,38,19,19,38,19,19,0,0,0
4372040036,2024-01-31,충청북도,보은군,산외면,이식리,116,63,53,115,63,52,-1,0,-1
4372040037,2024-01-31,충청북도,보은군,산외면,길탕리,111,63,48,108,62,46,-3,-1,-2
4372040038,2024-01-31,충청북도,보은군,산외면,중티리,107,63,44,107,63,44,0,0,0
4373025000,2024-01-31,충청북도,옥천군,옥천읍,옥천읍,18,14,4,0,0,0,-18,-14,-4
4373025021,2024-01-31,충청북도,옥천군,옥천읍,죽향리,1741,863,878,1747,868,879,6,5,1
4373025022,2024-01-31,충청북도,옥천군,옥천읍,문정리,4213,2044,2169,4234,2060,2174,21,16,5
4373025023,2024-01-31,충청북도,옥천군,옥천읍,상계리,137,67,70,135,65,70,-2,-2,0
4373025024,2024-01-31,충청북도,옥천군,옥천읍,하계리,202,105,97,203,106,97,1,1,0
4373025025,2024-01-31,충청북도,옥천군,옥천읍,교동리,295,154,141,295,153,142,0,-1,1
4373025026,2024-01-31,충청북도,옥천군,옥천읍,동안리,142,76,66,136,72,64,-6,-4,-2
4373025027,2024-01-31,충청북도,옥천군,옥천읍,수북리,153,74,79,152,75,77,-1,1,-2
4373025028,2024-01-31,충청북도,옥천군,옥천읍,매화리,462,233,229,471,234,237,9,1,8
4373025029,2024-01-31,충청북도,옥천군,옥천읍,구일리,371,204,167,367,199,168,-4,-5,1
4373025030,2024-01-31,충청북도,옥천군,옥천읍,서대리,370,196,174,372,196,176,2,0,2
4373025031,2024-01-31,충청북도,옥천군,옥천읍,가풍리,327,161,166,328,162,166,1,1,0
4373025032,2024-01-31,충청북도,옥천군,옥천읍,삼청리,793,418,375,799,421,378,6,3,3
4373025033,2024-01-31,충청북도,옥천군,옥천읍,대천리,929,483,446,932,483,449,3,0,3
4373025034,2024-01-31,충청북도,옥천군,옥천읍,마암리,3292,1604,1688,3308,1612,1696,16,8,8
4373025035,2024-01-31,충청북도,옥천군,옥천읍,양수리,2161,1110,1051,2154,1109,1045,-7,-1,-6
4373025036,2024-01-31,충청북도,옥천군,옥천읍,금구리,5829,2960,2869,5797,2936,2861,-32,-24,-8
4373025037,2024-01-31,충청북도,옥천군,옥천읍,장야리,4811,2360,2451,4817,2362,2455,6,2,4
4373025038,2024-01-31,충청북도,옥천군,옥천읍,삼양리,1498,745,753,1496,740,756,-2,-5,3
4373025039,2024-01-31,충청북도,옥천군,옥천읍,서정리,201,103,98,201,103,98,0,0,0
4373025040,2024-01-31,충청북도,옥천군,옥천읍,옥각리,347,171,176,347,172,175,0,1,-1
4373025041,2024-01-31,충청북도,옥천군,옥천읍,오대리,17,12,5,18,13,5,1,1,0
4373031021,2024-01-31,충청북도,옥천군,동이면,평산리,416,212,204,421,215,206,5,3,2
4373031022,2024-01-31,충청북도,옥천군,동이면,세산리,623,328,295,616,325,291,-7,-3,-4
4373031023,2024-01-31,충청북도,옥천군,동이면,적하리,493,247,246,489,249,240,-4,2,-6
4373031024,2024-01-31,충청북도,옥천군,동이면,금암리,452,233,219,460,239,221,8,6,2
4373031025,2024-01-31,충청북도,옥천군,동이면,조령리,94,44,50,94,44,50,0,0,0
4373031026,2024-01-31,충청북도,옥천군,동이면,청마리,99,58,41,98,57,41,-1,-1,0
4373031027,2024-01-31,충청북도,옥천군,동이면,지양리,184,107,77,185,107,78,1,0,1
4373031028,2024-01-31,충청북도,옥천군,동이면,석탄리,318,163,155,319,166,153,1,3,-2
4373031029,2024-01-31,충청북도,옥천군,동이면,남곡리,267,133,134,266,133,133,-1,0,-1
4373031030,2024-01-31,충청북도,옥천군,동이면,우산리,204,106,98,204,107,97,0,1,-1
4373032021,2024-01-31,충청북도,옥천군,안남면,연주리,279,139,140,278,139,139,-1,0,-1
4373032022,2024-01-31,충청북도,옥천군,안남면,종미리,103,49,54,103,49,54,0,0,0
4373032023,2024-01-31,충청북도,옥천군,안남면,지수리,235,138,97,241,140,101,6,2,4
4373032024,2024-01-31,충청북도,옥천군,안남면,도덕리,194,98,96,193,97,96,-1,-1,0
4373032025,2024-01-31,충청북도,옥천군,안남면,청정리,171,83,88,170,83,87,-1,0,-1
4373032026,2024-01-31,충청북도,옥천군,안남면,화학리,174,91,83,174,92,82,0,1,-1
4373032027,2024-01-31,충청북도,옥천군,안남면,도농리,199,97,102,202,98,104,3,1,2
4373033021,2024-01-31,충청북도,옥천군,안내면,현리,355,179,176,355,179,176,0,0,0
4373033022,2024-01-31,충청북도,옥천군,안내면,정방리,146,79,67,146,79,67,0,0,0
4373033023,2024-01-31,충청북도,옥천군,안내면,도이리,91,46,45,91,46,45,0,0,0
4373033024,2024-01-31,충청북도,옥천군,안내면,동대리,211,111,100,210,110,100,-1,-1,0
4373033025,2024-01-31,충청북도,옥천군,안내면,서대리,122,63,59,123,64,59,1,1,0
4373033026,2024-01-31,충청북도,옥천군,안내면,오덕리,159,84,75,159,85,74,0,1,-1
4373033027,2024-01-31,충청북도,옥천군,안내면,인포리,125,68,57,124,67,57,-1,-1,0
4373033028,2024-01-31,충청북도,옥천군,안내면,장계리,89,51,38,89,51,38,0,0,0
4373033029,2024-01-31,충청북도,옥천군,안내면,방하목리,64,36,28,64,36,28,0,0,0
4373033030,2024-01-31,충청북도,옥천군,안내면,도율리,192,92,100,191,93,98,-1,1,-2
4373033031,2024-01-31,충청북도,옥천군,안내면,월외리,139,69,70,140,69,71,1,0,1
4373033032,2024-01-31,충청북도,옥천군,안내면,용촌리,111,54,57,110,54,56,-1,0,-1
4373033033,2024-01-31,충청북도,옥천군,안내면,답양리,118,59,59,117,59,58,-1,0,-1
4373034021,2024-01-31,충청북도,옥천군,청성면,산계리,257,132,125,255,130,125,-2,-2,0
4373034022,2024-01-31,충청북도,옥천군,청성면,거포리,103,52,51,104,52,52,1,0,1
4373034023,2024-01-31,충청북도,옥천군,청성면,장수리,203,99,104,203,99,104,0,0,0
4373034024,2024-01-31,충청북도,옥천군,청성면,궁촌리,129,71,58,129,70,59,0,-1,1
4373034025,2024-01-31,충청북도,옥천군,청성면,소서리,120,66,54,121,67,54,1,1,0
4373034026,2024-01-31,충청북도,옥천군,청성면,삼남리,116,55,61,115,55,60,-1,0,-1
4373034027,2024-01-31,충청북도,옥천군,청성면,조천리,75,44,31,75,45,30,0,1,-1
4373034028,2024-01-31,충청북도,옥천군,청성면,묘금리,84,40,44,84,40,44,0,0,0
4373034029,2024-01-31,충청북도,옥천군,청성면,고당리,74,46,28,74,46,28,0,0,0
4373034030,2024-01-31,충청북도,옥천군,청성면,합금리,91,52,39,90,51,39,-1,-1,0
4373034031,2024-01-31,충청북도,옥천군,청성면,양저리,95,46,49,95,46,49,0,0,0
4373034032,2024-01-31,충청북도,옥천군,청성면,구음리,115,43,72,114,43,71,-1,0,-1
4373034033,2024-01-31,충청북도,옥천군,청성면,대안리,226,116,110,225,115,110,-1,-1,0
4373034034,2024-01-31,충청북도,옥천군,청성면,도장리,123,67,56,125,68,57,2,1,1
4373034035,2024-01-31,충청북도,옥천군,청성면,능월리,230,112,118,228,111,117,-2,-1,-1
4373034036,2024-01-31,충청북도,옥천군,청성면,화성리,171,75,96,172,75,97,1,0,1
4373034037,2024-01-31,충청북도,옥천군,청성면,장연리,73,37,36,75,38,37,2,1,1
4373035021,2024-01-31,충청북도,옥천군,청산면,지전리,542,277,265,536,276,260,-6,-1,-5
4373035022,2024-01-31,충청북도,옥천군,청산면,백운리,278,142,136,279,143,136,1,1,0
4373035023,2024-01-31,충청북도,옥천군,청산면,교평리,338,162,176,338,161,177,0,-1,1
4373035024,2024-01-31,충청북도,옥천군,청산면,하서리,179,94,85,179,94,85,0,0,0
4373035025,2024-01-31,충청북도,옥천군,청산면,신매리,63,29,34,64,30,34,1,1,0
4373035026,2024-01-31,충청북도,옥천군,청산면,대덕리,75,32,43,75,32,43,0,0,0
4373035027,2024-01-31,충청북도,옥천군,청산면,장위리,132,64,68,132,64,68,0,0,0
4373035028,2024-01-31,충청북도,옥천군,청산면,한곡리,62,36,26,62,36,26,0,0,0
4373035029,2024-01-31,충청북도,옥천군,청산면,인정리,112,59,53,112,59,53,0,0,0
4373035030,2024-01-31,충청북도,옥천군,청산면,판수리,133,61,72,134,61,73,1,0,1
4373035031,2024-01-31,충청북도,옥천군,청산면,효목리,202,101,101,204,101,103,2,0,2
4373035032,2024-01-31,충청북도,옥천군,청산면,의지리,148,61,87,147,62,85,-1,1,-2
4373035033,2024-01-31,충청북도,옥천군,청산면,예곡리,205,95,110,207,96,111,2,1,1
4373035034,2024-01-31,충청북도,옥천군,청산면,삼방리,59,29,30,58,29,29,-1,0,-1
4373035035,2024-01-31,충청북도,옥천군,청산면,명티리,29,15,14,29,15,14,0,0,0
4373035036,2024-01-31,충청북도,옥천군,청산면,법화리,60,35,25,60,35,25,0,0,0
4373035037,2024-01-31,충청북도,옥천군,청산면,대성리,116,54,62,116,53,63,0,-1,1
4373035038,2024-01-31,충청북도,옥천군,청산면,만월리,137,67,70,137,67,70,0,0,0
4373036021,2024-01-31,충청북도,옥천군,이원면,건진리,485,258,227,489,258,231,4,0,4
4373036022,2024-01-31,충청북도,옥천군,이원면,장찬리,38,23,15,38,23,15,0,0,0
4373036023,2024-01-31,충청북도,옥천군,이원면,강청리,915,449,466,907,444,463,-8,-5,-3
4373036024,2024-01-31,충청북도,옥천군,이원면,윤정리,265,145,120,266,145,121,1,0,1
4373036025,2024-01-31,충청북도,옥천군,이원면,의평리,158,84,74,157,83,74,-1,-1,0
4373036026,2024-01-31,충청북도,옥천군,이원면,개심리,295,143,152,296,144,152,1,1,0
4373036027,2024-01-31,충청북도,옥천군,이원면,평계리,108,59,49,106,57,49,-2,-2,0
4373036028,2024-01-31,충청북도,옥천군,이원면,수묵리,82,46,36,82,46,36,0,0,0
4373036029,2024-01-31,충청북도,옥천군,이원면,지정리,142,69,73,140,70,70,-2,1,-3
4373036030,2024-01-31,충청북도,옥천군,이원면,미동리,232,132,100,231,131,100,-1,-1,0
4373036031,2024-01-31,충청북도,옥천군,이원면,이원리,306,166,140,308,167,141,2,1,1
4373036032,2024-01-31,충청북도,옥천군,이원면,원동리,262,142,120,259,140,119,-3,-2,-1
4373036033,2024-01-31,충청북도,옥천군,이원면,백지리,148,71,77,147,71,76,-1,0,-1
4373036034,2024-01-31,충청북도,옥천군,이원면,지탄리,336,172,164,335,171,164,-1,-1,0
4373036035,2024-01-31,충청북도,옥천군,이원면,용방리,200,94,106,196,92,104,-4,-2,-2
4373037021,2024-01-31,충청북도,옥천군,군서면,동평리,379,212,167,381,214,167,2,2,0
4373037022,2024-01-31,충청북도,옥천군,군서면,금산리,298,150,148,295,147,148,-3,-3,0
4373037023,2024-01-31,충청북도,옥천군,군서면,사정리,208,105,103,206,104,102,-2,-1,-1
4373037024,2024-01-31,충청북도,옥천군,군서면,상지리,89,40,49,90,41,49,1,1,0
4373037025,2024-01-31,충청북도,옥천군,군서면,은행리,220,112,108,217,110,107,-3,-2,-1
4373037026,2024-01-31,충청북도,옥천군,군서면,사양리,164,95,69,165,96,69,1,1,0
4373037027,2024-01-31,충청북도,옥천군,군서면,상중리,226,113,113,225,111,114,-1,-2,1
4373037028,2024-01-31,충청북도,옥천군,군서면,하동리,128,65,63,127,64,63,-1,-1,0
4373037029,2024-01-31,충청북도,옥천군,군서면,오동리,224,122,102,226,123,103,2,1,1
4373037030,2024-01-31,충청북도,옥천군,군서면,월전리,158,79,79,156,78,78,-2,-1,-1
4373038021,2024-01-31,충청북도,옥천군,군북면,이백리,576,305,271,577,305,272,1,0,1
4373038022,2024-01-31,충청북도,옥천군,군북면,자모리,260,137,123,258,138,120,-2,1,-3
4373038023,2024-01-31,충청북도,옥천군,군북면,증약리,777,390,387,777,392,385,0,2,-2
4373038024,2024-01-31,충청북도,옥천군,군북면,항곡리,79,45,34,80,46,34,1,1,0
4373038025,2024-01-31,충청북도,옥천군,군북면,대정리,279,137,142,276,136,140,-3,-1,-2
4373038026,2024-01-31,충청북도,옥천군,군북면,환평리,118,69,49,119,67,52,1,-2,3
4373038027,2024-01-31,충청북도,옥천군,군북면,지오리,201,113,88,195,109,86,-6,-4,-2
4373038028,2024-01-31,충청북도,옥천군,군북면,추소리,98,53,45,102,54,48,4,1,3
4373038029,2024-01-31,충청북도,옥천군,군북면,이평리,92,44,48,91,43,48,-1,-1,0
4373038031,2024-01-31,충청북도,옥천군,군북면,소정리,110,56,54,107,55,52,-3,-1,-2
4373038032,2024-01-31,충청북도,옥천군,군북면,석호리,83,43,40,82,43,39,-1,0,-1
4373038033,2024-01-31,충청북도,옥천군,군북면,용호리,12,6,6,11,6,5,-1,0,-1
4373038034,2024-01-31,충청북도,옥천군,군북면,막지리,41,22,19,40,21,19,-1,-1,0
4373038035,2024-01-31,충청북도,옥천군,군북면,국원리,208,112,96,209,111,98,1,-1,2
4374025021,2024-01-31,충청북도,영동군,영동읍,계산리,6313,3061,3252,6318,3062,3256,5,1,4
4374025022,2024-01-31,충청북도,영동군,영동읍,동정리,3116,1502,1614,3127,1510,1617,11,8,3
4374025023,2024-01-31,충청북도,영동군,영동읍,회동리,367,187,180,366,187,179,-1,0,-1
4374025024,2024-01-31,충청북도,영동군,영동읍,화신리,271,135,136,265,132,133,-6,-3,-3
4374025025,2024-01-31,충청북도,영동군,영동읍,당곡리,152,71,81,151,71,80,-1,0,-1
4374025026,2024-01-31,충청북도,영동군,영동읍,산익리,85,42,43,89,44,45,4,2,2
4374025027,2024-01-31,충청북도,영동군,영동읍,매천리,1518,741,777,1516,740,776,-2,-1,-1
4374025028,2024-01-31,충청북도,영동군,영동읍,부용리,3925,1970,1955,3930,1975,1955,5,5,0
4374025029,2024-01-31,충청북도,영동군,영동읍,오탄리,315,146,169,300,144,156,-15,-2,-13
4374025030,2024-01-31,충청북도,영동군,영동읍,산이리,123,72,51,122,71,51,-1,-1,0
4374025031,2024-01-31,충청북도,영동군,영동읍,설계리,2291,1230,1061,2281,1221,1060,-10,-9,-1
4374025032,2024-01-31,충청북도,영동군,영동읍,심원리,143,77,66,142,77,65,-1,0,-1
4374025033,2024-01-31,충청북도,영동군,영동읍,봉현리,91,48,43,90,48,42,-1,0,-1
4374025034,2024-01-31,충청북도,영동군,영동읍,주곡리,308,157,151,305,156,149,-3,-1,-2
4374025035,2024-01-31,충청북도,영동군,영동읍,가리,342,169,173,340,168,172,-2,-1,-1
4374025036,2024-01-31,충청북도,영동군,영동읍,임계리,89,35,54,88,35,53,-1,0,-1
4374031021,2024-01-31,충청북도,영동군,용산면,구촌리,918,478,440,917,481,436,-1,3,-4
4374031022,2024-01-31,충청북도,영동군,용산면,산저리,86,47,39,85,46,39,-1,-1,0
4374031023,2024-01-31,충청북도,영동군,용산면,율리,219,112,107,221,112,109,2,0,2
4374031024,2024-01-31,충청북도,영동군,용산면,신항리,191,102,89,194,104,90,3,2,1
4374031025,2024-01-31,충청북도,영동군,용산면,부릉리,79,46,33,80,46,34,1,0,1
4374031026,2024-01-31,충청북도,영동군,용산면,한석리,182,95,87,185,96,89,3,1,2
4374031027,2024-01-31,충청북도,영동군,용산면,시금리,70,42,28,69,41,28,-1,-1,0
4374031028,2024-01-31,충청북도,영동군,용산면,부상리,107,47,60,108,47,61,1,0,1
4374031029,2024-01-31,충청북도,영동군,용산면,가곡리,120,63,57,119,63,56,-1,0,-1
4374031030,2024-01-31,충청북도,영동군,용산면,금곡리,111,58,53,111,59,52,0,1,-1
4374031031,2024-01-31,충청북도,영동군,용산면,천작리,62,28,34,60,27,33,-2,-1,-1
4374031032,2024-01-31,충청북도,영동군,용산면,한곡리,182,98,84,196,106,90,14,8,6
4374031033,2024-01-31,충청북도,영동군,용산면,법화리,89,49,40,86,46,40,-3,-3,0
4374031034,2024-01-31,충청북도,영동군,용산면,미전리,93,49,44,93,49,44,0,0,0
4374031035,2024-01-31,충청북도,영동군,용산면,청화리,102,48,54,102,48,54,0,0,0
4374031036,2024-01-31,충청북도,영동군,용산면,매금리,195,104,91,194,102,92,-1,-2,1
4374031037,2024-01-31,충청북도,영동군,용산면,상용리,164,85,79,152,79,73,-12,-6,-6
4374031038,2024-01-31,충청북도,영동군,용산면,백자전리,183,93,90,185,94,91,2,1,1
4374031039,2024-01-31,충청북도,영동군,용산면,용산리,93,47,46,93,47,46,0,0,0
4374032021,2024-01-31,충청북도,영동군,황간면,남성리,1138,547,591,1132,545,587,-6,-2,-4
4374032022,2024-01-31,충청북도,영동군,황간면,신흥리,245,123,122,247,124,123,2,1,1
4374032023,2024-01-31,충청북도,영동군,황간면,마산리,537,285,252,536,285,251,-1,0,-1
4374032024,2024-01-31,충청북도,영동군,황간면,소계리,282,144,138,282,145,137,0,1,-1
4374032025,2024-01-31,충청북도,영동군,황간면,난곡리,209,117,92,207,115,92,-2,-2,0
4374032026,2024-01-31,충청북도,영동군,황간면,우매리,296,152,144,295,152,143,-1,0,-1
4374032027,2024-01-31,충청북도,영동군,황간면,원촌리,120,63,57,119,63,56,-1,0,-1
4374032028,2024-01-31,충청북도,영동군,황간면,용암리,140,73,67,139,72,67,-1,-1,0
4374032029,2024-01-31,충청북도,영동군,황간면,금계리,137,66,71,137,66,71,0,0,0
4374032030,2024-01-31,충청북도,영동군,황간면,회포리,99,52,47,99,52,47,0,0,0
4374032031,2024-01-31,충청북도,영동군,황간면,우천리,176,85,91,178,86,92,2,1,1
4374032032,2024-01-31,충청북도,영동군,황간면,노근리,183,95,88,183,96,87,0,1,-1
4374032033,2024-01-31,충청북도,영동군,황간면,서송원리,316,163,153,316,164,152,0,1,-1
4374032034,2024-01-31,충청북도,영동군,황간면,광평리,108,53,55,110,53,57,2,0,2
4374033521,2024-01-31,충청북도,영동군,추풍령면,관리,273,127,146,273,129,144,0,2,-2
4374033522,2024-01-31,충청북도,영동군,추풍령면,사부리,136,70,66,136,70,66,0,0,0
4374033523,2024-01-31,충청북도,영동군,추풍령면,계룡리,149,74,75,148,73,75,-1,-1,0
4374033524,2024-01-31,충청북도,영동군,추풍령면,추풍령리,772,376,396,776,377,399,4,1,3
4374033525,2024-01-31,충청북도,영동군,추풍령면,죽전리,137,69,68,135,69,66,-2,0,-2
4374033526,2024-01-31,충청북도,영동군,추풍령면,작점리,130,66,64,129,66,63,-1,0,-1
4374033527,2024-01-31,충청북도,영동군,추풍령면,신안리,209,112,97,206,109,97,-3,-3,0
4374033528,2024-01-31,충청북도,영동군,추풍령면,웅북리,145,68,77,144,67,77,-1,-1,0
4374033529,2024-01-31,충청북도,영동군,추풍령면,지봉리,217,116,101,221,116,105,4,0,4
4374034021,2024-01-31,충청북도,영동군,매곡면,노천리,474,236,238,469,233,236,-5,-3,-2
4374034023,2024-01-31,충청북도,영동군,매곡면,장척리,128,69,59,129,70,59,1,1,0
4374034024,2024-01-31,충청북도,영동군,매곡면,옥전리,249,127,122,252,129,123,3,2,1
4374034025,2024-01-31,충청북도,영동군,매곡면,유전리,223,110,113,220,108,112,-3,-2,-1
4374034026,2024-01-31,충청북도,영동군,매곡면,강진리,260,138,122,259,137,122,-1,-1,0
4374034027,2024-01-31,충청북도,영동군,매곡면,수원리,123,68,55,124,68,56,1,0,1
4374034028,2024-01-31,충청북도,영동군,매곡면,어촌리,223,108,115,224,108,116,1,0,1
4374034029,2024-01-31,충청북도,영동군,매곡면,공수리,157,84,73,156,82,74,-1,-2,1
4374035021,2024-01-31,충청북도,영동군,상촌면,임산리,480,218,262,474,215,259,-6,-3,-3
4374035022,2024-01-31,충청북도,영동군,상촌면,돈대리,241,120,121,240,121,119,-1,1,-2
4374035023,2024-01-31,충청북도,영동군,상촌면,하도대리,146,80,66,149,82,67,3,2,1
4374035024,2024-01-31,충청북도,영동군,상촌면,상도대리,127,67,60,126,66,60,-1,-1,0
4374035025,2024-01-31,충청북도,영동군,상촌면,고자리,112,57,55,113,57,56,1,0,1
4374035026,2024-01-31,충청북도,영동군,상촌면,둔전리,62,29,33,61,29,32,-1,0,-1
4374035027,2024-01-31,충청북도,영동군,상촌면,물한리,217,101,116,209,95,114,-8,-6,-2
4374035028,2024-01-31,충청북도,영동군,상촌면,대해리,188,98,90,186,97,89,-2,-1,-1
4374035029,2024-01-31,충청북도,영동군,상촌면,흥덕리,118,60,58,117,59,58,-1,-1,0
4374035030,2024-01-31,충청북도,영동군,상촌면,궁촌리,199,99,100,196,97,99,-3,-2,-1
4374035031,2024-01-31,충청북도,영동군,상촌면,유곡리,275,137,138,276,140,136,1,3,-2
4374036021,2024-01-31,충청북도,영동군,양강면,괴목리,433,212,221,433,212,221,0,0,0
4374036022,2024-01-31,충청북도,영동군,양강면,가동리,274,134,140,272,134,138,-2,0,-2
4374036023,2024-01-31,충청북도,영동군,양강면,양정리,222,123,99,224,126,98,2,3,-1
4374036024,2024-01-31,충청북도,영동군,양강면,죽촌리,257,123,134,256,123,133,-1,0,-1
4374036025,2024-01-31,충청북도,영동군,양강면,남전리,258,140,118,256,142,114,-2,2,-4
4374036026,2024-01-31,충청북도,영동군,양강면,산막리,253,131,122,251,129,122,-2,-2,0
4374036027,2024-01-31,충청북도,영동군,양강면,지촌리,196,97,99,198,99,99,2,2,0
4374036028,2024-01-31,충청북도,영동군,양강면,유점리,157,80,77,158,81,77,1,1,0
4374036029,2024-01-31,충청북도,영동군,양강면,만계리,175,87,88,175,86,89,0,-1,1
4374036030,2024-01-31,충청북도,영동군,양강면,묵정리,299,146,153,296,147,149,-3,1,-4
4374036031,2024-01-31,충청북도,영동군,양강면,두평리,115,55,60,116,55,61,1,0,1
4374036032,2024-01-31,충청북도,영동군,양강면,구강리,150,73,77,150,73,77,0,0,0
4374036034,2024-01-31,충청북도,영동군,양강면,묘동리,212,120,92,216,122,94,4,2,2
4374037021,2024-01-31,충청북도,영동군,용화면,용화리,275,140,135,277,144,133,2,4,-2
4374037022,2024-01-31,충청북도,영동군,용화면,조동리,153,83,70,152,83,69,-1,0,-1
4374037023,2024-01-31,충청북도,영동군,용화면,안정리,75,37,38,74,37,37,-1,0,-1
4374037024,2024-01-31,충청북도,영동군,용화면,월전리,153,73,80,151,71,80,-2,-2,0
4374037025,2024-01-31,충청북도,영동군,용화면,용강리,63,32,31,64,33,31,1,1,0
4374037026,2024-01-31,충청북도,영동군,용화면,여의리,71,39,32,72,39,33,1,0,1
4374037027,2024-01-31,충청북도,영동군,용화면,자계리,158,84,74,158,84,74,0,0,0
4374038021,2024-01-31,충청북도,영동군,학산면,서산리,499,247,252,496,247,249,-3,0,-3
4374038022,2024-01-31,충청북도,영동군,학산면,학산리,155,76,79,153,75,78,-2,-1,-1
4374038023,2024-01-31,충청북도,영동군,학산면,아암리,329,172,157,330,172,158,1,0,1
4374038024,2024-01-31,충청북도,영동군,학산면,봉소리,232,116,116,232,117,115,0,1,-1
4374038025,2024-01-31,충청북도,영동군,학산면,황산리,273,130,143,269,130,139,-4,0,-4
4374038026,2024-01-31,충청북도,영동군,학산면,지내리,313,156,157,313,156,157,0,0,0
4374038027,2024-01-31,충청북도,영동군,학산면,박계리,331,166,165,324,163,161,-7,-3,-4
4374038028,2024-01-31,충청북도,영동군,학산면,봉림리,208,105,103,206,104,102,-2,-1,-1
4374038029,2024-01-31,충청북도,영동군,학산면,범화리,202,104,98,199,104,95,-3,0,-3
4374038030,2024-01-31,충청북도,영동군,학산면,도덕리,117,62,55,115,62,53,-2,0,-2
4374039021,2024-01-31,충청북도,영동군,양산면,가곡리,337,168,169,342,172,170,5,4,1
4374039022,2024-01-31,충청북도,영동군,양산면,원당리,141,65,76,139,65,74,-2,0,-2
4374039023,2024-01-31,충청북도,영동군,양산면,봉곡리,217,107,110,219,109,110,2,2,0
4374039024,2024-01-31,충청북도,영동군,양산면,죽산리,161,83,78,160,82,78,-1,-1,0
4374039025,2024-01-31,충청북도,영동군,양산면,송호리,166,85,81,167,85,82,1,0,1
4374039026,2024-01-31,충청북도,영동군,양산면,수두리,179,88,91,179,88,91,0,0,0
4374039027,2024-01-31,충청북도,영동군,양산면,호탄리,253,109,144,251,106,145,-2,-3,1
4374039028,2024-01-31,충청북도,영동군,양산면,누교리,231,121,110,230,120,110,-1,-1,0
4374039029,2024-01-31,충청북도,영동군,양산면,가선리,73,40,33,73,40,33,0,0,0
4374040000,2024-01-31,충청북도,영동군,심천면,심천면,2,1,1,0,0,0,-2,-1,-1
4374040021,2024-01-31,충청북도,영동군,심천면,심천리,452,221,231,443,218,225,-9,-3,-6
4374040022,2024-01-31,충청북도,영동군,심천면,단전리,222,116,106,223,117,106,1,1,0
4374040023,2024-01-31,충청북도,영동군,심천면,길현리,130,66,64,128,66,62,-2,0,-2
4374040024,2024-01-31,충청북도,영동군,심천면,구탄리,63,26,37,64,27,37,1,1,0
4374040025,2024-01-31,충청북도,영동군,심천면,장동리,108,57,51,108,57,51,0,0,0
4374040026,2024-01-31,충청북도,영동군,심천면,고당리,327,173,154,319,169,150,-8,-4,-4
4374040027,2024-01-31,충청북도,영동군,심천면,마곡리,146,77,69,153,81,72,7,4,3
4374040028,2024-01-31,충청북도,영동군,심천면,기호리,107,52,55,107,52,55,0,0,0
4374040029,2024-01-31,충청북도,영동군,심천면,명천리,112,68,44,113,69,44,1,1,0
4374040030,2024-01-31,충청북도,영동군,심천면,금정리,152,72,80,153,73,80,1,1,0
4374040031,2024-01-31,충청북도,영동군,심천면,약목리,268,135,133,270,136,134,2,1,1
4374040032,2024-01-31,충청북도,영동군,심천면,각계리,288,152,136,287,151,136,-1,-1,0
4374040033,2024-01-31,충청북도,영동군,심천면,초강리,449,213,236,449,213,236,0,0,0
4374040034,2024-01-31,충청북도,영동군,심천면,용당리,152,72,80,149,71,78,-3,-1,-2
4374525021,2024-01-31,충청북도,증평군,증평읍,증평리,1617,820,797,1609,819,790,-8,-1,-7
4374525022,2024-01-31,충청북도,증평군,증평읍,교동리,577,285,292,576,285,291,-1,0,-1
4374525023,2024-01-31,충청북도,증평군,증평읍,중동리,344,171,173,345,171,174,1,0,1
4374525024,2024-01-31,충청북도,증평군,증평읍,대동리,221,112,109,222,114,108,1,2,-1
4374525025,2024-01-31,충청북도,증평군,증평읍,신동리,1783,887,896,1776,876,900,-7,-11,4
4374525026,2024-01-31,충청북도,증평군,증평읍,창동리,3020,1484,1536,2998,1473,1525,-22,-11,-11
4374525027,2024-01-31,충청북도,증평군,증평읍,장동리,7682,3860,3822,7652,3838,3814,-30,-22,-8
4374525028,2024-01-31,충청북도,증평군,증평읍,증천리,1692,908,784,1685,902,783,-7,-6,-1
4374525029,2024-01-31,충청북도,증평군,증평읍,내성리,947,501,446,956,506,450,9,5,4
4374525030,2024-01-31,충청북도,증평군,증평읍,초중리,5447,3137,2310,5437,3134,2303,-10,-3,-7
4374525031,2024-01-31,충청북도,증평군,증평읍,연탄리,637,361,276,626,355,271,-11,-6,-5
4374525032,2024-01-31,충청북도,증평군,증평읍,송산리,7227,3676,3551,7330,3733,3597,103,57,46
4374525033,2024-01-31,충청북도,증평군,증평읍,미암리,2032,1049,983,2049,1056,993,17,7,10
4374525034,2024-01-31,충청북도,증평군,증평읍,사곡리,290,144,146,289,144,145,-1,0,-1
4374525035,2024-01-31,충청북도,증평군,증평읍,용강리,603,335,268,584,327,257,-19,-8,-11
4374525036,2024-01-31,충청북도,증평군,증평읍,덕상리,535,336,199,536,336,200,1,0,1
4374525037,2024-01-31,충청북도,증평군,증평읍,남차리,381,184,197,391,191,200,10,7,3
4374525038,2024-01-31,충청북도,증평군,증평읍,율리,174,92,82,175,92,83,1,0,1
4374525039,2024-01-31,충청북도,증평군,증평읍,죽리,185,95,90,184,94,90,-1,-1,0
4374525040,2024-01-31,충청북도,증평군,증평읍,남하리,372,173,199,373,176,197,1,3,-2
4374531021,2024-01-31,충청북도,증평군,도안면,화성리,571,307,264,566,304,262,-5,-3,-2
4374531022,2024-01-31,충청북도,증평군,도안면,노암리,259,133,126,261,135,126,2,2,0
4374531024,2024-01-31,충청북도,증평군,도안면,송정리,251,136,115,248,135,113,-3,-1,-2
4374531025,2024-01-31,충청북도,증평군,도안면,광덕리,199,107,92,199,107,92,0,0,0
4374531026,2024-01-31,충청북도,증평군,도안면,석곡리,152,82,70,150,81,69,-2,-1,-1
4374531027,2024-01-31,충청북도,증평군,도안면,도당리,286,148,138,282,147,135,-4,-1,-3
4375025021,2024-01-31,충청북도,진천군,진천읍,교성리,6626,3389,3237,6602,3382,3220,-24,-7,-17
4375025022,2024-01-31,충청북도,진천군,진천읍,신정리,4592,2417,2175,4556,2394,2162,-36,-23,-13
4375025023,2024-01-31,충청북도,진천군,진천읍,원덕리,127,66,61,127,66,61,0,0,0
4375025024,2024-01-31,충청북도,진천군,진천읍,읍내리,3608,1859,1749,3571,1833,1738,-37,-26,-11
4375025025,2024-01-31,충청북도,진천군,진천읍,성석리,5395,2833,2562,5459,2869,2590,64,36,28
4375025026,2024-01-31,충청북도,진천군,진천읍,벽암리,2063,980,1083,2064,985,1079,1,5,-4
4375025027,2024-01-31,충청북도,진천군,진천읍,행정리,395,203,192,384,197,187,-11,-6,-5
4375025028,2024-01-31,충청북도,진천군,진천읍,장관리,4574,2453,2121,4557,2441,2116,-17,-12,-5
4375025029,2024-01-31,충청북도,진천군,진천읍,건송리,126,68,58,126,68,58,0,0,0
4375025030,2024-01-31,충청북도,진천군,진천읍,지암리,305,163,142,304,161,143,-1,-2,1
4375025031,2024-01-31,충청북도,진천군,진천읍,사석리,506,250,256,513,252,261,7,2,5
4375025032,2024-01-31,충청북도,진천군,진천읍,문봉리,154,82,72,150,81,69,-4,-1,-3
4375025033,2024-01-31,충청북도,진천군,진천읍,상계리,198,111,87,204,113,91,6,2,4
4375025034,2024-01-31,충청북도,진천군,진천읍,금암리,125,73,52,125,73,52,0,0,0
4375025035,2024-01-31,충청북도,진천군,진천읍,연곡리,130,68,62,130,68,62,0,0,0
4375025036,2024-01-31,충청북도,진천군,진천읍,삼덕리,417,210,207,413,208,205,-4,-2,-2
4375025037,2024-01-31,충청북도,진천군,진천읍,송두리,304,178,126,299,177,122,-5,-1,-4
4375025038,2024-01-31,충청북도,진천군,진천읍,가산리,260,128,132,262,128,134,2,0,2
4375025039,2024-01-31,충청북도,진천군,진천읍,상신리,198,107,91,197,107,90,-1,0,-1
4375025040,2024-01-31,충청북도,진천군,진천읍,산척리,168,85,83,165,82,83,-3,-3,0
4375025321,2024-01-31,충청북도,진천군,덕산읍,옥동리,318,188,130,311,184,127,-7,-4,-3
4375025322,2024-01-31,충청북도,진천군,덕산읍,화상리,351,197,154,357,200,157,6,3,3
4375025323,2024-01-31,충청북도,진천군,덕산읍,산수리,1007,719,288,1010,719,291,3,0,3
4375025324,2024-01-31,충청북도,진천군,덕산읍,인산리,176,95,81,172,91,81,-4,-4,0
4375025325,2024-01-31,충청북도,진천군,덕산읍,두촌리,21923,11081,10842,21892,11067,10825,-31,-14,-17
4375025326,2024-01-31,충청북도,진천군,덕산읍,석장리,227,134,93,228,134,94,1,0,1
4375025327,2024-01-31,충청북도,진천군,덕산읍,기전리,356,196,160,351,194,157,-5,-2,-3
4375025328,2024-01-31,충청북도,진천군,덕산읍,구산리,294,160,134,292,159,133,-2,-1,-1
4375025329,2024-01-31,충청북도,진천군,덕산읍,신척리,382,250,132,378,245,133,-4,-5,1
4375025330,2024-01-31,충청북도,진천군,덕산읍,용몽리,3507,1835,1672,3494,1831,1663,-13,-4,-9
4375025331,2024-01-31,충청북도,진천군,덕산읍,한천리,177,95,82,174,93,81,-3,-2,-1
4375025332,2024-01-31,충청북도,진천군,덕산읍,합목리,1361,1008,353,1357,1001,356,-4,-7,3
4375032021,2024-01-31,충청북도,진천군,초평면,신통리,107,60,47,106,59,47,-1,-1,0
4375032022,2024-01-31,충청북도,진천군,초평면,영구리,319,170,149,316,170,146,-3,0,-3
4375032023,2024-01-31,충청북도,진천군,초평면,화산리,228,126,102,230,128,102,2,2,0
4375032024,2024-01-31,충청북도,진천군,초평면,용정리,590,307,283,588,307,281,-2,0,-2
4375032025,2024-01-31,충청북도,진천군,초평면,금곡리,296,154,142,288,147,141,-8,-7,-1
4375032026,2024-01-31,충청북도,진천군,초평면,오갑리,409,209,200,407,210,197,-2,1,-3
4375032027,2024-01-31,충청북도,진천군,초평면,연담리,140,77,63,132,71,61,-8,-6,-2
4375032028,2024-01-31,충청북도,진천군,초평면,용기리,249,131,118,250,132,118,1,1,0
4375032029,2024-01-31,충청북도,진천군,초평면,용산리,229,113,116,230,113,117,1,0,1
4375032030,2024-01-31,충청북도,진천군,초평면,은암리,142,73,69,140,73,67,-2,0,-2
4375032031,2024-01-31,충청북도,진천군,초평면,진암리,182,93,89,179,92,87,-3,-1,-2
4375032032,2024-01-31,충청북도,진천군,초평면,중석리,128,71,57,128,71,57,0,0,0
4375033021,2024-01-31,충청북도,진천군,문백면,문덕리,308,161,147,305,158,147,-3,-3,0
4375033022,2024-01-31,충청북도,진천군,문백면,사양리,275,144,131,274,143,131,-1,-1,0
4375033023,2024-01-31,충청북도,진천군,문백면,장월리,233,112,121,231,112,119,-2,0,-2
4375033025,2024-01-31,충청북도,진천군,문백면,평산리,174,95,79,169,93,76,-5,-2,-3
4375033026,2024-01-31,충청북도,진천군,문백면,계산리,229,126,103,229,126,103,0,0,0
4375033027,2024-01-31,충청북도,진천군,문백면,봉죽리,829,445,384,831,447,384,2,2,0
4375033028,2024-01-31,충청북도,진천군,문백면,은탄리,272,151,121,270,151,119,-2,0,-2
4375033029,2024-01-31,충청북도,진천군,문백면,도하리,355,201,154,357,203,154,2,2,0
4375033030,2024-01-31,충청북도,진천군,문백면,옥성리,294,149,145,290,148,142,-4,-1,-3
4375033031,2024-01-31,충청북도,진천군,문백면,태락리,226,109,117,229,109,120,3,0,3
4375033032,2024-01-31,충청북도,진천군,문백면,구산동리,224,114,110,220,113,107,-4,-1,-3
4375034021,2024-01-31,충청북도,진천군,백곡면,석현리,397,203,194,392,199,193,-5,-4,-1
4375034022,2024-01-31,충청북도,진천군,백곡면,용덕리,171,81,90,171,82,89,0,1,-1
4375034023,2024-01-31,충청북도,진천군,백곡면,성대리,301,163,138,299,163,136,-2,0,-2
4375034024,2024-01-31,충청북도,진천군,백곡면,양백리,173,91,82,170,90,80,-3,-1,-2
4375034025,2024-01-31,충청북도,진천군,백곡면,구수리,207,108,99,207,108,99,0,0,0
4375034026,2024-01-31,충청북도,진천군,백곡면,갈월리,232,124,108,230,122,108,-2,-2,0
4375034027,2024-01-31,충청북도,진천군,백곡면,대문리,196,104,92,194,103,91,-2,-1,-1
4375034028,2024-01-31,충청북도,진천군,백곡면,명암리,167,77,90,167,76,91,0,-1,1
4375034029,2024-01-31,충청북도,진천군,백곡면,사송리,219,106,113,219,106,113,0,0,0
4375035021,2024-01-31,충청북도,진천군,이월면,사곡리,1065,616,449,1069,618,451,4,2,2
4375035022,2024-01-31,충청북도,진천군,이월면,중산리,367,201,166,368,202,166,1,1,0
4375035023,2024-01-31,충청북도,진천군,이월면,노원리,557,290,267,556,291,265,-1,1,-2
4375035024,2024-01-31,충청북도,진천군,이월면,장양리,149,76,73,149,76,73,0,0,0
4375035025,2024-01-31,충청북도,진천군,이월면,송림리,1843,980,863,1862,996,866,19,16,3
4375035026,2024-01-31,충청북도,진천군,이월면,동성리,184,106,78,182,107,75,-2,1,-3
4375035027,2024-01-31,충청북도,진천군,이월면,삼용리,308,166,142,309,166,143,1,0,1
4375035028,2024-01-31,충청북도,진천군,이월면,신월리,637,355,282,631,354,277,-6,-1,-5
4375035029,2024-01-31,충청북도,진천군,이월면,미잠리,150,84,66,150,83,67,0,-1,1
4375035030,2024-01-31,충청북도,진천군,이월면,신계리,235,113,122,237,114,123,2,1,1
4375035031,2024-01-31,충청북도,진천군,이월면,사당리,43,23,20,42,22,20,-1,-1,0
4375035032,2024-01-31,충청북도,진천군,이월면,내촌리,612,307,305,610,307,303,-2,0,-2
4375037021,2024-01-31,충청북도,진천군,광혜원면,금곡리,316,169,147,319,170,149,3,1,2
4375037022,2024-01-31,충청북도,진천군,광혜원면,월성리,192,114,78,189,113,76,-3,-1,-2
4375037023,2024-01-31,충청북도,진천군,광혜원면,회죽리,268,141,127,269,140,129,1,-1,2
4375037024,2024-01-31,충청북도,진천군,광혜원면,죽현리,746,439,307,738,435,303,-8,-4,-4
4375037025,2024-01-31,충청북도,진천군,광혜원면,구암리,225,121,104,213,118,95,-12,-3,-9
4375037026,2024-01-31,충청북도,진천군,광혜원면,실원리,811,416,395,812,416,396,1,0,1
4375037027,2024-01-31,충청북도,진천군,광혜원면,광혜원리,8695,4806,3889,8688,4791,3897,-7,-15,8
4376025021,2024-01-31,충청북도,괴산군,괴산읍,동부리,3851,1944,1907,3800,1916,1884,-51,-28,-23
4376025022,2024-01-31,충청북도,괴산군,괴산읍,서부리,3294,1685,1609,3269,1672,1597,-25,-13,-12
4376025023,2024-01-31,충청북도,괴산군,괴산읍,정용리,307,160,147,309,161,148,2,1,1
4376025024,2024-01-31,충청북도,괴산군,괴산읍,신기리,176,93,83,176,94,82,0,1,-1
4376025025,2024-01-31,충청북도,괴산군,괴산읍,신항리,178,84,94,177,83,94,-1,-1,0
4376025026,2024-01-31,충청북도,괴산군,괴산읍,사창리,119,58,61,119,58,61,0,0,0
4376025027,2024-01-31,충청북도,괴산군,괴산읍,능촌리,212,119,93,212,119,93,0,0,0
4376025028,2024-01-31,충청북도,괴산군,괴산읍,제월리,297,158,139,304,163,141,7,5,2
4376025029,2024-01-31,충청북도,괴산군,괴산읍,대덕리,227,119,108,226,117,109,-1,-2,1
4376025030,2024-01-31,충청북도,괴산군,괴산읍,대사리,364,203,161,364,203,161,0,0,0
4376025031,2024-01-31,충청북도,괴산군,괴산읍,검승리,328,167,161,328,167,161,0,0,0
4376031000,2024-01-31,충청북도,괴산군,감물면,감물면,1,1,0,0,0,0,-1,-1,0
4376031021,2024-01-31,충청북도,괴산군,감물면,오성리,432,224,208,420,216,204,-12,-8,-4
4376031022,2024-01-31,충청북도,괴산군,감물면,오창리,251,130,121,253,130,123,2,0,2
4376031023,2024-01-31,충청북도,괴산군,감물면,이담리,305,155,150,307,154,153,2,-1,3
4376031024,2024-01-31,충청북도,괴산군,감물면,구월리,188,102,86,191,105,86,3,3,0
4376031025,2024-01-31,충청북도,괴산군,감물면,백양리,234,119,115,233,119,114,-1,0,-1
4376031026,2024-01-31,충청북도,괴산군,감물면,광전리,323,173,150,319,173,146,-4,0,-4
4376031027,2024-01-31,충청북도,괴산군,감물면,매전리,294,146,148,291,145,146,-3,-1,-2
4376032021,2024-01-31,충청북도,괴산군,장연면,오가리,399,227,172,396,224,172,-3,-3,0
4376032022,2024-01-31,충청북도,괴산군,장연면,추점리,235,124,111,232,122,110,-3,-2,-1
4376032023,2024-01-31,충청북도,괴산군,장연면,방곡리,262,123,139,259,122,137,-3,-1,-2
4376032024,2024-01-31,충청북도,괴산군,장연면,광진리,296,148,148,290,146,144,-6,-2,-4
4376032025,2024-01-31,충청북도,괴산군,장연면,조곡리,111,59,52,109,58,51,-2,-1,-1
4376032026,2024-01-31,충청북도,괴산군,장연면,장암리,229,110,119,231,111,120,2,1,1
4376032028,2024-01-31,충청북도,괴산군,장연면,송덕리,365,193,172,365,194,171,0,1,-1
4376033021,2024-01-31,충청북도,괴산군,연풍면,삼풍리,251,127,124,247,126,121,-4,-1,-3
4376033022,2024-01-31,충청북도,괴산군,연풍면,행촌리,532,282,250,541,283,258,9,1,8
4376033023,2024-01-31,충청북도,괴산군,연풍면,주진리,270,136,134,268,135,133,-2,-1,-1
4376033024,2024-01-31,충청북도,괴산군,연풍면,분지리,44,25,19,43,24,19,-1,-1,0
4376033025,2024-01-31,충청북도,괴산군,연풍면,원풍리,381,203,178,383,206,177,2,3,-1
4376033026,2024-01-31,충청북도,괴산군,연풍면,유상리,225,116,109,225,116,109,0,0,0
4376033027,2024-01-31,충청북도,괴산군,연풍면,유하리,162,85,77,160,84,76,-2,-1,-1
4376033028,2024-01-31,충청북도,괴산군,연풍면,갈금리,124,70,54,121,69,52,-3,-1,-2
4376033029,2024-01-31,충청북도,괴산군,연풍면,적석리,242,124,118,234,121,113,-8,-3,-5
4376034021,2024-01-31,충청북도,괴산군,칠성면,도정리,401,201,200,405,202,203,4,1,3
4376034022,2024-01-31,충청북도,괴산군,칠성면,사평리,211,103,108,212,103,109,1,0,1
4376034023,2024-01-31,충청북도,괴산군,칠성면,비도리,227,106,121,230,108,122,3,2,1
4376034024,2024-01-31,충청북도,괴산군,칠성면,쌍곡리,234,116,118,237,117,120,3,1,2
4376034025,2024-01-31,충청북도,괴산군,칠성면,율지리,214,108,106,211,106,105,-3,-2,-1
4376034026,2024-01-31,충청북도,괴산군,칠성면,율원리,464,248,216,461,244,217,-3,-4,1
4376034027,2024-01-31,충청북도,괴산군,칠성면,사은리,289,153,136,301,158,143,12,5,7
4376034028,2024-01-31,충청북도,괴산군,칠성면,외사리,265,132,133,262,131,131,-3,-1,-2
4376034029,2024-01-31,충청북도,괴산군,칠성면,송동리,169,88,81,166,86,80,-3,-2,-1
4376034030,2024-01-31,충청북도,괴산군,칠성면,두천리,276,142,134,282,145,137,6,3,3
4376034031,2024-01-31,충청북도,괴산군,칠성면,갈읍리,149,79,70,148,79,69,-1,0,-1
4376034032,2024-01-31,충청북도,괴산군,칠성면,태성리,205,102,103,203,100,103,-2,-2,0
4376035021,2024-01-31,충청북도,괴산군,문광면,광덕리,541,288,253,539,286,253,-2,-2,0
4376035022,2024-01-31,충청북도,괴산군,문광면,송평리,155,81,74,157,81,76,2,0,2
4376035023,2024-01-31,충청북도,괴산군,문광면,대명리,191,108,83,187,107,80,-4,-1,-3
4376035024,2024-01-31,충청북도,괴산군,문광면,유평리,139,72,67,140,73,67,1,1,0
4376035025,2024-01-31,충청북도,괴산군,문광면,문법리,293,139,154,292,140,152,-1,1,-2
4376035026,2024-01-31,충청북도,괴산군,문광면,신기리,154,76,78,151,74,77,-3,-2,-1
4376035027,2024-01-31,충청북도,괴산군,문광면,양곡리,246,127,119,244,126,118,-2,-1,-1
4376035028,2024-01-31,충청북도,괴산군,문광면,방성리,108,59,49,109,60,49,1,1,0
4376035029,2024-01-31,충청북도,괴산군,문광면,흑석리,170,89,81,169,89,80,-1,0,-1
4376035030,2024-01-31,충청북도,괴산군,문광면,옥성리,174,85,89,176,86,90,2,1,1
4376036021,2024-01-31,충청북도,괴산군,청천면,청천리,500,257,243,495,256,239,-5,-1,-4
4376036022,2024-01-31,충청북도,괴산군,청천면,선평리,202,104,98,202,104,98,0,0,0
4376036023,2024-01-31,충청북도,괴산군,청천면,후평리,217,115,102,215,114,101,-2,-1,-1
4376036024,2024-01-31,충청북도,괴산군,청천면,강평리,106,56,50,105,55,50,-1,-1,0
4376036025,2024-01-31,충청북도,괴산군,청천면,귀만리,116,64,52,113,62,51,-3,-2,-1
4376036026,2024-01-31,충청북도,괴산군,청천면,평단리,136,65,71,136,65,71,0,0,0
4376036027,2024-01-31,충청북도,괴산군,청천면,신월리,119,54,65,120,56,64,1,2,-1
4376036028,2024-01-31,충청북도,괴산군,청천면,상신리,114,58,56,113,58,55,-1,0,-1
4376036029,2024-01-31,충청북도,괴산군,청천면,사담리,98,55,43,98,55,43,0,0,0
4376036030,2024-01-31,충청북도,괴산군,청천면,고성리,169,96,73,172,97,75,3,1,2
4376036031,2024-01-31,충청북도,괴산군,청천면,도원리,284,141,143,273,137,136,-11,-4,-7
4376036032,2024-01-31,충청북도,괴산군,청천면,무릉리,41,22,19,40,22,18,-1,0,-1
4376036033,2024-01-31,충청북도,괴산군,청천면,금평리,228,125,103,227,124,103,-1,-1,0
4376036034,2024-01-31,충청북도,괴산군,청천면,월문리,58,33,25,59,34,25,1,1,0
4376036035,2024-01-31,충청북도,괴산군,청천면,삼락리,118,64,54,120,66,54,2,2,0
4376036036,2024-01-31,충청북도,괴산군,청천면,부성리,140,67,73,142,67,75,2,0,2
4376036037,2024-01-31,충청북도,괴산군,청천면,여사왕리,121,69,52,121,69,52,0,0,0
4376036038,2024-01-31,충청북도,괴산군,청천면,대전리,115,60,55,114,59,55,-1,-1,0
4376036039,2024-01-31,충청북도,괴산군,청천면,지경리,85,43,42,86,44,42,1,1,0
4376036040,2024-01-31,충청북도,괴산군,청천면,덕평리,192,91,101,195,93,102,3,2,1
4376036041,2024-01-31,충청북도,괴산군,청천면,거봉리,94,40,54,94,39,55,0,-1,1
4376036042,2024-01-31,충청북도,괴산군,청천면,지촌리,156,74,82,158,75,83,2,1,1
4376036043,2024-01-31,충청북도,괴산군,청천면,운교리,82,47,35,84,49,35,2,2,0
4376036044,2024-01-31,충청북도,괴산군,청천면,대티리,118,58,60,118,58,60,0,0,0
4376036045,2024-01-31,충청북도,괴산군,청천면,화양리,152,80,72,151,80,71,-1,0,-1
4376036046,2024-01-31,충청북도,괴산군,청천면,후영리,195,111,84,193,110,83,-2,-1,-1
4376036047,2024-01-31,충청북도,괴산군,청천면,송면리,288,159,129,289,160,129,1,1,0
4376036048,2024-01-31,충청북도,괴산군,청천면,이평리,215,115,100,219,117,102,4,2,2
4376036049,2024-01-31,충청북도,괴산군,청천면,사기막리,106,56,50,106,56,50,0,0,0
4376036050,2024-01-31,충청북도,괴산군,청천면,관평리,118,60,58,118,59,59,0,-1,1
4376036051,2024-01-31,충청북도,괴산군,청천면,삼송리,452,223,229,450,222,228,-2,-1,-1
4376037021,2024-01-31,충청북도,괴산군,청안면,읍내리,639,299,340,629,298,331,-10,-1,-9
4376037022,2024-01-31,충청북도,괴산군,청안면,금신리,243,137,106,245,138,107,2,1,1
4376037023,2024-01-31,충청북도,괴산군,청안면,문방리,258,138,120,254,135,119,-4,-3,-1
4376037024,2024-01-31,충청북도,괴산군,청안면,효근리,227,109,118,223,107,116,-4,-2,-2
4376037025,2024-01-31,충청북도,괴산군,청안면,조천리,336,167,169,334,166,168,-2,-1,-1
4376037026,2024-01-31,충청북도,괴산군,청안면,청용리,221,123,98,219,121,98,-2,-2,0
4376037027,2024-01-31,충청북도,괴산군,청안면,문당리,238,131,107,238,133,105,0,2,-2
4376037028,2024-01-31,충청북도,괴산군,청안면,운곡리,225,122,103,225,122,103,0,0,0
4376037029,2024-01-31,충청북도,괴산군,청안면,백봉리,219,107,112,216,105,111,-3,-2,-1
4376037030,2024-01-31,충청북도,괴산군,청안면,부흥리,481,242,239,484,244,240,3,2,1
4376037031,2024-01-31,충청북도,괴산군,청안면,장암리,243,122,121,245,124,121,2,2,0
4376039021,2024-01-31,충청북도,괴산군,사리면,사담리,533,281,252,527,279,248,-6,-2,-4
4376039022,2024-01-31,충청북도,괴산군,사리면,소매리,243,121,122,239,118,121,-4,-3,-1
4376039023,2024-01-31,충청북도,괴산군,사리면,노송리,165,87,78,165,87,78,0,0,0
4376039024,2024-01-31,충청북도,괴산군,사리면,중흥리,254,125,129,254,125,129,0,0,0
4376039025,2024-01-31,충청북도,괴산군,사리면,방축리,520,276,244,518,274,244,-2,-2,0
4376039026,2024-01-31,충청북도,괴산군,사리면,수암리,272,145,127,271,147,124,-1,2,-3
4376039027,2024-01-31,충청북도,괴산군,사리면,이곡리,307,163,144,311,164,147,4,1,3
4376039028,2024-01-31,충청북도,괴산군,사리면,화산리,259,128,131,257,126,131,-2,-2,0
4376040021,2024-01-31,충청북도,괴산군,소수면,수리,380,187,193,381,188,193,1,1,0
4376040022,2024-01-31,충청북도,괴산군,소수면,입암리,195,109,86,193,108,85,-2,-1,-1
4376040023,2024-01-31,충청북도,괴산군,소수면,아성리,413,218,195,415,219,196,2,1,1
4376040024,2024-01-31,충청북도,괴산군,소수면,고마리,301,152,149,299,150,149,-2,-2,0
4376040025,2024-01-31,충청북도,괴산군,소수면,소암리,251,125,126,253,126,127,2,1,1
4376040026,2024-01-31,충청북도,괴산군,소수면,몽촌리,97,55,42,96,55,41,-1,0,-1
4376040027,2024-01-31,충청북도,괴산군,소수면,옥현리,248,124,124,248,126,122,0,2,-2
4376040028,2024-01-31,충청북도,괴산군,소수면,길선리,256,138,118,252,136,116,-4,-2,-2
4376041021,2024-01-31,충청북도,괴산군,불정면,목도리,621,312,309,612,306,306,-9,-6,-3
4376041022,2024-01-31,충청북도,괴산군,불정면,창산리,211,118,93,212,118,94,1,0,1
4376041023,2024-01-31,충청북도,괴산군,불정면,탑촌리,199,100,99,204,104,100,5,4,1
4376041024,2024-01-31,충청북도,괴산군,불정면,추산리,144,75,69,140,72,68,-4,-3,-1
4376041025,2024-01-31,충청북도,괴산군,불정면,외령리,244,116,128,244,116,128,0,0,0
4376041026,2024-01-31,충청북도,괴산군,불정면,삼방리,184,106,78,182,106,76,-2,0,-2
4376041027,2024-01-31,충청북도,괴산군,불정면,웅동리,177,94,83,174,92,82,-3,-2,-1
4376041028,2024-01-31,충청북도,괴산군,불정면,하문리,84,44,40,84,44,40,0,0,0
4376041029,2024-01-31,충청북도,괴산군,불정면,앵천리,236,130,106,238,131,107,2,1,1
4376041030,2024-01-31,충청북도,괴산군,불정면,신흥리,193,104,89,192,104,88,-1,0,-1
4376041031,2024-01-31,충청북도,괴산군,불정면,지장리,255,131,124,256,132,124,1,1,0
4376041032,2024-01-31,충청북도,괴산군,불정면,세평리,99,55,44,99,55,44,0,0,0
4377025000,2024-01-31,충청북도,음성군,음성읍,음성읍,1,1,0,0,0,0,-1,-1,0
4377025021,2024-01-31,충청북도,음성군,음성읍,읍내리,8188,4188,4000,8178,4180,3998,-10,-8,-2
4377025022,2024-01-31,충청북도,음성군,음성읍,평곡리,1768,891,877,1768,888,880,0,-3,3
4377025023,2024-01-31,충청북도,음성군,음성읍,석인리,156,82,74,158,82,76,2,0,2
4377025024,2024-01-31,충청북도,음성군,음성읍,한벌리,305,163,142,304,162,142,-1,-1,0
4377025025,2024-01-31,충청북도,음성군,음성읍,용산리,990,530,460,993,531,462,3,1,2
4377025026,2024-01-31,충청북도,음성군,음성읍,사정리,261,134,127,262,136,126,1,2,-1
4377025027,2024-01-31,충청북도,음성군,음성읍,감우리,129,69,60,132,71,61,3,2,1
4377025028,2024-01-31,충청북도,음성군,음성읍,소여리,381,217,164,385,217,168,4,0,4
4377025029,2024-01-31,충청북도,음성군,음성읍,신천리,3349,1707,1642,3336,1701,1635,-13,-6,-7
4377025030,2024-01-31,충청북도,음성군,음성읍,초천리,354,173,181,352,172,180,-2,-1,-1
4377025031,2024-01-31,충청북도,음성군,음성읍,동음리,335,184,151,333,183,150,-2,-1,-1
4377025032,2024-01-31,충청북도,음성군,음성읍,삼생리,293,152,141,295,153,142,2,1,1
4377025321,2024-01-31,충청북도,음성군,금왕읍,무극리,8709,4498,4211,8674,4474,4200,-35,-24,-11
4377025322,2024-01-31,충청북도,음성군,금왕읍,금석리,5382,2854,2528,5376,2849,2527,-6,-5,-1
4377025323,2024-01-31,충청북도,음성군,금왕읍,정생리,272,151,121,274,152,122,2,1,1
4377025324,2024-01-31,충청북도,음성군,금왕읍,육령리,176,99,77,179,102,77,3,3,0
4377025325,2024-01-31,충청북도,음성군,금왕읍,백야리,92,47,45,91,47,44,-1,0,-1
4377025326,2024-01-31,충청북도,음성군,금왕읍,용계리,328,195,133,328,194,134,0,-1,1
4377025327,2024-01-31,충청북도,음성군,금왕읍,봉곡리,283,160,123,281,159,122,-2,-1,-1
4377025328,2024-01-31,충청북도,음성군,금왕읍,유촌리,145,81,64,143,80,63,-2,-1,-1
4377025329,2024-01-31,충청북도,음성군,금왕읍,신평리,121,75,46,120,73,47,-1,-2,1
4377025330,2024-01-31,충청북도,음성군,금왕읍,본대리,367,216,151,370,220,150,3,4,-1
4377025331,2024-01-31,충청북도,음성군,금왕읍,내곡리,163,83,80,164,84,80,1,1,0
4377025332,2024-01-31,충청북도,음성군,금왕읍,사창리,171,109,62,172,111,61,1,2,-1
4377025333,2024-01-31,충청북도,음성군,금왕읍,구계리,276,163,113,267,154,113,-9,-9,0
4377025334,2024-01-31,충청북도,음성군,금왕읍,호산리,245,143,102,244,143,101,-1,0,-1
4377025335,2024-01-31,충청북도,음성군,금왕읍,쌍봉리,258,164,94,253,159,94,-5,-5,0
4377025336,2024-01-31,충청북도,음성군,금왕읍,유포리,189,100,89,192,101,91,3,1,2
4377025337,2024-01-31,충청북도,음성군,금왕읍,오선리,272,162,110,279,164,115,7,2,5
4377025338,2024-01-31,충청북도,음성군,금왕읍,도청리,382,214,168,384,216,168,2,2,0
4377025339,2024-01-31,충청북도,음성군,금왕읍,내송리,852,543,309,834,532,302,-18,-11,-7
4377025340,2024-01-31,충청북도,음성군,금왕읍,각회리,247,129,118,248,130,118,1,1,0
4377025341,2024-01-31,충청북도,음성군,금왕읍,삼봉리,145,87,58,147,88,59,2,1,1
4377025342,2024-01-31,충청북도,음성군,금왕읍,행제리,218,122,96,217,121,96,-1,-1,0
4377031021,2024-01-31,충청북도,음성군,소이면,대장리,256,140,116,251,138,113,-5,-2,-3
4377031022,2024-01-31,충청북도,음성군,소이면,후미리,414,224,190,411,223,188,-3,-1,-2
4377031023,2024-01-31,충청북도,음성군,소이면,중동리,438,221,217,434,219,215,-4,-2,-2
4377031024,2024-01-31,충청북도,음성군,소이면,문등리,129,75,54,129,75,54,0,0,0
4377031025,2024-01-31,충청북도,음성군,소이면,갑산리,209,109,100,207,109,98,-2,0,-2
4377031026,2024-01-31,충청북도,음성군,소이면,봉전리,212,109,103,212,109,103,0,0,0
4377031027,2024-01-31,충청북도,음성군,소이면,금고리,283,143,140,287,145,142,4,2,2
4377031028,2024-01-31,충청북도,음성군,소이면,충도리,414,222,192,415,223,192,1,1,0
4377031029,2024-01-31,충청북도,음성군,소이면,비산리,502,250,252,501,249,252,-1,-1,0
4377032021,2024-01-31,충청북도,음성군,원남면,보천리,243,127,116,242,127,115,-1,0,-1
4377032022,2024-01-31,충청북도,음성군,원남면,보룡리,196,105,91,195,106,89,-1,1,-2
4377032023,2024-01-31,충청북도,음성군,원남면,마송리,298,153,145,299,152,147,1,-1,2
4377032024,2024-01-31,충청북도,음성군,원남면,상당리,202,110,92,202,110,92,0,0,0
4377032025,2024-01-31,충청북도,음성군,원남면,하당리,349,171,178,349,171,178,0,0,0
4377032026,2024-01-31,충청북도,음성군,원남면,상노리,187,107,80,186,106,80,-1,-1,0
4377032027,2024-01-31,충청북도,음성군,원남면,하노리,232,116,116,233,118,115,1,2,-1
4377032028,2024-01-31,충청북도,음성군,원남면,구안리,188,93,95,184,91,93,-4,-2,-2
4377032029,2024-01-31,충청북도,음성군,원남면,주봉리,250,133,117,251,133,118,1,0,1
4377032030,2024-01-31,충청북도,음성군,원남면,문암리,274,142,132,274,144,130,0,2,-2
4377032031,2024-01-31,충청북도,음성군,원남면,조촌리,245,133,112,245,132,113,0,-1,1
4377032032,2024-01-31,충청북도,음성군,원남면,삼용리,158,87,71,159,87,72,1,0,1
4377032033,2024-01-31,충청북도,음성군,원남면,덕정리,170,89,81,172,90,82,2,1,1
4377033021,2024-01-31,충청북도,음성군,맹동면,쌍정리,1322,735,587,1367,756,611,45,21,24
4377033022,2024-01-31,충청북도,음성군,맹동면,인곡리,1435,795,640,1428,791,637,-7,-4,-3
4377033023,2024-01-31,충청북도,음성군,맹동면,마산리,231,132,99,228,130,98,-3,-2,-1
4377033024,2024-01-31,충청북도,음성군,맹동면,봉현리,256,135,121,254,134,120,-2,-1,-1
4377033025,2024-01-31,충청북도,음성군,맹동면,용촌리,287,155,132,279,149,130,-8,-6,-2
4377033026,2024-01-31,충청북도,음성군,맹동면,신돈리,190,120,70,192,121,71,2,1,1
4377033027,2024-01-31,충청북도,음성군,맹동면,본성리,342,229,113,343,230,113,1,1,0
4377033028,2024-01-31,충청북도,음성군,맹동면,두성리,981,499,482,976,497,479,-5,-2,-3
4377033029,2024-01-31,충청북도,음성군,맹동면,통동리,128,68,60,129,68,61,1,0,1
4377033030,2024-01-31,충청북도,음성군,맹동면,군자리,15,6,9,15,7,8,0,1,-1
4377033031,2024-01-31,충청북도,음성군,맹동면,동성리,8111,4088,4023,8095,4082,4013,-16,-6,-10
4377034000,2024-01-31,충청북도,음성군,대소면,대소면,13,9,4,0,0,0,-13,-9,-4
4377034021,2024-01-31,충청북도,음성군,대소면,오산리,1926,990,936,1926,991,935,0,1,-1
4377034022,2024-01-31,충청북도,음성군,대소면,태생리,4596,2508,2088,4602,2510,2092,6,2,4
4377034023,2024-01-31,충청북도,음성군,대소면,소석리,2443,1300,1143,2442,1297,1145,-1,-3,2
4377034024,2024-01-31,충청북도,음성군,대소면,성본리,365,206,159,365,206,159,0,0,0
4377034025,2024-01-31,충청북도,음성군,대소면,부윤리,553,343,210,555,343,212,2,0,2
4377034026,2024-01-31,충청북도,음성군,대소면,수태리,289,153,136,289,154,135,0,1,-1
4377034027,2024-01-31,충청북도,음성군,대소면,삼정리,1218,675,543,1209,668,541,-9,-7,-2
4377034028,2024-01-31,충청북도,음성군,대소면,미곡리,154,92,62,152,90,62,-2,-2,0
4377034029,2024-01-31,충청북도,음성군,대소면,삼호리,427,226,201,429,227,202,2,1,1
4377034030,2024-01-31,충청북도,음성군,대소면,내산리,245,136,109,244,135,109,-1,-1,0
4377034031,2024-01-31,충청북도,음성군,대소면,오류리,1363,819,544,1356,819,537,-7,0,-7
4377034032,2024-01-31,충청북도,음성군,대소면,대풍리,1795,1026,769,1797,1026,771,2,0,2
4377035021,2024-01-31,충청북도,음성군,삼성면,덕정리,3096,1708,1388,3081,1706,1375,-15,-2,-13
4377035022,2024-01-31,충청북도,음성군,삼성면,양덕리,550,288,262,547,287,260,-3,-1,-2
4377035023,2024-01-31,충청북도,음성군,삼성면,대사리,178,89,89,176,87,89,-2,-2,0
4377035024,2024-01-31,충청북도,음성군,삼성면,용성리,498,287,211,497,285,212,-1,-2,1
4377035025,2024-01-31,충청북도,음성군,삼성면,상곡리,322,194,128,320,193,127,-2,-1,-1
4377035026,2024-01-31,충청북도,음성군,삼성면,청용리,364,211,153,364,210,154,0,-1,1
4377035027,2024-01-31,충청북도,음성군,삼성면,천평리,264,136,128,262,136,126,-2,0,-2
4377035028,2024-01-31,충청북도,음성군,삼성면,선정리,390,246,144,387,244,143,-3,-2,-1
4377035029,2024-01-31,충청북도,음성군,삼성면,대정리,238,145,93,238,145,93,0,0,0
4377035030,2024-01-31,충청북도,음성군,삼성면,능산리,211,111,100,210,110,100,-1,-1,0
4377035031,2024-01-31,충청북도,음성군,삼성면,용대리,234,128,106,233,128,105,-1,0,-1
4377035032,2024-01-31,충청북도,음성군,삼성면,대야리,211,107,104,212,108,104,1,1,0
4377036021,2024-01-31,충청북도,음성군,생극면,신양리,1252,699,553,1242,694,548,-10,-5,-5
4377036022,2024-01-31,충청북도,음성군,생극면,병암리,521,276,245,518,274,244,-3,-2,-1
4377036023,2024-01-31,충청북도,음성군,생극면,도신리,159,86,73,158,87,71,-1,1,-2
4377036024,2024-01-31,충청북도,음성군,생극면,관성리,488,294,194,490,293,197,2,-1,3
4377036025,2024-01-31,충청북도,음성군,생극면,팔성리,466,241,225,459,238,221,-7,-3,-4
4377036026,2024-01-31,충청북도,음성군,생극면,송곡리,220,112,108,221,113,108,1,1,0
4377036027,2024-01-31,충청북도,음성군,생극면,임곡리,137,75,62,138,76,62,1,1,0
4377036028,2024-01-31,충청북도,음성군,생극면,방축리,185,91,94,184,91,93,-1,0,-1
4377036029,2024-01-31,충청북도,음성군,생극면,차평리,401,198,203,397,197,200,-4,-1,-3
4377036030,2024-01-31,충청북도,음성군,생극면,차곡리,116,58,58,117,58,59,1,0,1
4377036031,2024-01-31,충청북도,음성군,생극면,오생리,224,127,97,222,127,95,-2,0,-2
4377036032,2024-01-31,충청북도,음성군,생극면,생리,286,146,140,289,148,141,3,2,1
4377037021,2024-01-31,충청북도,음성군,감곡면,오향리,5177,2553,2624,5137,2528,2609,-40,-25,-15
4377037022,2024-01-31,충청북도,음성군,감곡면,주천리,283,144,139,283,145,138,0,1,-1
4377037023,2024-01-31,충청북도,음성군,감곡면,원당리,350,174,176,346,171,175,-4,-3,-1
4377037024,2024-01-31,충청북도,음성군,감곡면,상평리,192,100,92,190,100,90,-2,0,-2
4377037025,2024-01-31,충청북도,음성군,감곡면,월정리,255,129,126,255,129,126,0,0,0
4377037026,2024-01-31,충청북도,음성군,감곡면,영산리,284,150,134,284,150,134,0,0,0
4377037027,2024-01-31,충청북도,음성군,감곡면,사곡리,247,129,118,244,126,118,-3,-3,0
4377037028,2024-01-31,충청북도,음성군,감곡면,문촌리,566,319,247,567,320,247,1,1,0
4377037029,2024-01-31,충청북도,음성군,감곡면,오궁리,388,211,177,387,211,176,-1,0,-1
4377037030,2024-01-31,충청북도,음성군,감곡면,상우리,376,217,159,374,216,158,-2,-1,-1
4377037031,2024-01-31,충청북도,음성군,감곡면,왕장리,1264,651,613,1257,651,606,-7,0,-7
4377037032,2024-01-31,충청북도,음성군,감곡면,단평리,453,234,219,447,230,217,-6,-4,-2
4380025021,2024-01-31,충청북도,단양군,단양읍,현천리,45,24,21,45,24,21,0,0,0
4380025022,2024-01-31,충청북도,단양군,단양읍,덕상리,43,18,25,45,19,26,2,1,1
4380025023,2024-01-31,충청북도,단양군,단양읍,심곡리,56,27,29,56,27,29,0,0,0
4380025025,2024-01-31,충청북도,단양군,단양읍,별곡리,2299,1144,1155,2302,1147,1155,3,3,0
4380025026,2024-01-31,충청북도,단양군,단양읍,도전리,2882,1463,1419,2878,1462,1416,-4,-1,-3
4380025027,2024-01-31,충청북도,단양군,단양읍,상진리,4195,2126,2069,4175,2116,2059,-20,-10,-10
4380025028,2024-01-31,충청북도,단양군,단양읍,도담리,35,20,15,35,20,15,0,0,0
4380025029,2024-01-31,충청북도,단양군,단양읍,후곡리,13,6,7,13,6,7,0,0,0
4380025030,2024-01-31,충청북도,단양군,단양읍,장현리,44,24,20,43,23,20,-1,-1,0
4380025031,2024-01-31,충청북도,단양군,단양읍,노동리,114,60,54,114,60,54,0,0,0
4380025032,2024-01-31,충청북도,단양군,단양읍,마조리,50,23,27,51,24,27,1,1,0
4380025033,2024-01-31,충청북도,단양군,단양읍,수촌리,64,33,31,64,33,31,0,0,0
4380025034,2024-01-31,충청북도,단양군,단양읍,천동리,186,99,87,186,99,87,0,0,0
4380025035,2024-01-31,충청북도,단양군,단양읍,금곡리,121,63,58,118,61,57,-3,-2,-1
4380025036,2024-01-31,충청북도,단양군,단양읍,기촌리,96,46,50,96,46,50,0,0,0
4380025037,2024-01-31,충청북도,단양군,단양읍,고수리,71,31,40,69,30,39,-2,-1,-1
4380025321,2024-01-31,충청북도,단양군,매포읍,매포리,1,1,0,2,2,0,1,1,0
4380025322,2024-01-31,충청북도,단양군,매포읍,우덕리,36,21,15,36,21,15,0,0,0
4380025324,2024-01-31,충청북도,단양군,매포읍,하괴리,24,19,5,23,18,5,-1,-1,0
4380025326,2024-01-31,충청북도,단양군,매포읍,안동리,22,9,13,22,9,13,0,0,0
4380025327,2024-01-31,충청북도,단양군,매포읍,평동리,3736,1943,1793,3732,1941,1791,-4,-2,-2
4380025328,2024-01-31,충청북도,단양군,매포읍,도곡리,68,37,31,67,37,30,-1,0,-1
4380025329,2024-01-31,충청북도,단양군,매포읍,하시리,96,49,47,96,49,47,0,0,0
4380025330,2024-01-31,충청북도,단양군,매포읍,상시리,137,67,70,140,69,71,3,2,1
4380025331,2024-01-31,충청북도,단양군,매포읍,영천리,114,57,57,112,58,54,-2,1,-3
4380025332,2024-01-31,충청북도,단양군,매포읍,가평리,342,169,173,341,167,174,-1,-2,1
4380025333,2024-01-31,충청북도,단양군,매포읍,삼곡리,166,92,74,166,92,74,0,0,0
4380025334,2024-01-31,충청북도,단양군,매포읍,고양리,80,41,39,79,40,39,-1,-1,0
4380025336,2024-01-31,충청북도,단양군,매포읍,응실리,96,48,48,96,48,48,0,0,0
4380031021,2024-01-31,충청북도,단양군,대강면,장림리,414,196,218,416,196,220,2,0,2
4380031023,2024-01-31,충청북도,단양군,대강면,당동리,158,80,78,157,80,77,-1,0,-1
4380031024,2024-01-31,충청북도,단양군,대강면,용부원리,244,127,117,240,124,116,-4,-3,-1
4380031033,2024-01-31,충청북도,단양군,대강면,두음리,268,142,126,268,144,124,0,2,-2
4380031034,2024-01-31,충청북도,단양군,대강면,괴평리,125,61,64,126,61,65,1,0,1
4380031035,2024-01-31,충청북도,단양군,대강면,사인암리,79,34,45,80,34,46,1,0,1
4380031036,2024-01-31,충청북도,단양군,대강면,직티리,146,66,80,146,66,80,0,0,0
4380031037,2024-01-31,충청북도,단양군,대강면,황정리,136,68,68,136,68,68,0,0,0
4380031038,2024-01-31,충청북도,단양군,대강면,성금리,49,22,27,51,23,28,2,1,1
4380031039,2024-01-31,충청북도,단양군,대강면,미노리,157,78,79,155,77,78,-2,-1,-1
4380031040,2024-01-31,충청북도,단양군,대강면,덕촌리,55,29,26,56,30,26,1,1,0
4380031041,2024-01-31,충청북도,단양군,대강면,장정리,76,40,36,80,42,38,4,2,2
4380031042,2024-01-31,충청북도,단양군,대강면,사동리,69,34,35,70,34,36,1,0,1
4380031043,2024-01-31,충청북도,단양군,대강면,남천리,56,35,21,56,35,21,0,0,0
4380031044,2024-01-31,충청북도,단양군,대강면,남조리,30,15,15,30,15,15,0,0,0
4380031045,2024-01-31,충청북도,단양군,대강면,무수천리,20,10,10,20,10,10,0,0,0
4380031046,2024-01-31,충청북도,단양군,대강면,신구리,38,19,19,38,19,19,0,0,0
4380031047,2024-01-31,충청북도,단양군,대강면,올산리,124,67,57,124,67,57,0,0,0
4380031048,2024-01-31,충청북도,단양군,대강면,방곡리,119,52,67,120,53,67,1,1,0
4380032021,2024-01-31,충청북도,단양군,가곡면,사평리,484,267,217,479,264,215,-5,-3,-2
4380032022,2024-01-31,충청북도,단양군,가곡면,가대리,230,115,115,231,115,116,1,0,1
4380032023,2024-01-31,충청북도,단양군,가곡면,여천리,89,43,46,88,42,46,-1,-1,0
4380032024,2024-01-31,충청북도,단양군,가곡면,덕천리,134,72,62,136,73,63,2,1,1
4380032025,2024-01-31,충청북도,단양군,가곡면,대대리,307,155,152,310,155,155,3,0,3
4380032026,2024-01-31,충청북도,단양군,가곡면,어의곡리,283,161,122,278,153,125,-5,-8,3
4380032027,2024-01-31,충청북도,단양군,가곡면,보발리,319,168,151,316,166,150,-3,-2,-1
4380032028,2024-01-31,충청북도,단양군,가곡면,향산리,177,87,90,176,86,90,-1,-1,0
4380033021,2024-01-31,충청북도,단양군,영춘면,상리,394,196,198,392,198,194,-2,2,-4
4380033022,2024-01-31,충청북도,단양군,영춘면,하리,378,185,193,383,190,193,5,5,0
4380033023,2024-01-31,충청북도,단양군,영춘면,남천리,281,130,151,276,126,150,-5,-4,-1
4380033024,2024-01-31,충청북도,단양군,영춘면,백자리,438,157,281,437,157,280,-1,0,-1
4380033025,2024-01-31,충청북도,단양군,영춘면,의풍리,169,80,89,170,81,89,1,1,0
4380033026,2024-01-31,충청북도,단양군,영춘면,동대리,228,124,104,229,124,105,1,0,1
4380033027,2024-01-31,충청북도,단양군,영춘면,용진리,102,49,53,104,52,52,2,3,-1
4380033028,2024-01-31,충청북도,단양군,영춘면,오사리,91,45,46,90,44,46,-1,-1,0
4380033029,2024-01-31,충청북도,단양군,영춘면,유암리,200,106,94,198,104,94,-2,-2,0
4380033030,2024-01-31,충청북도,단양군,영춘면,사이곡리,112,55,57,110,54,56,-2,-1,-1
4380033031,2024-01-31,충청북도,단양군,영춘면,별방리,192,95,97,191,94,97,-1,-1,0
4380033032,2024-01-31,충청북도,단양군,영춘면,만종리,172,85,87,177,86,91,5,1,4
4380033033,2024-01-31,충청북도,단양군,영춘면,장발리,146,75,71,146,75,71,0,0,0
4380033034,2024-01-31,충청북도,단양군,영춘면,사지원리,195,94,101,195,93,102,0,-1,1
4380034021,2024-01-31,충청북도,단양군,어상천면,임현리,526,275,251,530,278,252,4,3,1
4380034022,2024-01-31,충청북도,단양군,어상천면,연곡리,341,202,139,340,201,139,-1,-1,0
4380034023,2024-01-31,충청북도,단양군,어상천면,석교리,257,136,121,257,136,121,0,0,0
4380034024,2024-01-31,충청북도,단양군,어상천면,대전리,339,185,154,339,186,153,0,1,-1
4380034025,2024-01-31,충청북도,단양군,어상천면,덕문곡리,138,76,62,136,76,60,-2,0,-2
4380034026,2024-01-31,충청북도,단양군,어상천면,방북리,74,47,27,74,47,27,0,0,0
4380034027,2024-01-31,충청북도,단양군,어상천면,심곡리,109,62,47,113,64,49,4,2,2
4380034028,2024-01-31,충청북도,단양군,어상천면,율곡리,81,47,34,81,47,34,0,0,0
4380035000,2024-01-31,충청북도,단양군,적성면,적성면,1,1,0,0,0,0,-1,-1,0
4380035021,2024-01-31,충청북도,단양군,적성면,하진리,40,19,21,42,20,22,2,1,1
4380035022,2024-01-31,충청북도,단양군,적성면,현곡리,127,68,59,127,68,59,0,0,0
4380035023,2024-01-31,충청북도,단양군,적성면,하리,167,84,83,168,85,83,1,1,0
4380035024,2024-01-31,충청북도,단양군,적성면,성곡리,1,1,0,1,1,0,0,0,0
4380035025,2024-01-31,충청북도,단양군,적성면,상리,284,142,142,283,140,143,-1,-2,1
4380035026,2024-01-31,충청북도,단양군,적성면,애곡리,82,41,41,82,41,41,0,0,0
4380035027,2024-01-31,충청북도,단양군,적성면,기동리,147,78,69,149,78,71,2,0,2
4380035028,2024-01-31,충청북도,단양군,적성면,각기리,151,79,72,151,80,71,0,1,-1
4380035029,2024-01-31,충청북도,단양군,적성면,소야리,129,65,64,128,64,64,-1,-1,0
4380035030,2024-01-31,충청북도,단양군,적성면,대가리,102,49,53,101,48,53,-1,-1,0
4380035031,2024-01-31,충청북도,단양군,적성면,파랑리,60,31,29,60,31,29,0,0,0
4380035032,2024-01-31,충청북도,단양군,적성면,하원곡리,118,61,57,117,60,57,-1,-1,0
4380035033,2024-01-31,충청북도,단양군,적성면,상원곡리,84,45,39,84,46,38,0,1,-1
4380036021,2024-01-31,충청북도,단양군,단성면,북상리,195,89,106,194,89,105,-1,0,-1
4380036022,2024-01-31,충청북도,단양군,단성면,북하리,221,108,113,222,108,114,1,0,1
4380036023,2024-01-31,충청북도,단양군,단성면,상방리,239,121,118,239,121,118,0,0,0
4380036024,2024-01-31,충청북도,단양군,단성면,중방리,140,64,76,143,66,77,3,2,1
4380036025,2024-01-31,충청북도,단양군,단성면,하방리,96,44,52,95,44,51,-1,0,-1
4380036026,2024-01-31,충청북도,단양군,단성면,외중방리,67,37,30,67,37,30,0,0,0
4380036027,2024-01-31,충청북도,단양군,단성면,장회리,18,10,8,18,10,8,0,0,0
4380036028,2024-01-31,충청북도,단양군,단성면,두항리,59,31,28,60,32,28,1,1,0
4380036029,2024-01-31,충청북도,단양군,단성면,고평리,82,49,33,84,51,33,2,2,0
4380036030,2024-01-31,충청북도,단양군,단성면,양당리,67,31,36,67,31,36,0,0,0
4380036031,2024-01-31,충청북도,단양군,단성면,벌천리,114,56,58,115,56,59,1,0,1
4380036032,2024-01-31,충청북도,단양군,단성면,회산리,44,23,21,44,23,21,0,0,0
4380036033,2024-01-31,충청북도,단양군,단성면,가산리,205,109,96,206,111,95,1,2,-1
4380036034,2024-01-31,충청북도,단양군,단성면,대잠리,80,42,38,80,42,38,0,0,0
4413110100,2024-01-31,충청남도,천안시 동남구,대흥동,대흥동,779,460,319,771,455,316,-8,-5,-3
4413110200,2024-01-31,충청남도,천안시 동남구,성황동,성황동,1471,779,692,1460,771,689,-11,-8,-3
4413110300,2024-01-31,충청남도,천안시 동남구,문화동,문화동,6478,3255,3223,6459,3238,3221,-19,-17,-2
4413110400,2024-01-31,충청남도,천안시 동남구,사직동,사직동,1340,691,649,1323,682,641,-17,-9,-8
4413110500,2024-01-31,충청남도,천안시 동남구,영성동,영성동,2408,1205,1203,2395,1195,1200,-13,-10,-3
4413110600,2024-01-31,충청남도,천안시 동남구,오룡동,오룡동,530,275,255,533,274,259,3,-1,4
4413110700,2024-01-31,충청남도,천안시 동남구,원성동,원성동,15140,7807,7333,15095,7777,7318,-45,-30,-15
4413110800,2024-01-31,충청남도,천안시 동남구,구성동,구성동,10143,5085,5058,10110,5064,5046,-33,-21,-12
4413110900,2024-01-31,충청남도,천안시 동남구,청수동,청수동,9683,4775,4908,9637,4753,4884,-46,-22,-24
4413111000,2024-01-31,충청남도,천안시 동남구,삼룡동,삼룡동,1312,685,627,1992,1027,965,680,342,338
4413111100,2024-01-31,충청남도,천안시 동남구,청당동,청당동,36408,18129,18279,36320,18094,18226,-88,-35,-53
4413111200,2024-01-31,충청남도,천안시 동남구,유량동,유량동,2154,1123,1031,2130,1108,1022,-24,-15,-9
4413111300,2024-01-31,충청남도,천안시 동남구,봉명동,봉명동,15524,8010,7514,15516,7991,7525,-8,-19,11
4413111400,2024-01-31,충청남도,천안시 동남구,다가동,다가동,9682,4874,4808,9661,4865,4796,-21,-9,-12
4413111500,2024-01-31,충청남도,천안시 동남구,용곡동,용곡동,17982,8859,9123,17955,8848,9107,-27,-11,-16
4413111600,2024-01-31,충청남도,천안시 동남구,신방동,신방동,38437,19868,18569,38328,19795,18533,-109,-73,-36
4413111700,2024-01-31,충청남도,천안시 동남구,쌍용동,쌍용동,1548,743,805,1562,746,816,14,3,11
4413111800,2024-01-31,충청남도,천안시 동남구,신부동,신부동,27975,13560,14415,28506,13854,14652,531,294,237
4413111900,2024-01-31,충청남도,천안시 동남구,안서동,안서동,8208,3982,4226,8066,3921,4145,-142,-61,-81
4413112000,2024-01-31,충청남도,천안시 동남구,구룡동,구룡동,486,268,218,479,263,216,-7,-5,-2
4413125021,2024-01-31,충청남도,천안시 동남구,목천읍,서리,811,402,409,815,404,411,4,2,2
4413125022,2024-01-31,충청남도,천안시 동남구,목천읍,동리,510,255,255,510,254,256,0,-1,1
4413125023,2024-01-31,충청남도,천안시 동남구,목천읍,교촌리,500,264,236,497,262,235,-3,-2,-1
4413125024,2024-01-31,충청남도,천안시 동남구,목천읍,서흥리,291,144,147,294,147,147,3,3,0
4413125025,2024-01-31,충청남도,천안시 동남구,목천읍,덕전리,321,161,160,322,162,160,1,1,0
4413125026,2024-01-31,충청남도,천안시 동남구,목천읍,송전리,177,70,107,177,69,108,0,-1,1
4413125027,2024-01-31,충청남도,천안시 동남구,목천읍,석천리,148,76,72,147,76,71,-1,0,-1
4413125028,2024-01-31,충청남도,천안시 동남구,목천읍,동평리,711,367,344,706,366,340,-5,-1,-4
4413125029,2024-01-31,충청남도,천안시 동남구,목천읍,운전리,763,402,361,771,409,362,8,7,1
4413125030,2024-01-31,충청남도,천안시 동남구,목천읍,남화리,159,71,88,161,72,89,2,1,1
4413125031,2024-01-31,충청남도,천안시 동남구,목천읍,지산리,251,131,120,254,131,123,3,0,3
4413125032,2024-01-31,충청남도,천안시 동남구,목천읍,교천리,189,95,94,188,96,92,-1,1,-2
4413125033,2024-01-31,충청남도,천안시 동남구,목천읍,신계리,10165,5272,4893,10113,5241,4872,-52,-31,-21
4413125034,2024-01-31,충청남도,천안시 동남구,목천읍,천정리,820,405,415,819,404,415,-1,-1,0
4413125035,2024-01-31,충청남도,천안시 동남구,목천읍,응원리,968,489,479,965,486,479,-3,-3,0
4413125036,2024-01-31,충청남도,천안시 동남구,목천읍,삼성리,5906,2986,2920,5861,2960,2901,-45,-26,-19
4413125037,2024-01-31,충청남도,천안시 동남구,목천읍,도장리,423,237,186,416,233,183,-7,-4,-3
4413125038,2024-01-31,충청남도,천안시 동남구,목천읍,소사리,229,132,97,235,136,99,6,4,2
4413131021,2024-01-31,충청남도,천안시 동남구,풍세면,풍서리,986,518,468,972,510,462,-14,-8,-6
4413131022,2024-01-31,충청남도,천안시 동남구,풍세면,가송리,312,184,128,312,183,129,0,-1,1
4413131023,2024-01-31,충청남도,천안시 동남구,풍세면,미죽리,256,124,132,255,123,132,-1,-1,0
4413131024,2024-01-31,충청남도,천안시 동남구,풍세면,두남리,175,89,86,175,89,86,0,0,0
4413131025,2024-01-31,충청남도,천안시 동남구,풍세면,남관리,772,437,335,762,430,332,-10,-7,-3
4413131026,2024-01-31,충청남도,천안시 동남구,풍세면,삼태리,243,130,113,234,126,108,-9,-4,-5
4413131027,2024-01-31,충청남도,천안시 동남구,풍세면,용정리,690,402,288,689,400,289,-1,-2,1
4413131028,2024-01-31,충청남도,천안시 동남구,풍세면,보성리,515,296,219,1114,606,508,599,310,289
4413132021,2024-01-31,충청남도,천안시 동남구,광덕면,광덕리,695,362,333,691,361,330,-4,-1,-3
4413132022,2024-01-31,충청남도,천안시 동남구,광덕면,지장리,601,261,340,599,259,340,-2,-2,0
4413132023,2024-01-31,충청남도,천안시 동남구,광덕면,보산원리,354,195,159,358,195,163,4,0,4
4413132024,2024-01-31,충청남도,천안시 동남구,광덕면,대덕리,259,130,129,260,130,130,1,0,1
4413132025,2024-01-31,충청남도,천안시 동남구,광덕면,매당리,506,263,243,500,260,240,-6,-3,-3
4413132026,2024-01-31,충청남도,천안시 동남구,광덕면,신흥리,621,298,323,612,295,317,-9,-3,-6
4413132027,2024-01-31,충청남도,천안시 동남구,광덕면,무학리,171,83,88,171,83,88,0,0,0
4413132028,2024-01-31,충청남도,천안시 동남구,광덕면,신덕리,132,77,55,130,76,54,-2,-1,-1
4413132029,2024-01-31,충청남도,천안시 동남구,광덕면,행정리,199,104,95,200,104,96,1,0,1
4413132030,2024-01-31,충청남도,천안시 동남구,광덕면,대평리,310,162,148,312,163,149,2,1,1
4413132031,2024-01-31,충청남도,천안시 동남구,광덕면,원덕리,285,155,130,287,153,134,2,-2,4
4413133021,2024-01-31,충청남도,천안시 동남구,북면,연춘리,679,360,319,667,351,316,-12,-9,-3
4413133022,2024-01-31,충청남도,천안시 동남구,북면,상동리,1440,759,681,1435,758,677,-5,-1,-4
4413133023,2024-01-31,충청남도,천안시 동남구,북면,은지리,235,118,117,238,120,118,3,2,1
4413133024,2024-01-31,충청남도,천안시 동남구,북면,용암리,344,172,172,346,173,173,2,1,1
4413133025,2024-01-31,충청남도,천안시 동남구,북면,매송리,261,131,130,260,130,130,-1,-1,0
4413133026,2024-01-31,충청남도,천안시 동남구,북면,명덕리,118,63,55,118,64,54,0,1,-1
4413133027,2024-01-31,충청남도,천안시 동남구,북면,오곡리,218,110,108,219,110,109,1,0,1
4413133028,2024-01-31,충청남도,천안시 동남구,북면,사담리,182,91,91,181,91,90,-1,0,-1
4413133029,2024-01-31,충청남도,천안시 동남구,북면,전곡리,105,60,45,105,60,45,0,0,0
4413133030,2024-01-31,충청남도,천안시 동남구,북면,양곡리,176,103,73,178,104,74,2,1,1
4413133031,2024-01-31,충청남도,천안시 동남구,북면,납안리,223,120,103,222,119,103,-1,-1,0
4413133032,2024-01-31,충청남도,천안시 동남구,북면,운용리,119,64,55,119,64,55,0,0,0
4413133033,2024-01-31,충청남도,천안시 동남구,북면,대평리,191,102,89,191,103,88,0,1,-1
4413134021,2024-01-31,충청남도,천안시 동남구,성남면,신덕리,317,151,166,316,152,164,-1,1,-2
4413134022,2024-01-31,충청남도,천안시 동남구,성남면,봉양리,350,174,176,347,173,174,-3,-1,-2
4413134023,2024-01-31,충청남도,천안시 동남구,성남면,대흥리,227,130,97,232,132,100,5,2,3
4413134024,2024-01-31,충청남도,천안시 동남구,성남면,대정리,221,112,109,218,110,108,-3,-2,-1
4413134025,2024-01-31,충청남도,천안시 동남구,성남면,석곡리,494,259,235,490,257,233,-4,-2,-2
4413134026,2024-01-31,충청남도,천안시 동남구,성남면,용원리,301,163,138,304,166,138,3,3,0
4413134027,2024-01-31,충청남도,천안시 동남구,성남면,신사리,623,339,284,620,338,282,-3,-1,-2
4413134028,2024-01-31,충청남도,천안시 동남구,성남면,대화리,170,77,93,168,75,93,-2,-2,0
4413134029,2024-01-31,충청남도,천안시 동남구,성남면,화성리,242,133,109,243,134,109,1,1,0
4413135021,2024-01-31,충청남도,천안시 동남구,수신면,속창리,409,223,186,409,222,187,0,-1,1
4413135022,2024-01-31,충청남도,천안시 동남구,수신면,신풍리,381,230,151,375,225,150,-6,-5,-1
4413135023,2024-01-31,충청남도,천안시 동남구,수신면,해정리,241,136,105,240,135,105,-1,-1,0
4413135024,2024-01-31,충청남도,천안시 동남구,수신면,백자리,289,158,131,292,158,134,3,0,3
4413135025,2024-01-31,충청남도,천안시 동남구,수신면,발산리,372,209,163,376,212,164,4,3,1
4413135026,2024-01-31,충청남도,천안시 동남구,수신면,장산리,469,250,219,468,249,219,-1,-1,0
4413136021,2024-01-31,충청남도,천안시 동남구,병천면,가전리,2156,1290,866,2138,1287,851,-18,-3,-15
4413136022,2024-01-31,충청남도,천안시 동남구,병천면,병천리,1670,867,803,1668,868,800,-2,1,-3
4413136023,2024-01-31,충청남도,천안시 동남구,병천면,탑원리,804,429,375,797,422,375,-7,-7,0
4413136024,2024-01-31,충청남도,천안시 동남구,병천면,도원리,373,195,178,364,189,175,-9,-6,-3
4413136025,2024-01-31,충청남도,천안시 동남구,병천면,매성리,256,129,127,256,125,131,0,-4,4
4413136026,2024-01-31,충청남도,천안시 동남구,병천면,관성리,266,134,132,265,133,132,-1,-1,0
4413136027,2024-01-31,충청남도,천안시 동남구,병천면,봉항리,282,130,152,280,129,151,-2,-1,-1
4413136028,2024-01-31,충청남도,천안시 동남구,병천면,용두리,213,107,106,214,108,106,1,1,0
4413136029,2024-01-31,충청남도,천안시 동남구,병천면,송정리,174,95,79,170,94,76,-4,-1,-3
4413137021,2024-01-31,충청남도,천안시 동남구,동면,구도리,139,84,55,138,84,54,-1,0,-1
4413137022,2024-01-31,충청남도,천안시 동남구,동면,송연리,139,79,60,139,79,60,0,0,0
4413137023,2024-01-31,충청남도,천안시 동남구,동면,화계리,198,110,88,201,111,90,3,1,2
4413137024,2024-01-31,충청남도,천안시 동남구,동면,광덕리,128,73,55,128,73,55,0,0,0
4413137025,2024-01-31,충청남도,천안시 동남구,동면,동산리,394,211,183,393,211,182,-1,0,-1
4413137026,2024-01-31,충청남도,천안시 동남구,동면,행암리,82,43,39,81,42,39,-1,-1,0
4413137027,2024-01-31,충청남도,천안시 동남구,동면,덕성리,200,106,94,203,107,96,3,1,2
4413137028,2024-01-31,충청남도,천안시 동남구,동면,죽계리,144,78,66,143,77,66,-1,-1,0
4413137029,2024-01-31,충청남도,천안시 동남구,동면,장송리,193,103,90,192,102,90,-1,-1,0
4413137030,2024-01-31,충청남도,천안시 동남구,동면,수남리,208,111,97,207,112,95,-1,1,-2
4413137031,2024-01-31,충청남도,천안시 동남구,동면,화덕리,163,89,74,162,88,74,-1,-1,0
4413310100,2024-01-31,충청남도,천안시 서북구,와촌동,와촌동,4427,2240,2187,4415,2232,2183,-12,-8,-4
4413310200,2024-01-31,충청남도,천안시 서북구,성정동,성정동,38338,20949,17389,38142,20850,17292,-196,-99,-97
4413310300,2024-01-31,충청남도,천안시 서북구,백석동,백석동,39312,19783,19529,39191,19744,19447,-121,-39,-82
4413310400,2024-01-31,충청남도,천안시 서북구,두정동,두정동,71590,37715,33875,71296,37579,33717,-294,-136,-158
4413310500,2024-01-31,충청남도,천안시 서북구,성성동,성성동,20308,10363,9945,20376,10394,9982,68,31,37
4413310600,2024-01-31,충청남도,천안시 서북구,차암동,차암동,12882,6766,6116,12807,6723,6084,-75,-43,-32
4413310700,2024-01-31,충청남도,천안시 서북구,쌍용동,쌍용동,66560,32643,33917,66254,32484,33770,-306,-159,-147
4413310800,2024-01-31,충청남도,천안시 서북구,불당동,불당동,69055,34597,34458,69020,34615,34405,-35,18,-53
4413310900,2024-01-31,충청남도,천안시 서북구,업성동,업성동,695,370,325,686,365,321,-9,-5,-4
4413311000,2024-01-31,충청남도,천안시 서북구,신당동,신당동,3549,1868,1681,3518,1859,1659,-31,-9,-22
4413311100,2024-01-31,충청남도,천안시 서북구,부대동,부대동,1367,763,604,1485,829,656,118,66,52
4413325021,2024-01-31,충청남도,천안시 서북구,성환읍,성환리,4523,2383,2140,4505,2375,2130,-18,-8,-10
4413325022,2024-01-31,충청남도,천안시 서북구,성환읍,성월리,2522,1328,1194,2486,1311,1175,-36,-17,-19
4413325023,2024-01-31,충청남도,천안시 서북구,성환읍,매주리,7437,3745,3692,7390,3721,3669,-47,-24,-23
4413325024,2024-01-31,충청남도,천안시 서북구,성환읍,율금리,3118,1662,1456,3105,1653,1452,-13,-9,-4
4413325025,2024-01-31,충청남도,천안시 서북구,성환읍,왕림리,354,194,160,353,193,160,-1,-1,0
4413325026,2024-01-31,충청남도,천안시 서북구,성환읍,신방리,351,191,160,346,188,158,-5,-3,-2
4413325027,2024-01-31,충청남도,천안시 서북구,성환읍,송덕리,502,260,242,498,257,241,-4,-3,-1
4413325028,2024-01-31,충청남도,천안시 서북구,성환읍,우신리,451,232,219,450,231,219,-1,-1,0
4413325029,2024-01-31,충청남도,천안시 서북구,성환읍,어룡리,132,70,62,132,70,62,0,0,0
4413325030,2024-01-31,충청남도,천안시 서북구,성환읍,복모리,39,24,15,39,24,15,0,0,0
4413325031,2024-01-31,충청남도,천안시 서북구,성환읍,신가리,186,98,88,185,97,88,-1,-1,0
4413325032,2024-01-31,충청남도,천안시 서북구,성환읍,와룡리,277,147,130,279,149,130,2,2,0
4413325034,2024-01-31,충청남도,천안시 서북구,성환읍,대홍리,730,392,338,727,390,337,-3,-2,-1
4413325035,2024-01-31,충청남도,천안시 서북구,성환읍,수향리,741,384,357,737,382,355,-4,-2,-2
4413325036,2024-01-31,충청남도,천안시 서북구,성환읍,안궁리,885,479,406,879,475,404,-6,-4,-2
4413325037,2024-01-31,충청남도,천안시 서북구,성환읍,양령리,279,142,137,276,142,134,-3,0,-3
4413325038,2024-01-31,충청남도,천안시 서북구,성환읍,도하리,346,196,150,344,194,150,-2,-2,0
4413325321,2024-01-31,충청남도,천안시 서북구,성거읍,송남리,3276,1705,1571,3313,1725,1588,37,20,17
4413325322,2024-01-31,충청남도,천안시 서북구,성거읍,천흥리,3028,1648,1380,3033,1652,1381,5,4,1
4413325323,2024-01-31,충청남도,천안시 서북구,성거읍,오목리,310,190,120,302,183,119,-8,-7,-1
4413325324,2024-01-31,충청남도,천안시 서북구,성거읍,오색당리,129,61,68,132,64,68,3,3,0
4413325325,2024-01-31,충청남도,천안시 서북구,성거읍,저리,3709,1948,1761,3690,1936,1754,-19,-12,-7
4413325326,2024-01-31,충청남도,천안시 서북구,성거읍,모전리,368,198,170,363,196,167,-5,-2,-3
4413325327,2024-01-31,충청남도,천안시 서북구,성거읍,삼곡리,143,71,72,143,72,71,0,1,-1
4413325328,2024-01-31,충청남도,천안시 서북구,성거읍,정촌리,118,62,56,117,61,56,-1,-1,0
4413325329,2024-01-31,충청남도,천안시 서북구,성거읍,문덕리,1177,622,555,1161,617,544,-16,-5,-11
4413325330,2024-01-31,충청남도,천안시 서북구,성거읍,석교리,654,370,284,657,376,281,3,6,-3
4413325331,2024-01-31,충청남도,천안시 서북구,성거읍,요방리,1349,796,553,1297,755,542,-52,-41,-11
4413325332,2024-01-31,충청남도,천안시 서북구,성거읍,소우리,384,195,189,387,197,190,3,2,1
4413325333,2024-01-31,충청남도,천안시 서북구,성거읍,신월리,6080,3114,2966,6048,3098,2950,-32,-16,-16
4413325621,2024-01-31,충청남도,천안시 서북구,직산읍,군동리,695,376,319,687,373,314,-8,-3,-5
4413325622,2024-01-31,충청남도,천안시 서북구,직산읍,군서리,984,536,448,979,536,443,-5,0,-5
4413325623,2024-01-31,충청남도,천안시 서북구,직산읍,남산리,258,134,124,256,132,124,-2,-2,0
4413325624,2024-01-31,충청남도,천안시 서북구,직산읍,판정리,399,230,169,400,231,169,1,1,0
4413325625,2024-01-31,충청남도,천안시 서북구,직산읍,수헐리,1722,882,840,1705,879,826,-17,-3,-14
4413325626,2024-01-31,충청남도,천안시 서북구,직산읍,삼은리,9161,4855,4306,9183,4874,4309,22,19,3
4413325627,2024-01-31,충청남도,천안시 서북구,직산읍,상덕리,1187,640,547,1187,639,548,0,-1,1
4413325628,2024-01-31,충청남도,천안시 서북구,직산읍,부송리,1192,632,560,1191,630,561,-1,-2,1
4413325629,2024-01-31,충청남도,천안시 서북구,직산읍,모시리,2697,1703,994,2678,1694,984,-19,-9,-10
4413325630,2024-01-31,충청남도,천안시 서북구,직산읍,자은가리,186,102,84,184,101,83,-2,-1,-1
4413325631,2024-01-31,충청남도,천안시 서북구,직산읍,양당리,362,196,166,361,197,164,-1,1,-2
4413325632,2024-01-31,충청남도,천안시 서북구,직산읍,신갈리,114,82,32,116,84,32,2,2,0
4413325633,2024-01-31,충청남도,천안시 서북구,직산읍,마정리,367,213,154,367,213,154,0,0,0
4413325634,2024-01-31,충청남도,천안시 서북구,직산읍,석곡리,166,86,80,162,85,77,-4,-1,-3
4413331021,2024-01-31,충청남도,천안시 서북구,입장면,하장리,2011,1076,935,1991,1071,920,-20,-5,-15
4413331022,2024-01-31,충청남도,천안시 서북구,입장면,상장리,112,61,51,112,62,50,0,1,-1
4413331023,2024-01-31,충청남도,천안시 서북구,입장면,기로리,479,261,218,484,261,223,5,0,5
4413331024,2024-01-31,충청남도,천안시 서북구,입장면,도림리,1171,688,483,1173,687,486,2,-1,3
4413331025,2024-01-31,충청남도,천안시 서북구,입장면,양대리,202,109,93,199,107,92,-3,-2,-1
4413331026,2024-01-31,충청남도,천안시 서북구,입장면,홍천리,357,189,168,354,187,167,-3,-2,-1
4413331027,2024-01-31,충청남도,천안시 서북구,입장면,호당리,232,133,99,234,133,101,2,0,2
4413331028,2024-01-31,충청남도,천안시 서북구,입장면,시장리,429,217,212,432,218,214,3,1,2
4413331029,2024-01-31,충청남도,천안시 서북구,입장면,효계리,289,157,132,288,156,132,-1,-1,0
4413331030,2024-01-31,충청남도,천안시 서북구,입장면,신덕리,826,451,375,823,447,376,-3,-4,1
4413331031,2024-01-31,충청남도,천안시 서북구,입장면,신두리,326,169,157,321,167,154,-5,-2,-3
4413331032,2024-01-31,충청남도,천안시 서북구,입장면,용정리,189,99,90,189,99,90,0,0,0
4413331033,2024-01-31,충청남도,천안시 서북구,입장면,흑암리,79,45,34,80,45,35,1,0,1
4413331034,2024-01-31,충청남도,천안시 서북구,입장면,산정리,139,73,66,140,73,67,1,0,1
4413331035,2024-01-31,충청남도,천안시 서북구,입장면,연곡리,228,119,109,228,119,109,0,0,0
4413331036,2024-01-31,충청남도,천안시 서북구,입장면,가산리,263,143,120,264,143,121,1,0,1
4413331037,2024-01-31,충청남도,천안시 서북구,입장면,유리,464,250,214,463,249,214,-1,-1,0
4413331038,2024-01-31,충청남도,천안시 서북구,입장면,독정리,301,176,125,298,173,125,-3,-3,0
4415010100,2024-01-31,충청남도,공주시,반죽동,반죽동,788,389,399,802,397,405,14,8,6
4415010200,2024-01-31,충청남도,공주시,봉황동,봉황동,1108,590,518,1102,590,512,-6,0,-6
4415010300,2024-01-31,충청남도,공주시,중학동,중학동,1355,687,668,1345,675,670,-10,-12,2
4415010400,2024-01-31,충청남도,공주시,중동,중동,1069,530,539,1057,522,535,-12,-8,-4
4415010500,2024-01-31,충청남도,공주시,산성동,산성동,1360,645,715,1350,643,707,-10,-2,-8
4415010600,2024-01-31,충청남도,공주시,교동,교동,2609,1253,1356,2597,1252,1345,-12,-1,-11
4415010700,2024-01-31,충청남도,공주시,웅진동,웅진동,2639,1275,1364,2606,1258,1348,-33,-17,-16
4415010800,2024-01-31,충청남도,공주시,금성동,금성동,1067,559,508,1045,539,506,-22,-20,-2
4415010900,2024-01-31,충청남도,공주시,옥룡동,옥룡동,6010,2928,3082,5978,2914,3064,-32,-14,-18
4415011000,2024-01-31,충청남도,공주시,금학동,금학동,3819,1756,2063,3756,1736,2020,-63,-20,-43
4415011100,2024-01-31,충청남도,공주시,봉정동,봉정동,406,224,182,408,224,184,2,0,2
4415011200,2024-01-31,충청남도,공주시,주미동,주미동,210,112,98,217,116,101,7,4,3
4415011300,2024-01-31,충청남도,공주시,태봉동,태봉동,310,180,130,310,179,131,0,-1,1
4415011400,2024-01-31,충청남도,공주시,오곡동,오곡동,306,166,140,314,170,144,8,4,4
4415011500,2024-01-31,충청남도,공주시,신기동,신기동,408,195,213,409,195,214,1,0,1
4415011600,2024-01-31,충청남도,공주시,소학동,소학동,468,248,220,465,248,217,-3,0,-3
4415011700,2024-01-31,충청남도,공주시,상왕동,상왕동,433,225,208,428,225,203,-5,0,-5
4415011800,2024-01-31,충청남도,공주시,무릉동,무릉동,185,101,84,180,98,82,-5,-3,-2
4415011900,2024-01-31,충청남도,공주시,월송동,월송동,3985,1963,2022,4441,2188,2253,456,225,231
4415012000,2024-01-31,충청남도,공주시,신관동,신관동,23178,11119,12059,22916,11008,11908,-262,-111,-151
4415012100,2024-01-31,충청남도,공주시,금흥동,금흥동,6896,3391,3505,6872,3382,3490,-24,-9,-15
4415012200,2024-01-31,충청남도,공주시,쌍신동,쌍신동,220,115,105,218,114,104,-2,-1,-1
4415012300,2024-01-31,충청남도,공주시,월미동,월미동,231,122,109,229,119,110,-2,-3,1
4415012400,2024-01-31,충청남도,공주시,검상동,검상동,211,108,103,210,108,102,-1,0,-1
4415012500,2024-01-31,충청남도,공주시,석장리동,석장리동,135,73,62,133,73,60,-2,0,-2
4415012600,2024-01-31,충청남도,공주시,송선동,송선동,414,226,188,414,225,189,0,-1,1
4415012700,2024-01-31,충청남도,공주시,동현동,동현동,285,155,130,283,154,129,-2,-1,-1
4415025021,2024-01-31,충청남도,공주시,유구읍,백교리,696,357,339,686,345,341,-10,-12,2
4415025022,2024-01-31,충청남도,공주시,유구읍,노동리,54,23,31,54,23,31,0,0,0
4415025023,2024-01-31,충청남도,공주시,유구읍,석남리,1933,961,972,1906,948,958,-27,-13,-14
4415025024,2024-01-31,충청남도,공주시,유구읍,유구리,1200,586,614,1196,582,614,-4,-4,0
4415025025,2024-01-31,충청남도,공주시,유구읍,녹천리,643,328,315,644,327,317,1,-1,2
4415025026,2024-01-31,충청남도,공주시,유구읍,신영리,271,143,128,268,143,125,-3,0,-3
4415025027,2024-01-31,충청남도,공주시,유구읍,신달리,231,117,114,230,116,114,-1,-1,0
4415025028,2024-01-31,충청남도,공주시,유구읍,입석리,170,87,83,171,88,83,1,1,0
4415025029,2024-01-31,충청남도,공주시,유구읍,명곡리,156,77,79,155,76,79,-1,-1,0
4415025030,2024-01-31,충청남도,공주시,유구읍,구계리,141,67,74,139,66,73,-2,-1,-1
4415025031,2024-01-31,충청남도,공주시,유구읍,연종리,53,27,26,53,27,26,0,0,0
4415025032,2024-01-31,충청남도,공주시,유구읍,세동리,60,23,37,60,23,37,0,0,0
4415025033,2024-01-31,충청남도,공주시,유구읍,추계리,261,130,131,262,131,131,1,1,0
4415025034,2024-01-31,충청남도,공주시,유구읍,덕곡리,125,71,54,125,71,54,0,0,0
4415025035,2024-01-31,충청남도,공주시,유구읍,문금리,416,228,188,416,228,188,0,0,0
4415025036,2024-01-31,충청남도,공주시,유구읍,탑곡리,126,63,63,127,62,65,1,-1,2
4415025037,2024-01-31,충청남도,공주시,유구읍,동해리,144,78,66,140,77,63,-4,-1,-3
4415025038,2024-01-31,충청남도,공주시,유구읍,만천리,281,144,137,279,142,137,-2,-2,0
4415031021,2024-01-31,충청남도,공주시,이인면,이인리,471,232,239,467,229,238,-4,-3,-1
4415031022,2024-01-31,충청남도,공주시,이인면,만수리,156,84,72,156,83,73,0,-1,1
4415031023,2024-01-31,충청남도,공주시,이인면,오룡리,119,57,62,118,56,62,-1,-1,0
4415031024,2024-01-31,충청남도,공주시,이인면,신흥리,156,84,72,156,83,73,0,-1,1
4415031025,2024-01-31,충청남도,공주시,이인면,주봉리,256,115,141,257,114,143,1,-1,2
4415031026,2024-01-31,충청남도,공주시,이인면,목동리,220,104,116,219,104,115,-1,0,-1
4415031027,2024-01-31,충청남도,공주시,이인면,발양리,176,89,87,170,87,83,-6,-2,-4
4415031028,2024-01-31,충청남도,공주시,이인면,초봉리,261,139,122,261,139,122,0,0,0
4415031029,2024-01-31,충청남도,공주시,이인면,용성리,203,101,102,202,100,102,-1,-1,0
4415031030,2024-01-31,충청남도,공주시,이인면,구암리,270,150,120,267,149,118,-3,-1,-2
4415031031,2024-01-31,충청남도,공주시,이인면,달산리,141,80,61,140,79,61,-1,-1,0
4415031032,2024-01-31,충청남도,공주시,이인면,산의리,105,59,46,104,59,45,-1,0,-1
4415031033,2024-01-31,충청남도,공주시,이인면,복룡리,150,81,69,149,80,69,-1,-1,0
4415031034,2024-01-31,충청남도,공주시,이인면,반송리,114,67,47,113,66,47,-1,-1,0
4415031035,2024-01-31,충청남도,공주시,이인면,이곡리,32,17,15,32,17,15,0,0,0
4415031036,2024-01-31,충청남도,공주시,이인면,운암리,56,27,29,55,26,29,-1,-1,0
4415031037,2024-01-31,충청남도,공주시,이인면,신영리,177,92,85,178,92,86,1,0,1
4415032021,2024-01-31,충청남도,공주시,탄천면,삼각리,365,175,190,364,174,190,-1,-1,0
4415032022,2024-01-31,충청남도,공주시,탄천면,광명리,122,68,54,121,68,53,-1,0,-1
4415032023,2024-01-31,충청남도,공주시,탄천면,장선리,221,109,112,224,112,112,3,3,0
4415032024,2024-01-31,충청남도,공주시,탄천면,안영리,181,118,63,186,123,63,5,5,0
4415032025,2024-01-31,충청남도,공주시,탄천면,덕지리,196,94,102,197,93,104,1,-1,2
4415032026,2024-01-31,충청남도,공주시,탄천면,화정리,108,54,54,108,54,54,0,0,0
4415032027,2024-01-31,충청남도,공주시,탄천면,남산리,259,129,130,261,130,131,2,1,1
4415032028,2024-01-31,충청남도,공주시,탄천면,가척리,173,93,80,172,93,79,-1,0,-1
4415032029,2024-01-31,충청남도,공주시,탄천면,정치리,104,54,50,105,54,51,1,0,1
4415032030,2024-01-31,충청남도,공주시,탄천면,성리,70,35,35,70,34,36,0,-1,1
4415032031,2024-01-31,충청남도,공주시,탄천면,송학리,265,130,135,262,129,133,-3,-1,-2
4415032032,2024-01-31,충청남도,공주시,탄천면,분강리,188,112,76,187,112,75,-1,0,-1
4415032033,2024-01-31,충청남도,공주시,탄천면,유하리,59,31,28,59,31,28,0,0,0
4415032034,2024-01-31,충청남도,공주시,탄천면,국동리,89,41,48,88,41,47,-1,0,-1
4415032035,2024-01-31,충청남도,공주시,탄천면,운곡리,62,32,30,62,32,30,0,0,0
4415032036,2024-01-31,충청남도,공주시,탄천면,견동리,135,68,67,136,68,68,1,0,1
4415032037,2024-01-31,충청남도,공주시,탄천면,대학리,191,98,93,190,98,92,-1,0,-1
4415033021,2024-01-31,충청남도,공주시,계룡면,기산리,346,166,180,342,164,178,-4,-2,-2
4415033022,2024-01-31,충청남도,공주시,계룡면,월암리,469,238,231,466,239,227,-3,1,-4
4415033023,2024-01-31,충청남도,공주시,계룡면,봉명리,186,98,88,186,97,89,0,-1,1
4415033024,2024-01-31,충청남도,공주시,계룡면,화은리,337,167,170,339,167,172,2,0,2
4415033025,2024-01-31,충청남도,공주시,계룡면,내흥리,332,175,157,333,177,156,1,2,-1
4415033026,2024-01-31,충청남도,공주시,계룡면,구왕리,258,135,123,250,131,119,-8,-4,-4
4415033027,2024-01-31,충청남도,공주시,계룡면,중장리,712,372,340,710,372,338,-2,0,-2
4415033028,2024-01-31,충청남도,공주시,계룡면,하대리,524,263,261,525,263,262,1,0,1
4415033029,2024-01-31,충청남도,공주시,계룡면,양화리,427,215,212,424,214,210,-3,-1,-2
4415033030,2024-01-31,충청남도,공주시,계룡면,경천리,498,241,257,498,241,257,0,0,0
4415033031,2024-01-31,충청남도,공주시,계룡면,화헌리,186,94,92,187,95,92,1,1,0
4415033032,2024-01-31,충청남도,공주시,계룡면,금대리,183,107,76,179,104,75,-4,-3,-1
4415033033,2024-01-31,충청남도,공주시,계룡면,상성리,133,73,60,133,74,59,0,1,-1
4415033034,2024-01-31,충청남도,공주시,계룡면,월곡리,128,67,61,127,68,59,-1,1,-2
4415033035,2024-01-31,충청남도,공주시,계룡면,죽곡리,123,65,58,126,67,59,3,2,1
4415033036,2024-01-31,충청남도,공주시,계룡면,향지리,124,62,62,129,65,64,5,3,2
4415033037,2024-01-31,충청남도,공주시,계룡면,유평리,256,139,117,254,137,117,-2,-2,0
4415034021,2024-01-31,충청남도,공주시,반포면,공암리,726,376,350,727,374,353,1,-2,3
4415034023,2024-01-31,충청남도,공주시,반포면,송곡리,424,232,192,420,231,189,-4,-1,-3
4415034028,2024-01-31,충청남도,공주시,반포면,마암리,504,269,235,500,266,234,-4,-3,-1
4415034029,2024-01-31,충청남도,공주시,반포면,봉곡리,797,418,379,794,415,379,-3,-3,0
4415034030,2024-01-31,충청남도,공주시,반포면,상신리,342,190,152,338,189,149,-4,-1,-3
4415034031,2024-01-31,충청남도,공주시,반포면,하신리,241,119,122,239,119,120,-2,0,-2
4415034032,2024-01-31,충청남도,공주시,반포면,온천리,273,149,124,264,145,119,-9,-4,-5
4415034033,2024-01-31,충청남도,공주시,반포면,학봉리,822,422,400,826,422,404,4,0,4
4415036021,2024-01-31,충청남도,공주시,의당면,월곡리,260,141,119,262,144,118,2,3,-1
4415036022,2024-01-31,충청남도,공주시,의당면,두만리,98,54,44,98,54,44,0,0,0
4415036023,2024-01-31,충청남도,공주시,의당면,오인리,190,110,80,192,111,81,2,1,1
4415036024,2024-01-31,충청남도,공주시,의당면,수촌리,400,196,204,399,197,202,-1,1,-2
4415036025,2024-01-31,충청남도,공주시,의당면,율정리,246,127,119,250,130,120,4,3,1
4415036026,2024-01-31,충청남도,공주시,의당면,청룡리,2152,1129,1023,2142,1127,1015,-10,-2,-8
4415036027,2024-01-31,충청남도,공주시,의당면,유계리,296,176,120,288,170,118,-8,-6,-2
4415036033,2024-01-31,충청남도,공주시,의당면,가산리,110,55,55,111,55,56,1,0,1
4415036034,2024-01-31,충청남도,공주시,의당면,중흥리,156,83,73,157,84,73,1,1,0
4415036035,2024-01-31,충청남도,공주시,의당면,도신리,150,80,70,148,79,69,-2,-1,-1
4415036036,2024-01-31,충청남도,공주시,의당면,덕학리,219,119,100,218,119,99,-1,0,-1
4415036037,2024-01-31,충청남도,공주시,의당면,요룡리,141,64,77,141,64,77,0,0,0
4415037021,2024-01-31,충청남도,공주시,정안면,광정리,570,374,196,565,369,196,-5,-5,0
4415037022,2024-01-31,충청남도,공주시,정안면,상룡리,175,94,81,175,95,80,0,1,-1
4415037023,2024-01-31,충청남도,공주시,정안면,화봉리,287,159,128,285,159,126,-2,0,-2
4415037024,2024-01-31,충청남도,공주시,정안면,평정리,216,108,108,214,108,106,-2,0,-2
4415037025,2024-01-31,충청남도,공주시,정안면,북계리,231,124,107,230,125,105,-1,1,-2
4415037026,2024-01-31,충청남도,공주시,정안면,석송리,154,90,64,152,89,63,-2,-1,-1
4415037027,2024-01-31,충청남도,공주시,정안면,전평리,128,64,64,128,64,64,0,0,0
4415037028,2024-01-31,충청남도,공주시,정안면,쌍달리,91,51,40,92,51,41,1,0,1
4415037029,2024-01-31,충청남도,공주시,정안면,고성리,176,90,86,179,92,87,3,2,1
4415037030,2024-01-31,충청남도,공주시,정안면,운궁리,214,97,117,212,97,115,-2,0,-2
4415037031,2024-01-31,충청남도,공주시,정안면,장원리,220,122,98,223,125,98,3,3,0
4415037032,2024-01-31,충청남도,공주시,정안면,보물리,143,79,64,144,80,64,1,1,0
4415037033,2024-01-31,충청남도,공주시,정안면,어물리,164,83,81,164,83,81,0,0,0
4415037034,2024-01-31,충청남도,공주시,정안면,내촌리,147,74,73,139,69,70,-8,-5,-3
4415037035,2024-01-31,충청남도,공주시,정안면,사현리,313,171,142,310,168,142,-3,-3,0
4415037036,2024-01-31,충청남도,공주시,정안면,인풍리,224,117,107,220,116,104,-4,-1,-3
4415037037,2024-01-31,충청남도,공주시,정안면,태성리,101,50,51,101,51,50,0,1,-1
4415037038,2024-01-31,충청남도,공주시,정안면,대산리,397,198,199,394,198,196,-3,0,-3
4415037039,2024-01-31,충청남도,공주시,정안면,월산리,334,180,154,332,178,154,-2,-2,0
4415037040,2024-01-31,충청남도,공주시,정안면,문천리,153,74,79,151,74,77,-2,0,-2
4415037041,2024-01-31,충청남도,공주시,정안면,내문리,129,67,62,131,68,63,2,1,1
4415037042,2024-01-31,충청남도,공주시,정안면,산성리,70,37,33,70,37,33,0,0,0
4415038021,2024-01-31,충청남도,공주시,우성면,동대리,335,167,168,331,165,166,-4,-2,-2
4415038022,2024-01-31,충청남도,공주시,우성면,단지리,233,118,115,234,119,115,1,1,0
4415038023,2024-01-31,충청남도,공주시,우성면,방문리,277,149,128,279,152,127,2,3,-1
4415038024,2024-01-31,충청남도,공주시,우성면,상서리,568,310,258,565,309,256,-3,-1,-2
4415038025,2024-01-31,충청남도,공주시,우성면,평목리,60,30,30,57,29,28,-3,-1,-2
4415038026,2024-01-31,충청남도,공주시,우성면,도천리,230,125,105,225,123,102,-5,-2,-3
4415038027,2024-01-31,충청남도,공주시,우성면,신웅리,195,99,96,193,97,96,-2,-2,0
4415038028,2024-01-31,충청남도,공주시,우성면,내산리,289,161,128,288,161,127,-1,0,-1
4415038029,2024-01-31,충청남도,공주시,우성면,한천리,233,132,101,231,130,101,-2,-2,0
4415038030,2024-01-31,충청남도,공주시,우성면,동곡리,93,48,45,93,49,44,0,1,-1
4415038031,2024-01-31,충청남도,공주시,우성면,반촌리,149,79,70,144,77,67,-5,-2,-3
4415038032,2024-01-31,충청남도,공주시,우성면,귀산리,234,113,121,235,113,122,1,0,1
4415038033,2024-01-31,충청남도,공주시,우성면,목천리,456,254,202,458,255,203,2,1,1
4415038034,2024-01-31,충청남도,공주시,우성면,방흥리,212,102,110,212,102,110,0,0,0
4415038035,2024-01-31,충청남도,공주시,우성면,보흥리,258,130,128,258,130,128,0,0,0
4415038036,2024-01-31,충청남도,공주시,우성면,대성리,260,136,124,261,137,124,1,1,0
4415038037,2024-01-31,충청남도,공주시,우성면,안양리,71,41,30,71,41,30,0,0,0
4415038038,2024-01-31,충청남도,공주시,우성면,용봉리,298,147,151,296,145,151,-2,-2,0
4415038039,2024-01-31,충청남도,공주시,우성면,봉현리,131,66,65,128,65,63,-3,-1,-2
4415038040,2024-01-31,충청남도,공주시,우성면,어천리,79,43,36,78,42,36,-1,-1,0
4415038041,2024-01-31,충청남도,공주시,우성면,죽당리,77,36,41,77,35,42,0,-1,1
4415038042,2024-01-31,충청남도,공주시,우성면,오동리,47,26,21,47,26,21,0,0,0
4415038043,2024-01-31,충청남도,공주시,우성면,옥성리,161,89,72,160,89,71,-1,0,-1
4415039021,2024-01-31,충청남도,공주시,사곡면,호계리,440,212,228,438,211,227,-2,-1,-1
4415039022,2024-01-31,충청남도,공주시,사곡면,신영리,364,178,186,363,178,185,-1,0,-1
4415039023,2024-01-31,충청남도,공주시,사곡면,화월리,356,181,175,358,182,176,2,1,1
4415039024,2024-01-31,충청남도,공주시,사곡면,계실리,165,84,81,165,84,81,0,0,0
4415039025,2024-01-31,충청남도,공주시,사곡면,해월리,181,89,92,178,88,90,-3,-1,-2
4415039026,2024-01-31,충청남도,공주시,사곡면,고당리,157,84,73,154,81,73,-3,-3,0
4415039027,2024-01-31,충청남도,공주시,사곡면,대중리,85,42,43,84,41,43,-1,-1,0
4415039028,2024-01-31,충청남도,공주시,사곡면,가교리,250,130,120,249,130,119,-1,0,-1
4415039029,2024-01-31,충청남도,공주시,사곡면,운암리,311,159,152,314,161,153,3,2,1
4415039030,2024-01-31,충청남도,공주시,사곡면,회학리,83,45,38,85,46,39,2,1,1
4415039031,2024-01-31,충청남도,공주시,사곡면,월가리,172,86,86,172,86,86,0,0,0
4415039032,2024-01-31,충청남도,공주시,사곡면,유룡리,111,56,55,108,54,54,-3,-2,-1
4415039033,2024-01-31,충청남도,공주시,사곡면,부곡리,98,49,49,97,48,49,-1,-1,0
4415040021,2024-01-31,충청남도,공주시,신풍면,산정리,599,301,298,603,303,300,4,2,2
4415040022,2024-01-31,충청남도,공주시,신풍면,동원리,269,134,135,268,133,135,-1,-1,0
4415040023,2024-01-31,충청남도,공주시,신풍면,조평리,224,125,99,224,127,97,0,2,-2
4415040024,2024-01-31,충청남도,공주시,신풍면,봉갑리,477,66,411,474,68,406,-3,2,-5
4415040025,2024-01-31,충청남도,공주시,신풍면,용수리,85,37,48,86,37,49,1,0,1
4415040026,2024-01-31,충청남도,공주시,신풍면,쌍대리,129,65,64,128,64,64,-1,-1,0
4415040027,2024-01-31,충청남도,공주시,신풍면,청흥리,130,60,70,131,60,71,1,0,1
4415040028,2024-01-31,충청남도,공주시,신풍면,대룡리,183,105,78,182,105,77,-1,0,-1
4415040029,2024-01-31,충청남도,공주시,신풍면,입동리,140,74,66,139,74,65,-1,0,-1
4415040030,2024-01-31,충청남도,공주시,신풍면,백룡리,259,126,133,254,123,131,-5,-3,-2
4415040031,2024-01-31,충청남도,공주시,신풍면,선학리,136,67,69,134,68,66,-2,1,-3
4415040032,2024-01-31,충청남도,공주시,신풍면,영정리,175,89,86,176,90,86,1,1,0
4415040033,2024-01-31,충청남도,공주시,신풍면,평소리,148,69,79,145,68,77,-3,-1,-2
4415040034,2024-01-31,충청남도,공주시,신풍면,화흥리,108,57,51,111,58,53,3,1,2
4418010100,2024-01-31,충청남도,보령시,대천동,대천동,11994,6048,5946,11972,6039,5933,-22,-9,-13
4418010200,2024-01-31,충청남도,보령시,죽정동,죽정동,7340,3653,3687,7324,3642,3682,-16,-11,-5
4418010300,2024-01-31,충청남도,보령시,화산동,화산동,414,210,204,412,209,203,-2,-1,-1
4418010400,2024-01-31,충청남도,보령시,동대동,동대동,15325,7701,7624,15325,7696,7629,0,-5,5
4418010500,2024-01-31,충청남도,보령시,명천동,명천동,16048,7972,8076,16019,7949,8070,-29,-23,-6
4418010600,2024-01-31,충청남도,보령시,궁촌동,궁촌동,1749,881,868,1742,879,863,-7,-2,-5
4418010700,2024-01-31,충청남도,보령시,내항동,내항동,964,488,476,958,486,472,-6,-2,-4
4418010800,2024-01-31,충청남도,보령시,남곡동,남곡동,712,351,361,707,352,355,-5,1,-6
4418010900,2024-01-31,충청남도,보령시,요암동,요암동,531,275,256,526,274,252,-5,-1,-4
4418011000,2024-01-31,충청남도,보령시,신흑동,신흑동,3680,1923,1757,3656,1908,1748,-24,-15,-9
4418025021,2024-01-31,충청남도,보령시,웅천읍,대창리,2059,998,1061,2059,1000,1059,0,2,-2
4418025022,2024-01-31,충청남도,보령시,웅천읍,평리,200,99,101,199,99,100,-1,0,-1
4418025023,2024-01-31,충청남도,보령시,웅천읍,수부리,447,226,221,443,224,219,-4,-2,-2
4418025024,2024-01-31,충청남도,보령시,웅천읍,성동리,329,163,166,329,162,167,0,-1,1
4418025025,2024-01-31,충청남도,보령시,웅천읍,대천리,307,161,146,300,156,144,-7,-5,-2
4418025026,2024-01-31,충청남도,보령시,웅천읍,두룡리,274,142,132,271,141,130,-3,-1,-2
4418025027,2024-01-31,충청남도,보령시,웅천읍,구룡리,217,118,99,216,117,99,-1,-1,0
4418025028,2024-01-31,충청남도,보령시,웅천읍,관당리,752,397,355,756,400,356,4,3,1
4418025029,2024-01-31,충청남도,보령시,웅천읍,독산리,370,194,176,369,191,178,-1,-3,2
4418025030,2024-01-31,충청남도,보령시,웅천읍,소황리,98,53,45,98,53,45,0,0,0
4418025031,2024-01-31,충청남도,보령시,웅천읍,황교리,140,70,70,140,70,70,0,0,0
4418025032,2024-01-31,충청남도,보령시,웅천읍,죽청리,286,134,152,283,133,150,-3,-1,-2
4418025033,2024-01-31,충청남도,보령시,웅천읍,노천리,328,174,154,327,173,154,-1,-1,0
4418031021,2024-01-31,충청남도,보령시,주포면,보령리,397,190,207,397,189,208,0,-1,1
4418031022,2024-01-31,충청남도,보령시,주포면,마강리,226,106,120,227,106,121,1,0,1
4418031023,2024-01-31,충청남도,보령시,주포면,봉당리,359,178,181,364,181,183,5,3,2
4418031024,2024-01-31,충청남도,보령시,주포면,관산리,405,244,161,403,242,161,-2,-2,0
4418031025,2024-01-31,충청남도,보령시,주포면,연지리,187,103,84,183,100,83,-4,-3,-1
4418032021,2024-01-31,충청남도,보령시,오천면,소성리,684,385,299,681,384,297,-3,-1,-2
4418032022,2024-01-31,충청남도,보령시,오천면,영보리,282,151,131,284,151,133,2,0,2
4418032023,2024-01-31,충청남도,보령시,오천면,교성리,443,221,222,444,221,223,1,0,1
4418032024,2024-01-31,충청남도,보령시,오천면,갈현리,100,58,42,99,57,42,-1,-1,0
4418032025,2024-01-31,충청남도,보령시,오천면,오포리,385,195,190,384,195,189,-1,0,-1
4418032026,2024-01-31,충청남도,보령시,오천면,효자도리,264,142,122,264,142,122,0,0,0
4418032027,2024-01-31,충청남도,보령시,오천면,원산도리,907,488,419,911,486,425,4,-2,6
4418032028,2024-01-31,충청남도,보령시,오천면,삽시도리,814,438,376,813,435,378,-1,-3,2
4418032029,2024-01-31,충청남도,보령시,오천면,녹도리,394,207,187,395,207,188,1,0,1
4418032030,2024-01-31,충청남도,보령시,오천면,외연도리,337,195,142,337,197,140,0,2,-2
4418033021,2024-01-31,충청남도,보령시,천북면,하만리,685,358,327,675,353,322,-10,-5,-5
4418033022,2024-01-31,충청남도,보령시,천북면,학성리,553,300,253,553,298,255,0,-2,2
4418033023,2024-01-31,충청남도,보령시,천북면,사호리,333,194,139,330,192,138,-3,-2,-1
4418033024,2024-01-31,충청남도,보령시,천북면,장은리,433,219,214,429,218,211,-4,-1,-3
4418033025,2024-01-31,충청남도,보령시,천북면,궁포리,215,116,99,212,115,97,-3,-1,-2
4418033026,2024-01-31,충청남도,보령시,천북면,낙동리,625,324,301,621,320,301,-4,-4,0
4418033027,2024-01-31,충청남도,보령시,천북면,신덕리,195,94,101,194,93,101,-1,-1,0
4418033028,2024-01-31,충청남도,보령시,천북면,신죽리,238,118,120,233,115,118,-5,-3,-2
4418034021,2024-01-31,충청남도,보령시,청소면,진죽리,765,388,377,762,386,376,-3,-2,-1
4418034022,2024-01-31,충청남도,보령시,청소면,신송리,225,120,105,224,119,105,-1,-1,0
4418034023,2024-01-31,충청남도,보령시,청소면,재정리,188,88,100,186,86,100,-2,-2,0
4418034024,2024-01-31,충청남도,보령시,청소면,죽림리,393,203,190,391,202,189,-2,-1,-1
4418034025,2024-01-31,충청남도,보령시,청소면,성연리,213,106,107,212,106,106,-1,0,-1
4418034026,2024-01-31,충청남도,보령시,청소면,정전리,212,105,107,211,106,105,-1,1,-2
4418034027,2024-01-31,충청남도,보령시,청소면,야현리,219,112,107,218,112,106,-1,0,-1
4418034028,2024-01-31,충청남도,보령시,청소면,장곡리,234,116,118,235,117,118,1,1,0
4418035021,2024-01-31,충청남도,보령시,청라면,나원리,640,313,327,642,316,326,2,3,-1
4418035022,2024-01-31,충청남도,보령시,청라면,소양리,313,156,157,313,155,158,0,-1,1
4418035023,2024-01-31,충청남도,보령시,청라면,내현리,304,155,149,307,157,150,3,2,1
4418035024,2024-01-31,충청남도,보령시,청라면,의평리,600,315,285,597,312,285,-3,-3,0
4418035025,2024-01-31,충청남도,보령시,청라면,향천리,417,213,204,419,215,204,2,2,0
4418035026,2024-01-31,충청남도,보령시,청라면,장산리,265,131,134,264,131,133,-1,0,-1
4418035027,2024-01-31,충청남도,보령시,청라면,옥계리,184,94,90,183,92,91,-1,-2,1
4418035028,2024-01-31,충청남도,보령시,청라면,황룡리,326,159,167,323,159,164,-3,0,-3
4418035029,2024-01-31,충청남도,보령시,청라면,장현리,328,166,162,321,161,160,-7,-5,-2
4418035030,2024-01-31,충청남도,보령시,청라면,신산리,124,63,61,125,64,61,1,1,0
4418035031,2024-01-31,충청남도,보령시,청라면,음현리,75,35,40,76,36,40,1,1,0
4418036021,2024-01-31,충청남도,보령시,남포면,읍내리,201,98,103,200,97,103,-1,-1,0
4418036022,2024-01-31,충청남도,보령시,남포면,옥동리,118,61,57,116,60,56,-2,-1,-1
4418036023,2024-01-31,충청남도,보령시,남포면,창동리,731,353,378,735,357,378,4,4,0
4418036024,2024-01-31,충청남도,보령시,남포면,봉덕리,793,408,385,793,407,386,0,-1,1
4418036025,2024-01-31,충청남도,보령시,남포면,제석리,433,211,222,431,209,222,-2,-2,0
4418036026,2024-01-31,충청남도,보령시,남포면,삼현리,444,214,230,445,216,229,1,2,-1
4418036027,2024-01-31,충청남도,보령시,남포면,소송리,198,115,83,201,116,85,3,1,2
4418036028,2024-01-31,충청남도,보령시,남포면,옥서리,394,210,184,394,210,184,0,0,0
4418036029,2024-01-31,충청남도,보령시,남포면,달산리,396,202,194,395,201,194,-1,-1,0
4418036030,2024-01-31,충청남도,보령시,남포면,신흥리,233,98,135,231,98,133,-2,0,-2
4418036031,2024-01-31,충청남도,보령시,남포면,양항리,377,194,183,372,192,180,-5,-2,-3
4418036032,2024-01-31,충청남도,보령시,남포면,양기리,227,111,116,226,111,115,-1,0,-1
4418036033,2024-01-31,충청남도,보령시,남포면,월전리,292,155,137,292,155,137,0,0,0
4418038021,2024-01-31,충청남도,보령시,주산면,금암리,327,169,158,324,166,158,-3,-3,0
4418038022,2024-01-31,충청남도,보령시,주산면,야룡리,253,125,128,257,128,129,4,3,1
4418038023,2024-01-31,충청남도,보령시,주산면,주야리,233,120,113,233,119,114,0,-1,1
4418038024,2024-01-31,충청남도,보령시,주산면,신구리,181,85,96,185,88,97,4,3,1
4418038025,2024-01-31,충청남도,보령시,주산면,유곡리,159,90,69,160,90,70,1,0,1
4418038026,2024-01-31,충청남도,보령시,주산면,증산리,322,175,147,322,175,147,0,0,0
4418038027,2024-01-31,충청남도,보령시,주산면,창암리,214,102,112,213,100,113,-1,-2,1
4418038028,2024-01-31,충청남도,보령시,주산면,화평리,72,32,40,71,31,40,-1,-1,0
4418038029,2024-01-31,충청남도,보령시,주산면,동오리,148,65,83,155,68,87,7,3,4
4418038030,2024-01-31,충청남도,보령시,주산면,삼곡리,223,107,116,222,107,115,-1,0,-1
4418038031,2024-01-31,충청남도,보령시,주산면,황율리,135,73,62,135,73,62,0,0,0
4418039021,2024-01-31,충청남도,보령시,미산면,평라리,33,18,15,33,18,15,0,0,0
4418039022,2024-01-31,충청남도,보령시,미산면,도화담리,304,165,139,304,165,139,0,0,0
4418039023,2024-01-31,충청남도,보령시,미산면,풍계리,123,67,56,118,65,53,-5,-2,-3
4418039024,2024-01-31,충청남도,보령시,미산면,용수리,75,36,39,74,36,38,-1,0,-1
4418039025,2024-01-31,충청남도,보령시,미산면,늑전리,92,46,46,95,48,47,3,2,1
4418039026,2024-01-31,충청남도,보령시,미산면,도흥리,97,52,45,96,51,45,-1,-1,0
4418039027,2024-01-31,충청남도,보령시,미산면,봉성리,188,92,96,188,92,96,0,0,0
4418039028,2024-01-31,충청남도,보령시,미산면,옥현리,160,85,75,159,84,75,-1,-1,0
4418039029,2024-01-31,충청남도,보령시,미산면,은현리,98,50,48,97,48,49,-1,-2,1
4418039030,2024-01-31,충청남도,보령시,미산면,내평리,136,66,70,138,66,72,2,0,2
4418039031,2024-01-31,충청남도,보령시,미산면,삼계리,91,48,43,91,48,43,0,0,0
4418039032,2024-01-31,충청남도,보령시,미산면,대농리,97,51,46,98,51,47,1,0,1
4418039033,2024-01-31,충청남도,보령시,미산면,풍산리,84,42,42,84,43,41,0,1,-1
4418039034,2024-01-31,충청남도,보령시,미산면,남심리,82,42,40,79,40,39,-3,-2,-1
4418040021,2024-01-31,충청남도,보령시,성주면,성주리,1396,694,702,1387,689,698,-9,-5,-4
4418040022,2024-01-31,충청남도,보령시,성주면,개화리,603,304,299,597,303,294,-6,-1,-5
4418041021,2024-01-31,충청남도,보령시,주교면,주교리,939,490,449,938,489,449,-1,-1,0
4418041022,2024-01-31,충청남도,보령시,주교면,은포리,989,495,494,978,488,490,-11,-7,-4
4418041023,2024-01-31,충청남도,보령시,주교면,송학리,644,316,328,649,323,326,5,7,-2
4418041024,2024-01-31,충청남도,보령시,주교면,고정리,359,195,164,355,193,162,-4,-2,-2
4418041025,2024-01-31,충청남도,보령시,주교면,관창리,1001,552,449,999,548,451,-2,-4,2
4418041026,2024-01-31,충청남도,보령시,주교면,신대리,1027,522,505,1026,521,505,-1,-1,0
4420010100,2024-01-31,충청남도,아산시,온천동,온천동,18811,9998,8813,18790,10007,8783,-21,9,-30
4420010200,2024-01-31,충청남도,아산시,실옥동,실옥동,4779,2436,2343,4742,2419,2323,-37,-17,-20
4420010300,2024-01-31,충청남도,아산시,방축동,방축동,7363,3677,3686,7319,3642,3677,-44,-35,-9
4420010400,2024-01-31,충청남도,아산시,기산동,기산동,290,142,148,287,141,146,-3,-1,-2
4420010500,2024-01-31,충청남도,아산시,초사동,초사동,596,328,268,587,327,260,-9,-1,-8
4420010600,2024-01-31,충청남도,아산시,신인동,신인동,1200,614,586,1185,608,577,-15,-6,-9
4420010700,2024-01-31,충청남도,아산시,법곡동,법곡동,2520,1239,1281,2515,1236,1279,-5,-3,-2
4420010800,2024-01-31,충청남도,아산시,장존동,장존동,3348,1697,1651,3339,1688,1651,-9,-9,0
4420010900,2024-01-31,충청남도,아산시,좌부동,좌부동,3977,2040,1937,3994,2048,1946,17,8,9
4420011000,2024-01-31,충청남도,아산시,읍내동,읍내동,1624,802,822,1610,797,813,-14,-5,-9
4420011100,2024-01-31,충청남도,아산시,풍기동,풍기동,15026,7377,7649,15012,7383,7629,-14,6,-20
4420011200,2024-01-31,충청남도,아산시,용화동,용화동,18621,9519,9102,18598,9498,9100,-23,-21,-2
4420011300,2024-01-31,충청남도,아산시,모종동,모종동,25240,12482,12758,25399,12560,12839,159,78,81
4420011400,2024-01-31,충청남도,아산시,권곡동,권곡동,13531,6869,6662,13425,6826,6599,-106,-43,-63
4420011500,2024-01-31,충청남도,아산시,배미동,배미동,2541,1334,1207,2513,1316,1197,-28,-18,-10
4420011600,2024-01-31,충청남도,아산시,득산동,득산동,2141,1090,1051,2134,1082,1052,-7,-8,1
4420011700,2024-01-31,충청남도,아산시,점양동,점양동,105,53,52,103,51,52,-2,-2,0
4420011800,2024-01-31,충청남도,아산시,신동,신동,345,196,149,341,194,147,-4,-2,-2
4420011900,2024-01-31,충청남도,아산시,남동,남동,326,167,159,324,167,157,-2,0,-2
4420025021,2024-01-31,충청남도,아산시,염치읍,산양리,214,115,99,216,117,99,2,2,0
4420025022,2024-01-31,충청남도,아산시,염치읍,강청리,151,77,74,156,81,75,5,4,1
4420025023,2024-01-31,충청남도,아산시,염치읍,서원리,372,210,162,371,209,162,-1,-1,0
4420025024,2024-01-31,충청남도,아산시,염치읍,중방리,99,54,45,100,55,45,1,1,0
4420025025,2024-01-31,충청남도,아산시,염치읍,염성리,386,207,179,387,205,182,1,-2,3
4420025026,2024-01-31,충청남도,아산시,염치읍,쌍죽리,95,56,39,95,56,39,0,0,0
4420025027,2024-01-31,충청남도,아산시,염치읍,동정리,170,85,85,172,87,85,2,2,0
4420025028,2024-01-31,충청남도,아산시,염치읍,곡교리,233,127,106,233,128,105,0,1,-1
4420025029,2024-01-31,충청남도,아산시,염치읍,석두리,180,101,79,180,101,79,0,0,0
4420025030,2024-01-31,충청남도,아산시,염치읍,석정리,696,363,333,690,358,332,-6,-5,-1
4420025031,2024-01-31,충청남도,아산시,염치읍,방현리,1322,717,605,1315,715,600,-7,-2,-5
4420025032,2024-01-31,충청남도,아산시,염치읍,송곡리,1548,758,790,1538,753,785,-10,-5,-5
4420025033,2024-01-31,충청남도,아산시,염치읍,백암리,444,224,220,437,222,215,-7,-2,-5
4420025034,2024-01-31,충청남도,아산시,염치읍,대동리,141,78,63,143,78,65,2,0,2
4420025321,2024-01-31,충청남도,아산시,배방읍,중리,334,165,169,332,163,169,-2,-2,0
4420025322,2024-01-31,충청남도,아산시,배방읍,수철리,477,247,230,478,251,227,1,4,-3
4420025323,2024-01-31,충청남도,아산시,배방읍,신흥리,264,135,129,261,134,127,-3,-1,-2
4420025324,2024-01-31,충청남도,아산시,배방읍,공수리,31125,15610,15515,31088,15606,15482,-37,-4,-33
4420025325,2024-01-31,충청남도,아산시,배방읍,북수리,15376,8688,6688,15561,8780,6781,185,92,93
4420025326,2024-01-31,충청남도,아산시,배방읍,회룡리,709,416,293,712,418,294,3,2,1
4420025327,2024-01-31,충청남도,아산시,배방읍,세출리,675,381,294,664,375,289,-11,-6,-5
4420025328,2024-01-31,충청남도,아산시,배방읍,갈매리,6011,3034,2977,5970,3004,2966,-41,-30,-11
4420025329,2024-01-31,충청남도,아산시,배방읍,세교리,5837,2937,2900,6613,3338,3275,776,401,375
4420025330,2024-01-31,충청남도,아산시,배방읍,휴대리,656,356,300,653,356,297,-3,0,-3
4420025331,2024-01-31,충청남도,아산시,배방읍,장재리,24849,12484,12365,24757,12459,12298,-92,-25,-67
4420025332,2024-01-31,충청남도,아산시,배방읍,구령리,398,210,188,395,210,185,-3,0,-3
4420031021,2024-01-31,충청남도,아산시,송악면,역촌리,674,349,325,673,348,325,-1,-1,0
4420031022,2024-01-31,충청남도,아산시,송악면,평촌리,332,170,162,334,171,163,2,1,1
4420031023,2024-01-31,충청남도,아산시,송악면,외암리,516,279,237,513,279,234,-3,0,-3
4420031024,2024-01-31,충청남도,아산시,송악면,강당리,412,210,202,414,209,205,2,-1,3
4420031025,2024-01-31,충청남도,아산시,송악면,마곡리,223,111,112,221,109,112,-2,-2,0
4420031026,2024-01-31,충청남도,아산시,송악면,궁평리,76,39,37,76,39,37,0,0,0
4420031027,2024-01-31,충청남도,아산시,송악면,유곡리,372,186,186,369,183,186,-3,-3,0
4420031028,2024-01-31,충청남도,아산시,송악면,송학리,248,122,126,239,117,122,-9,-5,-4
4420031029,2024-01-31,충청남도,아산시,송악면,종곡리,148,74,74,141,71,70,-7,-3,-4
4420031030,2024-01-31,충청남도,아산시,송악면,거산리,180,90,90,178,90,88,-2,0,-2
4420031031,2024-01-31,충청남도,아산시,송악면,강장리,413,218,195,409,216,193,-4,-2,-2
4420031032,2024-01-31,충청남도,아산시,송악면,수곡리,127,67,60,125,66,59,-2,-1,-1
4420031033,2024-01-31,충청남도,아산시,송악면,동화리,368,195,173,367,194,173,-1,-1,0
4420033021,2024-01-31,충청남도,아산시,탕정면,용두리,388,248,140,407,261,146,19,13,6
4420033022,2024-01-31,충청남도,아산시,탕정면,명암리,15129,8097,7032,15063,8071,6992,-66,-26,-40
4420033023,2024-01-31,충청남도,아산시,탕정면,동산리,1375,770,605,1365,759,606,-10,-11,1
4420033024,2024-01-31,충청남도,아산시,탕정면,호산리,2080,1369,711,2059,1354,705,-21,-15,-6
4420033025,2024-01-31,충청남도,아산시,탕정면,매곡리,16967,8559,8408,16995,8555,8440,28,-4,32
4420033026,2024-01-31,충청남도,아산시,탕정면,갈산리,9070,4723,4347,9223,4811,4412,153,88,65
4420035021,2024-01-31,충청남도,아산시,음봉면,삼거리,318,189,129,322,192,130,4,3,1
4420035022,2024-01-31,충청남도,아산시,음봉면,동천리,257,145,112,260,149,111,3,4,-1
4420035023,2024-01-31,충청남도,아산시,음봉면,신수리,280,147,133,279,145,134,-1,-2,1
4420035024,2024-01-31,충청남도,아산시,음봉면,신정리,259,151,108,258,151,107,-1,0,-1
4420035025,2024-01-31,충청남도,아산시,음봉면,산정리,231,114,117,229,112,117,-2,-2,0
4420035026,2024-01-31,충청남도,아산시,음봉면,원남리,348,199,149,341,195,146,-7,-4,-3
4420035027,2024-01-31,충청남도,아산시,음봉면,소동리,354,194,160,356,194,162,2,0,2
4420035028,2024-01-31,충청남도,아산시,음봉면,신휴리,679,434,245,672,430,242,-7,-4,-3
4420035029,2024-01-31,충청남도,아산시,음봉면,의식리,179,85,94,183,88,95,4,3,1
4420035030,2024-01-31,충청남도,아산시,음봉면,쌍암리,220,118,102,219,117,102,-1,-1,0
4420035031,2024-01-31,충청남도,아산시,음봉면,쌍룡리,289,168,121,287,167,120,-2,-1,-1
4420035032,2024-01-31,충청남도,아산시,음봉면,월랑리,2927,1478,1449,2928,1479,1449,1,1,0
4420035033,2024-01-31,충청남도,아산시,음봉면,산동리,4547,2409,2138,5232,2765,2467,685,356,329
4420035034,2024-01-31,충청남도,아산시,음봉면,덕지리,5361,3060,2301,5350,3056,2294,-11,-4,-7
4420035035,2024-01-31,충청남도,아산시,음봉면,동암리,4113,2224,1889,4108,2223,1885,-5,-1,-4
4420035036,2024-01-31,충청남도,아산시,음봉면,송촌리,295,169,126,295,170,125,0,1,-1
4420036000,2024-01-31,충청남도,아산시,둔포면,둔포면,1,1,0,0,0,0,-1,-1,0
4420036021,2024-01-31,충청남도,아산시,둔포면,둔포리,4196,2409,1787,4200,2413,1787,4,4,0
4420036022,2024-01-31,충청남도,아산시,둔포면,송용리,857,558,299,858,559,299,1,1,0
4420036023,2024-01-31,충청남도,아산시,둔포면,시포리,203,106,97,203,106,97,0,0,0
4420036024,2024-01-31,충청남도,아산시,둔포면,신법리,295,157,138,292,156,136,-3,-1,-2
4420036025,2024-01-31,충청남도,아산시,둔포면,신남리,943,471,472,961,478,483,18,7,11
4420036026,2024-01-31,충청남도,아산시,둔포면,신항리,521,318,203,524,317,207,3,-1,4
4420036027,2024-01-31,충청남도,아산시,둔포면,관대리,428,262,166,417,255,162,-11,-7,-4
4420036028,2024-01-31,충청남도,아산시,둔포면,산전리,326,177,149,329,180,149,3,3,0
4420036029,2024-01-31,충청남도,아산시,둔포면,신양리,264,168,96,260,165,95,-4,-3,-1
4420036030,2024-01-31,충청남도,아산시,둔포면,봉재리,390,197,193,394,200,194,4,3,1
4420036031,2024-01-31,충청남도,아산시,둔포면,운교리,786,533,253,769,521,248,-17,-12,-5
4420036032,2024-01-31,충청남도,아산시,둔포면,석곡리,12112,6465,5647,12205,6503,5702,93,38,55
4420036033,2024-01-31,충청남도,아산시,둔포면,운용리,1177,855,322,1185,861,324,8,6,2
4420036034,2024-01-31,충청남도,아산시,둔포면,신왕리,171,93,78,175,94,81,4,1,3
4420036035,2024-01-31,충청남도,아산시,둔포면,염작리,615,429,186,614,432,182,-1,3,-4
4420037021,2024-01-31,충청남도,아산시,영인면,아산리,1034,551,483,1030,549,481,-4,-2,-2
4420037022,2024-01-31,충청남도,아산시,영인면,상성리,350,174,176,346,174,172,-4,0,-4
4420037023,2024-01-31,충청남도,아산시,영인면,신현리,164,85,79,163,85,78,-1,0,-1
4420037024,2024-01-31,충청남도,아산시,영인면,월선리,246,138,108,238,134,104,-8,-4,-4
4420037025,2024-01-31,충청남도,아산시,영인면,신운리,397,209,188,398,210,188,1,1,0
4420037026,2024-01-31,충청남도,아산시,영인면,백석포리,395,194,201,394,193,201,-1,-1,0
4420037027,2024-01-31,충청남도,아산시,영인면,와우리,101,52,49,101,52,49,0,0,0
4420037028,2024-01-31,충청남도,아산시,영인면,구성리,443,230,213,443,230,213,0,0,0
4420037029,2024-01-31,충청남도,아산시,영인면,창용리,568,304,264,571,306,265,3,2,1
4420037030,2024-01-31,충청남도,아산시,영인면,신봉리,579,310,269,576,307,269,-3,-3,0
4420037031,2024-01-31,충청남도,아산시,영인면,성내리,569,297,272,573,299,274,4,2,2
4420037032,2024-01-31,충청남도,아산시,영인면,신화리,311,172,139,312,172,140,1,0,1
4420037033,2024-01-31,충청남도,아산시,영인면,역리,227,130,97,226,130,96,-1,0,-1
4420038021,2024-01-31,충청남도,아산시,인주면,공세리,1164,625,539,1158,622,536,-6,-3,-3
4420038022,2024-01-31,충청남도,아산시,인주면,모원리,39,18,21,39,18,21,0,0,0
4420038023,2024-01-31,충청남도,아산시,인주면,신성리,337,181,156,334,181,153,-3,0,-3
4420038024,2024-01-31,충청남도,아산시,인주면,걸매리,215,127,88,214,127,87,-1,0,-1
4420038025,2024-01-31,충청남도,아산시,인주면,밀두리,1329,798,531,1336,800,536,7,2,5
4420038026,2024-01-31,충청남도,아산시,인주면,문방리,520,259,261,523,260,263,3,1,2
4420038027,2024-01-31,충청남도,아산시,인주면,대음리,777,490,287,764,480,284,-13,-10,-3
4420038028,2024-01-31,충청남도,아산시,인주면,금성리,181,86,95,181,86,95,0,0,0
4420038029,2024-01-31,충청남도,아산시,인주면,해암리,642,371,271,645,370,275,3,-1,4
4420038030,2024-01-31,충청남도,아산시,인주면,도흥리,185,94,91,185,94,91,0,0,0
4420038031,2024-01-31,충청남도,아산시,인주면,관암리,235,125,110,234,124,110,-1,-1,0
4420038032,2024-01-31,충청남도,아산시,인주면,냉정리,171,96,75,171,96,75,0,0,0
4420039021,2024-01-31,충청남도,아산시,선장면,군덕리,593,315,278,589,316,273,-4,1,-5
4420039022,2024-01-31,충청남도,아산시,선장면,돈포리,190,95,95,185,93,92,-5,-2,-3
4420039023,2024-01-31,충청남도,아산시,선장면,신덕리,164,84,80,162,84,78,-2,0,-2
4420039024,2024-01-31,충청남도,아산시,선장면,대정리,90,41,49,88,40,48,-2,-1,-1
4420039025,2024-01-31,충청남도,아산시,선장면,장곳리,105,49,56,105,49,56,0,0,0
4420039026,2024-01-31,충청남도,아산시,선장면,신성리,198,106,92,194,105,89,-4,-1,-3
4420039027,2024-01-31,충청남도,아산시,선장면,죽산리,208,110,98,209,110,99,1,0,1
4420039028,2024-01-31,충청남도,아산시,선장면,신동리,174,93,81,175,92,83,1,-1,2
4420039029,2024-01-31,충청남도,아산시,선장면,선창리,314,178,136,314,179,135,0,1,-1
4420039030,2024-01-31,충청남도,아산시,선장면,대흥리,337,170,167,335,168,167,-2,-2,0
4420039031,2024-01-31,충청남도,아산시,선장면,홍곳리,64,31,33,64,31,33,0,0,0
4420039032,2024-01-31,충청남도,아산시,선장면,가산리,218,114,104,215,114,101,-3,0,-3
4420039033,2024-01-31,충청남도,아산시,선장면,신문리,66,33,33,66,33,33,0,0,0
4420039034,2024-01-31,충청남도,아산시,선장면,궁평리,171,83,88,170,82,88,-1,-1,0
4420039035,2024-01-31,충청남도,아산시,선장면,채신언리,29,16,13,30,17,13,1,1,0
4420040021,2024-01-31,충청남도,아산시,도고면,신언리,776,388,388,771,386,385,-5,-2,-3
4420040022,2024-01-31,충청남도,아산시,도고면,봉농리,128,62,66,127,62,65,-1,0,-1
4420040023,2024-01-31,충청남도,아산시,도고면,효자리,116,64,52,117,64,53,1,0,1
4420040024,2024-01-31,충청남도,아산시,도고면,금산리,461,239,222,462,238,224,1,-1,2
4420040025,2024-01-31,충청남도,아산시,도고면,시전리,331,166,165,331,166,165,0,0,0
4420040026,2024-01-31,충청남도,아산시,도고면,신유리,224,112,112,224,112,112,0,0,0
4420040027,2024-01-31,충청남도,아산시,도고면,도산리,154,77,77,154,77,77,0,0,0
4420040028,2024-01-31,충청남도,아산시,도고면,화천리,172,90,82,171,90,81,-1,0,-1
4420040029,2024-01-31,충청남도,아산시,도고면,농은리,153,85,68,152,84,68,-1,-1,0
4420040030,2024-01-31,충청남도,아산시,도고면,오암리,123,68,55,123,67,56,0,-1,1
4420040031,2024-01-31,충청남도,아산시,도고면,덕암리,116,59,57,115,58,57,-1,-1,0
4420040032,2024-01-31,충청남도,아산시,도고면,석당리,235,122,113,237,121,116,2,-1,3
4420040033,2024-01-31,충청남도,아산시,도고면,향산리,185,97,88,183,96,87,-2,-1,-1
4420040034,2024-01-31,충청남도,아산시,도고면,와산리,161,85,76,162,86,76,1,1,0
4420040035,2024-01-31,충청남도,아산시,도고면,신통리,199,101,98,199,101,98,0,0,0
4420040036,2024-01-31,충청남도,아산시,도고면,기곡리,733,416,317,728,412,316,-5,-4,-1
4420041021,2024-01-31,충청남도,아산시,신창면,오목리,554,302,252,555,301,254,1,-1,2
4420041022,2024-01-31,충청남도,아산시,신창면,읍내리,1763,1025,738,1716,1005,711,-47,-20,-27
4420041023,2024-01-31,충청남도,아산시,신창면,창암리,629,324,305,635,327,308,6,3,3
4420041024,2024-01-31,충청남도,아산시,신창면,황산리,235,128,107,227,124,103,-8,-4,-4
4420041025,2024-01-31,충청남도,아산시,신창면,행목리,3235,1670,1565,3229,1674,1555,-6,4,-10
4420041026,2024-01-31,충청남도,아산시,신창면,수장리,270,141,129,267,140,127,-3,-1,-2
4420041027,2024-01-31,충청남도,아산시,신창면,신달리,277,138,139,278,137,141,1,-1,2
4420041028,2024-01-31,충청남도,아산시,신창면,남성리,11206,5798,5408,11338,5862,5476,132,64,68
4420041029,2024-01-31,충청남도,아산시,신창면,궁화리,241,133,108,243,135,108,2,2,0
4420041030,2024-01-31,충청남도,아산시,신창면,가덕리,274,137,137,272,137,135,-2,0,-2
4420041031,2024-01-31,충청남도,아산시,신창면,신곡리,311,179,132,313,180,133,2,1,1
4420041032,2024-01-31,충청남도,아산시,신창면,가내리,248,129,119,248,128,120,0,-1,1
4421010100,2024-01-31,충청남도,서산시,읍내동,읍내동,16564,8687,7877,16503,8655,7848,-61,-32,-29
4421010200,2024-01-31,충청남도,서산시,동문동,동문동,25234,13068,12166,25171,13054,12117,-63,-14,-49
4421010300,2024-01-31,충청남도,서산시,갈산동,갈산동,1765,902,863,1768,904,864,3,2,1
4421010400,2024-01-31,충청남도,서산시,온석동,온석동,444,227,217,441,225,216,-3,-2,-1
4421010500,2024-01-31,충청남도,서산시,잠홍동,잠홍동,437,230,207,430,225,205,-7,-5,-2
4421010600,2024-01-31,충청남도,서산시,수석동,수석동,1680,874,806,1680,874,806,0,0,0
4421010700,2024-01-31,충청남도,서산시,석림동,석림동,14505,7378,7127,14535,7399,7136,30,21,9
4421010800,2024-01-31,충청남도,서산시,석남동,석남동,6007,3221,2786,6003,3224,2779,-4,3,-7
4421010900,2024-01-31,충청남도,서산시,예천동,예천동,23877,12085,11792,23822,12033,11789,-55,-52,-3
4421011000,2024-01-31,충청남도,서산시,죽성동,죽성동,3111,1569,1542,3099,1559,1540,-12,-10,-2
4421011100,2024-01-31,충청남도,서산시,양대동,양대동,960,499,461,958,495,463,-2,-4,2
4421011200,2024-01-31,충청남도,서산시,오남동,오남동,682,352,330,684,354,330,2,2,0
4421011300,2024-01-31,충청남도,서산시,장동,장동,530,282,248,529,282,247,-1,0,-1
4421011400,2024-01-31,충청남도,서산시,덕지천동,덕지천동,138,79,59,138,79,59,0,0,0
4421025021,2024-01-31,충청남도,서산시,대산읍,대산리,5212,3148,2064,5222,3161,2061,10,13,-3
4421025022,2024-01-31,충청남도,서산시,대산읍,대로리,1457,931,526,1446,922,524,-11,-9,-2
4421025023,2024-01-31,충청남도,서산시,대산읍,웅도리,142,69,73,142,69,73,0,0,0
4421025024,2024-01-31,충청남도,서산시,대산읍,오지리,379,186,193,378,187,191,-1,1,-2
4421025025,2024-01-31,충청남도,서산시,대산읍,기은리,1462,885,577,1452,878,574,-10,-7,-3
4421025027,2024-01-31,충청남도,서산시,대산읍,대죽리,328,200,128,329,201,128,1,1,0
4421025028,2024-01-31,충청남도,서산시,대산읍,화곡리,1157,667,490,1153,663,490,-4,-4,0
4421025029,2024-01-31,충청남도,서산시,대산읍,운산리,626,339,287,626,340,286,0,1,-1
4421025030,2024-01-31,충청남도,서산시,대산읍,영탑리,1787,958,829,1779,953,826,-8,-5,-3
4421025031,2024-01-31,충청남도,서산시,대산읍,독곶리,560,359,201,557,355,202,-3,-4,1
4421031021,2024-01-31,충청남도,서산시,인지면,둔당리,3661,1868,1793,3661,1874,1787,0,6,-6
4421031022,2024-01-31,충청남도,서산시,인지면,야당리,589,306,283,589,305,284,0,-1,1
4421031023,2024-01-31,충청남도,서산시,인지면,모월리,416,224,192,417,225,192,1,1,0
4421031024,2024-01-31,충청남도,서산시,인지면,산동리,303,152,151,306,153,153,3,1,2
4421031025,2024-01-31,충청남도,서산시,인지면,애정리,394,194,200,402,200,202,8,6,2
4421031026,2024-01-31,충청남도,서산시,인지면,남정리,362,177,185,355,175,180,-7,-2,-5
4421031027,2024-01-31,충청남도,서산시,인지면,화수리,455,241,214,453,241,212,-2,0,-2
4421031028,2024-01-31,충청남도,서산시,인지면,차리,286,144,142,286,145,141,0,1,-1
4421031029,2024-01-31,충청남도,서산시,인지면,성리,391,201,190,389,200,189,-2,-1,-1
4421031030,2024-01-31,충청남도,서산시,인지면,풍전리,242,128,114,241,128,113,-1,0,-1
4421032021,2024-01-31,충청남도,서산시,부석면,가사리,726,372,354,724,371,353,-2,-1,-1
4421032022,2024-01-31,충청남도,서산시,부석면,강수리,317,162,155,319,162,157,2,0,2
4421032023,2024-01-31,충청남도,서산시,부석면,송시리,322,159,163,320,158,162,-2,-1,-1
4421032024,2024-01-31,충청남도,서산시,부석면,월계리,563,293,270,565,294,271,2,1,1
4421032025,2024-01-31,충청남도,서산시,부석면,갈마리,213,102,111,211,103,108,-2,1,-3
4421032026,2024-01-31,충청남도,서산시,부석면,취평리,674,345,329,675,345,330,1,0,1
4421032027,2024-01-31,충청남도,서산시,부석면,대두리,252,123,129,251,122,129,-1,-1,0
4421032028,2024-01-31,충청남도,서산시,부석면,봉락리,278,134,144,277,134,143,-1,0,-1
4421032029,2024-01-31,충청남도,서산시,부석면,지산리,500,261,239,502,262,240,2,1,1
4421032030,2024-01-31,충청남도,서산시,부석면,칠전리,179,90,89,180,90,90,1,0,1
4421032031,2024-01-31,충청남도,서산시,부석면,강당리,343,173,170,342,172,170,-1,-1,0
4421032032,2024-01-31,충청남도,서산시,부석면,마룡리,265,136,129,265,137,128,0,1,-1
4421032033,2024-01-31,충청남도,서산시,부석면,창리,309,173,136,310,176,134,1,3,-2
4421032034,2024-01-31,충청남도,서산시,부석면,간월도리,213,111,102,205,106,99,-8,-5,-3
4421033021,2024-01-31,충청남도,서산시,팔봉면,금학리,331,171,160,329,171,158,-2,0,-2
4421033022,2024-01-31,충청남도,서산시,팔봉면,양길리,307,158,149,308,159,149,1,1,0
4421033023,2024-01-31,충청남도,서산시,팔봉면,대황리,256,121,135,251,121,130,-5,0,-5
4421033024,2024-01-31,충청남도,서산시,팔봉면,흑석리,168,91,77,166,90,76,-2,-1,-1
4421033025,2024-01-31,충청남도,서산시,팔봉면,고파도리,101,50,51,101,50,51,0,0,0
4421033026,2024-01-31,충청남도,서산시,팔봉면,호리,450,229,221,453,231,222,3,2,1
4421033027,2024-01-31,충청남도,서산시,팔봉면,덕송리,323,165,158,325,165,160,2,0,2
4421033028,2024-01-31,충청남도,서산시,팔봉면,어송리,718,377,341,721,380,341,3,3,0
4421033029,2024-01-31,충청남도,서산시,팔봉면,진장리,585,304,281,587,305,282,2,1,1
4421034021,2024-01-31,충청남도,서산시,지곡면,화천리,1046,641,405,1039,632,407,-7,-9,2
4421034022,2024-01-31,충청남도,서산시,지곡면,산성리,245,128,117,242,125,117,-3,-3,0
4421034023,2024-01-31,충청남도,서산시,지곡면,장현리,189,96,93,189,96,93,0,0,0
4421034024,2024-01-31,충청남도,서산시,지곡면,연화리,168,89,79,166,87,79,-2,-2,0
4421034025,2024-01-31,충청남도,서산시,지곡면,중왕리,436,209,227,440,213,227,4,4,0
4421034026,2024-01-31,충청남도,서산시,지곡면,도성리,361,182,179,359,180,179,-2,-2,0
4421034027,2024-01-31,충청남도,서산시,지곡면,대요리,354,188,166,350,185,165,-4,-3,-1
4421034028,2024-01-31,충청남도,서산시,지곡면,환성리,458,234,224,464,237,227,6,3,3
4421034029,2024-01-31,충청남도,서산시,지곡면,무장리,4708,2538,2170,4706,2537,2169,-2,-1,-1
4421036021,2024-01-31,충청남도,서산시,성연면,일람리,8354,4376,3978,8510,4452,4058,156,76,80
4421036022,2024-01-31,충청남도,서산시,성연면,고남리,314,155,159,315,156,159,1,1,0
4421036023,2024-01-31,충청남도,서산시,성연면,오사리,552,342,210,542,332,210,-10,-10,0
4421036024,2024-01-31,충청남도,서산시,성연면,왕정리,6150,3214,2936,6132,3200,2932,-18,-14,-4
4421036025,2024-01-31,충청남도,서산시,성연면,평리,370,213,157,369,211,158,-1,-2,1
4421036026,2024-01-31,충청남도,서산시,성연면,갈현리,187,96,91,189,98,91,2,2,0
4421036027,2024-01-31,충청남도,서산시,성연면,명천리,224,108,116,224,108,116,0,0,0
4421036028,2024-01-31,충청남도,서산시,성연면,예덕리,204,98,106,203,97,106,-1,-1,0
4421036029,2024-01-31,충청남도,서산시,성연면,해성리,133,70,63,132,71,61,-1,1,-2
4421037021,2024-01-31,충청남도,서산시,음암면,도당리,2868,1497,1371,2880,1504,1376,12,7,5
4421037022,2024-01-31,충청남도,서산시,음암면,탑곡리,483,257,226,482,256,226,-1,-1,0
4421037023,2024-01-31,충청남도,서산시,음암면,문양리,283,144,139,281,143,138,-2,-1,-1
4421037024,2024-01-31,충청남도,서산시,음암면,율목리,418,231,187,416,230,186,-2,-1,-1
4421037025,2024-01-31,충청남도,서산시,음암면,부산리,1965,1019,946,1972,1026,946,7,7,0
4421037026,2024-01-31,충청남도,서산시,음암면,상홍리,676,341,335,678,340,338,2,-1,3
4421037027,2024-01-31,충청남도,서산시,음암면,신장리,474,245,229,475,246,229,1,1,0
4421037028,2024-01-31,충청남도,서산시,음암면,유계리,275,141,134,276,141,135,1,0,1
4421037029,2024-01-31,충청남도,서산시,음암면,성암리,133,63,70,139,66,73,6,3,3
4421037030,2024-01-31,충청남도,서산시,음암면,부장리,1565,768,797,1555,765,790,-10,-3,-7
4421038021,2024-01-31,충청남도,서산시,운산면,신창리,295,142,153,295,142,153,0,0,0
4421038022,2024-01-31,충청남도,서산시,운산면,용현리,283,148,135,279,145,134,-4,-3,-1
4421038023,2024-01-31,충청남도,서산시,운산면,태봉리,94,44,50,96,45,51,2,1,1
4421038024,2024-01-31,충청남도,서산시,운산면,고풍리,233,116,117,237,121,116,4,5,-1
4421038025,2024-01-31,충청남도,서산시,운산면,원평리,328,158,170,320,156,164,-8,-2,-6
4421038026,2024-01-31,충청남도,서산시,운산면,와우리,174,86,88,177,86,91,3,0,3
4421038027,2024-01-31,충청남도,서산시,운산면,팔중리,108,56,52,107,55,52,-1,-1,0
4421038028,2024-01-31,충청남도,서산시,운산면,고산리,133,68,65,131,67,64,-2,-1,-1
4421038029,2024-01-31,충청남도,서산시,운산면,수평리,157,79,78,156,78,78,-1,-1,0
4421038030,2024-01-31,충청남도,서산시,운산면,수당리,152,81,71,152,81,71,0,0,0
4421038031,2024-01-31,충청남도,서산시,운산면,안호리,103,55,48,102,55,47,-1,0,-1
4421038032,2024-01-31,충청남도,서산시,운산면,용장리,1037,534,503,1033,534,499,-4,0,-4
4421038033,2024-01-31,충청남도,서산시,운산면,갈산리,667,365,302,667,366,301,0,1,-1
4421038034,2024-01-31,충청남도,서산시,운산면,여미리,158,78,80,156,77,79,-2,-1,-1
4421038035,2024-01-31,충청남도,서산시,운산면,가좌리,279,142,137,279,143,136,0,1,-1
4421038036,2024-01-31,충청남도,서산시,운산면,소중리,165,82,83,165,82,83,0,0,0
4421038037,2024-01-31,충청남도,서산시,운산면,상성리,127,63,64,125,62,63,-2,-1,-1
4421038038,2024-01-31,충청남도,서산시,운산면,원벌리,180,95,85,181,96,85,1,1,0
4421038039,2024-01-31,충청남도,서산시,운산면,거성리,234,126,108,230,122,108,-4,-4,0
4421039021,2024-01-31,충청남도,서산시,해미면,읍내리,1871,920,951,1880,926,954,9,6,3
4421039022,2024-01-31,충청남도,서산시,해미면,휴암리,506,263,243,505,266,239,-1,3,-4
4421039023,2024-01-31,충청남도,서산시,해미면,대곡리,934,576,358,911,562,349,-23,-14,-9
4421039024,2024-01-31,충청남도,서산시,해미면,산수리,142,74,68,143,75,68,1,1,0
4421039025,2024-01-31,충청남도,서산시,해미면,황락리,290,151,139,287,149,138,-3,-2,-1
4421039026,2024-01-31,충청남도,서산시,해미면,오학리,236,112,124,236,114,122,0,2,-2
4421039027,2024-01-31,충청남도,서산시,해미면,삼송리,311,145,166,310,143,167,-1,-2,1
4421039028,2024-01-31,충청남도,서산시,해미면,관유리,107,48,59,107,48,59,0,0,0
4421039029,2024-01-31,충청남도,서산시,해미면,홍천리,289,151,138,286,150,136,-3,-1,-2
4421039030,2024-01-31,충청남도,서산시,해미면,동암리,297,149,148,300,150,150,3,1,2
4421039031,2024-01-31,충청남도,서산시,해미면,반양리,430,210,220,433,210,223,3,0,3
4421039032,2024-01-31,충청남도,서산시,해미면,웅소성리,124,66,58,124,66,58,0,0,0
4421039033,2024-01-31,충청남도,서산시,해미면,귀밀리,92,49,43,95,50,45,3,1,2
4421039034,2024-01-31,충청남도,서산시,해미면,억대리,137,73,64,138,73,65,1,0,1
4421039035,2024-01-31,충청남도,서산시,해미면,전천리,180,90,90,178,88,90,-2,-2,0
4421039036,2024-01-31,충청남도,서산시,해미면,응평리,100,49,51,99,49,50,-1,0,-1
4421039037,2024-01-31,충청남도,서산시,해미면,양림리,106,50,56,107,50,57,1,0,1
4421039038,2024-01-31,충청남도,서산시,해미면,기지리,251,159,92,251,158,93,0,-1,1
4421039041,2024-01-31,충청남도,서산시,해미면,저성리,103,56,47,103,56,47,0,0,0
4421039042,2024-01-31,충청남도,서산시,해미면,조산리,550,278,272,560,285,275,10,7,3
4421040000,2024-01-31,충청남도,서산시,고북면,고북면,2,0,2,0,0,0,-2,0,-2
4421040021,2024-01-31,충청남도,서산시,고북면,가구리,490,250,240,486,248,238,-4,-2,-2
4421040022,2024-01-31,충청남도,서산시,고북면,신송리,207,107,100,207,107,100,0,0,0
4421040023,2024-01-31,충청남도,서산시,고북면,장요리,236,120,116,235,119,116,-1,-1,0
4421040024,2024-01-31,충청남도,서산시,고북면,초록리,170,82,88,171,83,88,1,1,0
4421040025,2024-01-31,충청남도,서산시,고북면,용암리,404,220,184,405,221,184,1,1,0
4421040026,2024-01-31,충청남도,서산시,고북면,신상리,389,194,195,386,193,193,-3,-1,-2
4421040027,2024-01-31,충청남도,서산시,고북면,신정리,2101,1201,900,2086,1192,894,-15,-9,-6
4421040028,2024-01-31,충청남도,서산시,고북면,남정리,338,163,175,337,163,174,-1,0,-1
4421040029,2024-01-31,충청남도,서산시,고북면,기포리,596,288,308,598,289,309,2,1,1
4421040030,2024-01-31,충청남도,서산시,고북면,양천리,308,151,157,312,152,160,4,1,3
4421040031,2024-01-31,충청남도,서산시,고북면,정자리,249,130,119,244,126,118,-5,-4,-1
4421040032,2024-01-31,충청남도,서산시,고북면,봉생리,208,104,104,211,106,105,3,2,1
4421040033,2024-01-31,충청남도,서산시,고북면,사기리,221,102,119,219,100,119,-2,-2,0
4423010100,2024-01-31,충청남도,논산시,화지동,화지동,2564,1291,1273,2564,1290,1274,0,-1,1
4423010200,2024-01-31,충청남도,논산시,반월동,반월동,1293,651,642,1284,647,637,-9,-4,-5
4423010300,2024-01-31,충청남도,논산시,대교동,대교동,4655,2247,2408,4637,2233,2404,-18,-14,-4
4423010400,2024-01-31,충청남도,논산시,부창동,부창동,4939,2470,2469,4941,2463,2478,2,-7,9
4423010500,2024-01-31,충청남도,논산시,취암동,취암동,12779,6345,6434,12749,6324,6425,-30,-21,-9
4423010600,2024-01-31,충청남도,논산시,등화동,등화동,546,269,277,547,269,278,1,0,1
4423010700,2024-01-31,충청남도,논산시,지산동,지산동,708,354,354,702,350,352,-6,-4,-2
4423010800,2024-01-31,충청남도,논산시,덕지동,덕지동,254,132,122,250,129,121,-4,-3,-1
4423010900,2024-01-31,충청남도,논산시,내동,내동,16520,8214,8306,16549,8248,8301,29,34,-5
4423011000,2024-01-31,충청남도,논산시,강산동,강산동,4977,2283,2694,4956,2267,2689,-21,-16,-5
4423011100,2024-01-31,충청남도,논산시,관촉동,관촉동,429,241,188,432,241,191,3,0,3
4423025021,2024-01-31,충청남도,논산시,강경읍,남교리,245,126,119,242,125,117,-3,-1,-2
4423025022,2024-01-31,충청남도,논산시,강경읍,동흥리,473,247,226,468,247,221,-5,0,-5
4423025023,2024-01-31,충청남도,논산시,강경읍,북옥리,134,66,68,136,67,69,2,1,1
4423025024,2024-01-31,충청남도,논산시,강경읍,서창리,167,83,84,168,83,85,1,0,1
4423025025,2024-01-31,충청남도,논산시,강경읍,홍교리,373,169,204,370,169,201,-3,0,-3
4423025026,2024-01-31,충청남도,논산시,강경읍,중앙리,305,144,161,299,143,156,-6,-1,-5
4423025027,2024-01-31,충청남도,논산시,강경읍,염천리,125,60,65,126,62,64,1,2,-1
4423025028,2024-01-31,충청남도,논산시,강경읍,태평리,118,62,56,116,63,53,-2,1,-3
4423025029,2024-01-31,충청남도,논산시,강경읍,대흥리,1646,745,901,1640,745,895,-6,0,-6
4423025030,2024-01-31,충청남도,논산시,강경읍,황산리,1395,640,755,1398,641,757,3,1,2
4423025031,2024-01-31,충청남도,논산시,강경읍,채산리,1055,535,520,1055,533,522,0,-2,2
4423025032,2024-01-31,충청남도,논산시,강경읍,산양리,1170,622,548,1169,620,549,-1,-2,1
4423025033,2024-01-31,충청남도,논산시,강경읍,채운리,254,132,122,250,129,121,-4,-3,-1
4423025321,2024-01-31,충청남도,논산시,연무읍,마산리,977,484,493,974,486,488,-3,2,-5
4423025322,2024-01-31,충청남도,논산시,연무읍,죽평리,149,75,74,146,74,72,-3,-1,-2
4423025323,2024-01-31,충청남도,논산시,연무읍,금곡리,740,368,372,736,365,371,-4,-3,-1
4423025324,2024-01-31,충청남도,논산시,연무읍,동산리,3176,1589,1587,3180,1604,1576,4,15,-11
4423025325,2024-01-31,충청남도,논산시,연무읍,죽본리,195,103,92,193,102,91,-2,-1,-1
4423025326,2024-01-31,충청남도,논산시,연무읍,소룡리,242,121,121,239,119,120,-3,-2,-1
4423025327,2024-01-31,충청남도,논산시,연무읍,양지리,244,121,123,247,123,124,3,2,1
4423025328,2024-01-31,충청남도,논산시,연무읍,마전리,442,226,216,445,230,215,3,4,-1
4423025329,2024-01-31,충청남도,논산시,연무읍,고내리,576,298,278,581,300,281,5,2,3
4423025330,2024-01-31,충청남도,논산시,연무읍,황화정리,533,269,264,530,267,263,-3,-2,-1
4423025331,2024-01-31,충청남도,논산시,연무읍,안심리,4641,2337,2304,4608,2320,2288,-33,-17,-16
4423025332,2024-01-31,충청남도,논산시,연무읍,신화리,311,156,155,310,156,154,-1,0,-1
4423025333,2024-01-31,충청남도,논산시,연무읍,봉동리,586,299,287,584,297,287,-2,-2,0
4423031021,2024-01-31,충청남도,논산시,성동면,삼산리,277,136,141,273,134,139,-4,-2,-2
4423031022,2024-01-31,충청남도,논산시,성동면,월성리,372,190,182,372,191,181,0,1,-1
4423031023,2024-01-31,충청남도,논산시,성동면,병촌리,190,94,96,189,95,94,-1,1,-2
4423031024,2024-01-31,충청남도,논산시,성동면,개척리,393,193,200,394,194,200,1,1,0
4423031025,2024-01-31,충청남도,논산시,성동면,우곤리,480,247,233,481,246,235,1,-1,2
4423031026,2024-01-31,충청남도,논산시,성동면,원남리,323,165,158,320,162,158,-3,-3,0
4423031027,2024-01-31,충청남도,논산시,성동면,원북리,340,174,166,341,175,166,1,1,0
4423031028,2024-01-31,충청남도,논산시,성동면,정지리,574,281,293,575,284,291,1,3,-2
4423031029,2024-01-31,충청남도,논산시,성동면,원봉리,542,267,275,543,270,273,1,3,-2
4423031030,2024-01-31,충청남도,논산시,성동면,화정리,245,126,119,245,125,120,0,-1,1
4423031031,2024-01-31,충청남도,논산시,성동면,삼호리,89,53,36,89,53,36,0,0,0
4423032021,2024-01-31,충청남도,논산시,광석면,신당리,481,242,239,478,243,235,-3,1,-4
4423032022,2024-01-31,충청남도,논산시,광석면,중리,149,71,78,149,71,78,0,0,0
4423032023,2024-01-31,충청남도,논산시,광석면,득윤리,382,190,192,383,191,192,1,1,0
4423032024,2024-01-31,충청남도,논산시,광석면,갈산리,298,145,153,297,144,153,-1,-1,0
4423032025,2024-01-31,충청남도,논산시,광석면,광리,107,53,54,107,53,54,0,0,0
4423032026,2024-01-31,충청남도,논산시,광석면,이사리,259,126,133,258,127,131,-1,1,-2
4423032027,2024-01-31,충청남도,논산시,광석면,산동리,141,70,71,143,71,72,2,1,1
4423032028,2024-01-31,충청남도,논산시,광석면,천동리,542,275,267,544,280,264,2,5,-3
4423032029,2024-01-31,충청남도,논산시,광석면,왕전리,471,248,223,469,247,222,-2,-1,-1
4423032030,2024-01-31,충청남도,논산시,광석면,항월리,368,192,176,374,195,179,6,3,3
4423032031,2024-01-31,충청남도,논산시,광석면,사월리,276,145,131,274,143,131,-2,-2,0
4423032032,2024-01-31,충청남도,논산시,광석면,율리,292,155,137,293,156,137,1,1,0
4423032033,2024-01-31,충청남도,논산시,광석면,오강리,224,109,115,224,109,115,0,0,0
4423033021,2024-01-31,충청남도,논산시,노성면,읍내리,434,211,223,438,216,222,4,5,-1
4423033022,2024-01-31,충청남도,논산시,노성면,두사리,135,73,62,135,73,62,0,0,0
4423033023,2024-01-31,충청남도,논산시,노성면,송당리,341,183,158,338,184,154,-3,1,-4
4423033024,2024-01-31,충청남도,논산시,노성면,교촌리,194,103,91,195,104,91,1,1,0
4423033025,2024-01-31,충청남도,논산시,노성면,하도리,188,98,90,188,98,90,0,0,0
4423033026,2024-01-31,충청남도,논산시,노성면,죽림리,244,126,118,247,127,120,3,1,2
4423033027,2024-01-31,충청남도,논산시,노성면,병사리,232,117,115,228,114,114,-4,-3,-1
4423033028,2024-01-31,충청남도,논산시,노성면,가곡리,136,70,66,132,68,64,-4,-2,-2
4423033029,2024-01-31,충청남도,논산시,노성면,장구리,178,86,92,178,87,91,0,1,-1
4423033030,2024-01-31,충청남도,논산시,노성면,효죽리,116,59,57,116,59,57,0,0,0
4423033031,2024-01-31,충청남도,논산시,노성면,호암리,242,121,121,240,120,120,-2,-1,-1
4423033032,2024-01-31,충청남도,논산시,노성면,노티리,146,68,78,146,68,78,0,0,0
4423033033,2024-01-31,충청남도,논산시,노성면,구암리,80,42,38,80,43,37,0,1,-1
4423033034,2024-01-31,충청남도,논산시,노성면,화곡리,80,40,40,79,39,40,-1,-1,0
4423034021,2024-01-31,충청남도,논산시,상월면,신충리,325,157,168,325,157,168,0,0,0
4423034022,2024-01-31,충청남도,논산시,상월면,산성리,125,65,60,125,65,60,0,0,0
4423034023,2024-01-31,충청남도,논산시,상월면,월오리,336,185,151,334,183,151,-2,-2,0
4423034024,2024-01-31,충청남도,논산시,상월면,지경리,261,113,148,263,117,146,2,4,-2
4423034025,2024-01-31,충청남도,논산시,상월면,석종리,549,263,286,558,265,293,9,2,7
4423034026,2024-01-31,충청남도,논산시,상월면,상도리,346,163,183,345,164,181,-1,1,-2
4423034027,2024-01-31,충청남도,논산시,상월면,대명리,384,202,182,385,202,183,1,0,1
4423034028,2024-01-31,충청남도,논산시,상월면,대우리,101,55,46,103,56,47,2,1,1
4423034029,2024-01-31,충청남도,논산시,상월면,대촌리,268,133,135,269,134,135,1,1,0
4423034030,2024-01-31,충청남도,논산시,상월면,학당리,133,75,58,133,75,58,0,0,0
4423034031,2024-01-31,충청남도,논산시,상월면,주곡리,105,52,53,109,53,56,4,1,3
4423034032,2024-01-31,충청남도,논산시,상월면,한천리,237,115,122,238,114,124,1,-1,2
4423034033,2024-01-31,충청남도,논산시,상월면,숙진리,207,109,98,206,109,97,-1,0,-1
4423035021,2024-01-31,충청남도,논산시,부적면,마구평리,645,324,321,647,325,322,2,1,1
4423035022,2024-01-31,충청남도,논산시,부적면,덕평리,311,167,144,314,166,148,3,-1,4
4423035023,2024-01-31,충청남도,논산시,부적면,부황리,169,89,80,169,88,81,0,-1,1
4423035024,2024-01-31,충청남도,논산시,부적면,외성리,293,147,146,293,146,147,0,-1,1
4423035025,2024-01-31,충청남도,논산시,부적면,감곡리,177,96,81,175,95,80,-2,-1,-1
4423035026,2024-01-31,충청남도,논산시,부적면,충곡리,198,95,103,198,95,103,0,0,0
4423035027,2024-01-31,충청남도,논산시,부적면,신풍리,99,55,44,100,55,45,1,0,1
4423035029,2024-01-31,충청남도,논산시,부적면,탑정리,183,91,92,182,90,92,-1,-1,0
4423035030,2024-01-31,충청남도,논산시,부적면,신교리,406,206,200,407,206,201,1,0,1
4423035031,2024-01-31,충청남도,논산시,부적면,반송리,381,193,188,380,193,187,-1,0,-1
4423035032,2024-01-31,충청남도,논산시,부적면,아호리,245,121,124,250,126,124,5,5,0
4423035033,2024-01-31,충청남도,논산시,부적면,부인리,222,107,115,220,105,115,-2,-2,0
4423036021,2024-01-31,충청남도,논산시,연산면,연산리,919,463,456,916,464,452,-3,1,-4
4423036022,2024-01-31,충청남도,논산시,연산면,화악리,230,118,112,224,114,110,-6,-4,-2
4423036023,2024-01-31,충청남도,논산시,연산면,천호리,191,97,94,189,95,94,-2,-2,0
4423036024,2024-01-31,충청남도,논산시,연산면,송정리,380,208,172,376,207,169,-4,-1,-3
4423036025,2024-01-31,충청남도,논산시,연산면,신암리,240,124,116,236,121,115,-4,-3,-1
4423036026,2024-01-31,충청남도,논산시,연산면,청동리,545,269,276,545,272,273,0,3,-3
4423036027,2024-01-31,충청남도,논산시,연산면,고정리,140,79,61,142,79,63,2,0,2
4423036028,2024-01-31,충청남도,논산시,연산면,한전리,490,255,235,491,255,236,1,0,1
4423036029,2024-01-31,충청남도,논산시,연산면,임리,143,72,71,141,71,70,-2,-1,-1
4423036030,2024-01-31,충청남도,논산시,연산면,관동리,219,114,105,219,114,105,0,0,0
4423036031,2024-01-31,충청남도,논산시,연산면,고양리,135,64,71,135,64,71,0,0,0
4423036032,2024-01-31,충청남도,논산시,연산면,표정리,385,201,184,383,199,184,-2,-2,0
4423036033,2024-01-31,충청남도,논산시,연산면,덕암리,203,113,90,202,112,90,-1,-1,0
4423036034,2024-01-31,충청남도,논산시,연산면,장전리,376,196,180,378,197,181,2,1,1
4423036035,2024-01-31,충청남도,논산시,연산면,백석리,313,166,147,311,165,146,-2,-1,-1
4423036036,2024-01-31,충청남도,논산시,연산면,어은리,142,76,66,142,76,66,0,0,0
4423036037,2024-01-31,충청남도,논산시,연산면,사포리,149,82,67,148,82,66,-1,0,-1
4423036038,2024-01-31,충청남도,논산시,연산면,송산리,169,81,88,169,82,87,0,1,-1
4423036039,2024-01-31,충청남도,논산시,연산면,오산리,116,61,55,116,61,55,0,0,0
4423036040,2024-01-31,충청남도,논산시,연산면,신양리,347,171,176,348,171,177,1,0,1
4423038021,2024-01-31,충청남도,논산시,벌곡면,한삼천리,296,153,143,296,152,144,0,-1,1
4423038022,2024-01-31,충청남도,논산시,벌곡면,덕목리,77,39,38,77,39,38,0,0,0
4423038023,2024-01-31,충청남도,논산시,벌곡면,사정리,113,58,55,114,59,55,1,1,0
4423038024,2024-01-31,충청남도,논산시,벌곡면,대덕리,239,126,113,236,123,113,-3,-3,0
4423038025,2024-01-31,충청남도,논산시,벌곡면,검천리,108,56,52,108,56,52,0,0,0
4423038026,2024-01-31,충청남도,논산시,벌곡면,덕곡리,194,88,106,193,87,106,-1,-1,0
4423038027,2024-01-31,충청남도,논산시,벌곡면,수락리,199,106,93,199,107,92,0,1,-1
4423038028,2024-01-31,충청남도,논산시,벌곡면,도산리,241,121,120,241,122,119,0,1,-1
4423038029,2024-01-31,충청남도,논산시,벌곡면,만목리,108,62,46,106,60,46,-2,-2,0
4423038030,2024-01-31,충청남도,논산시,벌곡면,어곡리,119,63,56,118,62,56,-1,-1,0
4423038031,2024-01-31,충청남도,논산시,벌곡면,조동리,127,69,58,124,67,57,-3,-2,-1
4423038032,2024-01-31,충청남도,논산시,벌곡면,조령리,129,69,60,127,69,58,-2,0,-2
4423038033,2024-01-31,충청남도,논산시,벌곡면,신양리,238,111,127,238,111,127,0,0,0
4423038034,2024-01-31,충청남도,논산시,벌곡면,양산리,193,104,89,193,104,89,0,0,0
4423039021,2024-01-31,충청남도,논산시,양촌면,인천리,560,267,293,563,269,294,3,2,1
4423039022,2024-01-31,충청남도,논산시,양촌면,도평리,336,169,167,339,171,168,3,2,1
4423039023,2024-01-31,충청남도,논산시,양촌면,임화리,281,145,136,280,144,136,-1,-1,0
4423039024,2024-01-31,충청남도,논산시,양촌면,양촌리,247,128,119,248,129,119,1,1,0
4423039025,2024-01-31,충청남도,논산시,양촌면,신기리,238,120,118,240,120,120,2,0,2
4423039026,2024-01-31,충청남도,논산시,양촌면,오산리,299,118,181,297,118,179,-2,0,-2
4423039027,2024-01-31,충청남도,논산시,양촌면,채광리,281,138,143,283,138,145,2,0,2
4423039028,2024-01-31,충청남도,논산시,양촌면,남산리,268,138,130,272,141,131,4,3,1
4423039029,2024-01-31,충청남도,논산시,양촌면,반암리,189,99,90,188,98,90,-1,-1,0
4423039030,2024-01-31,충청남도,논산시,양촌면,산직리,165,88,77,163,87,76,-2,-1,-1
4423039031,2024-01-31,충청남도,논산시,양촌면,모촌리,371,190,181,370,189,181,-1,-1,0
4423039032,2024-01-31,충청남도,논산시,양촌면,신흥리,251,125,126,251,124,127,0,-1,1
4423039033,2024-01-31,충청남도,논산시,양촌면,거사리,1321,686,635,1386,715,671,65,29,36
4423039034,2024-01-31,충청남도,논산시,양촌면,반곡리,437,239,198,438,239,199,1,0,1
4423039035,2024-01-31,충청남도,논산시,양촌면,명암리,192,102,90,189,102,87,-3,0,-3
4423039036,2024-01-31,충청남도,논산시,양촌면,석서리,179,89,90,175,88,87,-4,-1,-3
4423039037,2024-01-31,충청남도,논산시,양촌면,중산리,282,151,131,283,150,133,1,-1,2
4423040021,2024-01-31,충청남도,논산시,가야곡면,육곡리,383,187,196,382,186,196,-1,-1,0
4423040022,2024-01-31,충청남도,논산시,가야곡면,강청리,262,145,117,266,147,119,4,2,2
4423040023,2024-01-31,충청남도,논산시,가야곡면,목곡리,190,93,97,189,92,97,-1,-1,0
4423040024,2024-01-31,충청남도,논산시,가야곡면,함적리,164,73,91,164,73,91,0,0,0
4423040025,2024-01-31,충청남도,논산시,가야곡면,산노리,292,144,148,292,143,149,0,-1,1
4423040026,2024-01-31,충청남도,논산시,가야곡면,병암리,146,76,70,146,76,70,0,0,0
4423040027,2024-01-31,충청남도,논산시,가야곡면,조정리,39,20,19,39,20,19,0,0,0
4423040028,2024-01-31,충청남도,논산시,가야곡면,등리,287,158,129,285,156,129,-2,-2,0
4423040029,2024-01-31,충청남도,논산시,가야곡면,종연리,317,161,156,319,160,159,2,-1,3
4423040030,2024-01-31,충청남도,논산시,가야곡면,두월리,194,94,100,195,95,100,1,1,0
4423040031,2024-01-31,충청남도,논산시,가야곡면,야촌리,287,145,142,281,142,139,-6,-3,-3
4423040032,2024-01-31,충청남도,논산시,가야곡면,왕암리,261,127,134,262,127,135,1,0,1
4423040033,2024-01-31,충청남도,논산시,가야곡면,삼전리,301,161,140,306,165,141,5,4,1
4423040034,2024-01-31,충청남도,논산시,가야곡면,양촌리,90,46,44,91,46,45,1,0,1
4423041021,2024-01-31,충청남도,논산시,은진면,연서리,449,234,215,445,232,213,-4,-2,-2
4423041022,2024-01-31,충청남도,논산시,은진면,방축리,345,172,173,347,173,174,2,1,1
4423041023,2024-01-31,충청남도,논산시,은진면,토양리,261,148,113,262,147,115,1,-1,2
4423041024,2024-01-31,충청남도,논산시,은진면,시묘리,352,195,157,349,192,157,-3,-3,0
4423041025,2024-01-31,충청남도,논산시,은진면,용산리,326,167,159,326,167,159,0,0,0
4423041026,2024-01-31,충청남도,논산시,은진면,교촌리,498,246,252,495,243,252,-3,-3,0
4423041027,2024-01-31,충청남도,논산시,은진면,와야리,718,430,288,709,432,277,-9,2,-11
4423041028,2024-01-31,충청남도,논산시,은진면,남산리,302,146,156,295,141,154,-7,-5,-2
4423041029,2024-01-31,충청남도,논산시,은진면,성덕리,211,105,106,212,106,106,1,1,0
4423041030,2024-01-31,충청남도,논산시,은진면,성평리,355,181,174,351,179,172,-4,-2,-2
4423042021,2024-01-31,충청남도,논산시,채운면,화산리,398,198,200,398,199,199,0,1,-1
4423042022,2024-01-31,충청남도,논산시,채운면,용화리,413,202,211,413,201,212,0,-1,1
4423042023,2024-01-31,충청남도,논산시,채운면,우기리,381,184,197,377,183,194,-4,-1,-3
4423042024,2024-01-31,충청남도,논산시,채운면,심암리,166,86,80,166,87,79,0,1,-1
4423042025,2024-01-31,충청남도,논산시,채운면,화정리,235,111,124,236,111,125,1,0,1
4423042026,2024-01-31,충청남도,논산시,채운면,삼거리,123,60,63,123,60,63,0,0,0
4423042027,2024-01-31,충청남도,논산시,채운면,장화리,112,47,65,112,47,65,0,0,0
4423042028,2024-01-31,충청남도,논산시,채운면,야화리,252,122,130,253,124,129,1,2,-1
4425010100,2024-01-31,충청남도,계룡시,금암동,금암동,8139,4123,4016,8118,4110,4008,-21,-13,-8
4425031021,2024-01-31,충청남도,계룡시,두마면,두계리,5578,2701,2877,5544,2689,2855,-34,-12,-22
4425031022,2024-01-31,충청남도,계룡시,두마면,왕대리,183,95,88,184,96,88,1,1,0
4425031023,2024-01-31,충청남도,계룡시,두마면,입암리,109,62,47,113,63,50,4,1,3
4425031024,2024-01-31,충청남도,계룡시,두마면,농소리,8067,4045,4022,8159,4087,4072,92,42,50
4425031521,2024-01-31,충청남도,계룡시,엄사면,엄사리,13200,6432,6768,13236,6472,6764,36,40,-4
4425031522,2024-01-31,충청남도,계룡시,엄사면,유동리,2694,1340,1354,2685,1334,1351,-9,-6,-3
4425031523,2024-01-31,충청남도,계룡시,엄사면,광석리,213,101,112,217,104,113,4,3,1
4425031524,2024-01-31,충청남도,계룡시,엄사면,도곡리,265,147,118,263,144,119,-2,-3,1
4425031525,2024-01-31,충청남도,계룡시,엄사면,향한리,463,224,239,464,223,241,1,-1,2
4425033000,2024-01-31,충청남도,계룡시,신도안면,신도안면,19,12,7,0,0,0,-19,-12,-7
4425033021,2024-01-31,충청남도,계룡시,신도안면,남선리,7579,3898,3681,7584,3905,3679,5,7,-2
4425033023,2024-01-31,충청남도,계룡시,신도안면,부남리,137,93,44,130,87,43,-7,-6,-1
4425033024,2024-01-31,충청남도,계룡시,신도안면,석계리,21,21,0,19,19,0,-2,-2,0
4427010100,2024-01-31,충청남도,당진시,읍내동,읍내동,21888,11682,10206,21900,11698,10202,12,16,-4
4427010200,2024-01-31,충청남도,당진시,채운동,채운동,12554,6340,6214,12538,6335,6203,-16,-5,-11
4427010300,2024-01-31,충청남도,당진시,우두동,우두동,1057,616,441,1053,609,444,-4,-7,3
4427010400,2024-01-31,충청남도,당진시,원당동,원당동,12394,6216,6178,12366,6211,6155,-28,-5,-23
4427010500,2024-01-31,충청남도,당진시,시곡동,시곡동,3229,1774,1455,3212,1760,1452,-17,-14,-3
4427010600,2024-01-31,충청남도,당진시,수청동,수청동,11261,5880,5381,11614,6051,5563,353,171,182
4427010700,2024-01-31,충청남도,당진시,대덕동,대덕동,8388,4379,4009,8372,4387,3985,-16,8,-24
4427010800,2024-01-31,충청남도,당진시,행정동,행정동,327,178,149,327,178,149,0,0,0
4427010900,2024-01-31,충청남도,당진시,용연동,용연동,456,229,227,451,227,224,-5,-2,-3
4427011000,2024-01-31,충청남도,당진시,사기소동,사기소동,335,170,165,333,169,164,-2,-1,-1
4427011100,2024-01-31,충청남도,당진시,구룡동,구룡동,299,150,149,303,152,151,4,2,2
4427025021,2024-01-31,충청남도,당진시,합덕읍,운산리,4531,2440,2091,4524,2441,2083,-7,1,-8
4427025022,2024-01-31,충청남도,당진시,합덕읍,도곡리,257,140,117,259,141,118,2,1,1
4427025023,2024-01-31,충청남도,당진시,합덕읍,소소리,452,256,196,456,260,196,4,4,0
4427025024,2024-01-31,충청남도,당진시,합덕읍,석우리,514,271,243,510,268,242,-4,-3,-1
4427025025,2024-01-31,충청남도,당진시,합덕읍,성동리,188,92,96,187,91,96,-1,-1,0
4427025026,2024-01-31,충청남도,당진시,합덕읍,대합덕리,310,152,158,307,151,156,-3,-1,-2
4427025027,2024-01-31,충청남도,당진시,합덕읍,대전리,275,139,136,275,139,136,0,0,0
4427025028,2024-01-31,충청남도,당진시,합덕읍,도리,144,80,64,146,81,65,2,1,1
4427025029,2024-01-31,충청남도,당진시,합덕읍,신리,133,67,66,135,68,67,2,1,1
4427025030,2024-01-31,충청남도,당진시,합덕읍,옥금리,217,110,107,216,110,106,-1,0,-1
4427025031,2024-01-31,충청남도,당진시,합덕읍,합덕리,348,176,172,346,175,171,-2,-1,-1
4427025032,2024-01-31,충청남도,당진시,합덕읍,점원리,228,121,107,228,121,107,0,0,0
4427025033,2024-01-31,충청남도,당진시,합덕읍,신흥리,312,151,161,309,151,158,-3,0,-3
4427025034,2024-01-31,충청남도,당진시,합덕읍,신석리,223,116,107,222,116,106,-1,0,-1
4427025321,2024-01-31,충청남도,당진시,송악읍,기지시리,7887,4160,3727,7892,4153,3739,5,-7,12
4427025322,2024-01-31,충청남도,당진시,송악읍,가교리,269,144,125,269,144,125,0,0,0
4427025323,2024-01-31,충청남도,당진시,송악읍,방계리,113,54,59,113,54,59,0,0,0
4427025324,2024-01-31,충청남도,당진시,송악읍,본당리,245,110,135,245,112,133,0,2,-2
4427025325,2024-01-31,충청남도,당진시,송악읍,청금리,179,92,87,180,92,88,1,0,1
4427025326,2024-01-31,충청남도,당진시,송악읍,봉교리,324,160,164,323,160,163,-1,0,-1
4427025327,2024-01-31,충청남도,당진시,송악읍,광명리,148,78,70,155,83,72,7,5,2
4427025328,2024-01-31,충청남도,당진시,송악읍,반촌리,4209,2201,2008,4207,2204,2003,-2,3,-5
4427025329,2024-01-31,충청남도,당진시,송악읍,영천리,150,85,65,153,87,66,3,2,1
4427025330,2024-01-31,충청남도,당진시,송악읍,금곡리,258,138,120,257,138,119,-1,0,-1
4427025331,2024-01-31,충청남도,당진시,송악읍,전대리,306,150,156,307,149,158,1,-1,2
4427025332,2024-01-31,충청남도,당진시,송악읍,도원리,99,52,47,98,52,46,-1,0,-1
4427025333,2024-01-31,충청남도,당진시,송악읍,복운리,5425,3381,2044,5407,3381,2026,-18,0,-18
4427025334,2024-01-31,충청남도,당진시,송악읍,중흥리,3175,1738,1437,3165,1744,1421,-10,6,-16
4427025335,2024-01-31,충청남도,당진시,송악읍,오곡리,204,119,85,201,116,85,-3,-3,0
4427025336,2024-01-31,충청남도,당진시,송악읍,부곡리,331,199,132,322,195,127,-9,-4,-5
4427025337,2024-01-31,충청남도,당진시,송악읍,한진리,1133,777,356,1129,779,350,-4,2,-6
4427025338,2024-01-31,충청남도,당진시,송악읍,고대리,976,714,262,970,710,260,-6,-4,-2
4427025339,2024-01-31,충청남도,당진시,송악읍,월곡리,205,113,92,203,111,92,-2,-2,0
4427025340,2024-01-31,충청남도,당진시,송악읍,정곡리,135,66,69,135,66,69,0,0,0
4427025341,2024-01-31,충청남도,당진시,송악읍,석포리,647,359,288,645,355,290,-2,-4,2
4427025342,2024-01-31,충청남도,당진시,송악읍,가학리,3484,1834,1650,3494,1836,1658,10,2,8
4427031021,2024-01-31,충청남도,당진시,고대면,용두리,628,340,288,620,337,283,-8,-3,-5
4427031022,2024-01-31,충청남도,당진시,고대면,슬항리,504,266,238,501,264,237,-3,-2,-1
4427031023,2024-01-31,충청남도,당진시,고대면,대촌리,352,180,172,350,178,172,-2,-2,0
4427031024,2024-01-31,충청남도,당진시,고대면,장항리,531,279,252,532,278,254,1,-1,2
4427031025,2024-01-31,충청남도,당진시,고대면,성산리,811,448,363,837,465,372,26,17,9
4427031026,2024-01-31,충청남도,당진시,고대면,당진포리,691,360,331,686,358,328,-5,-2,-3
4427031027,2024-01-31,충청남도,당진시,고대면,옥현리,385,202,183,387,202,185,2,0,2
4427031028,2024-01-31,충청남도,당진시,고대면,항곡리,297,153,144,301,155,146,4,2,2
4427031029,2024-01-31,충청남도,당진시,고대면,진관리,1103,546,557,1098,544,554,-5,-2,-3
4427032021,2024-01-31,충청남도,당진시,석문면,통정리,3001,1918,1083,2995,1920,1075,-6,2,-8
4427032022,2024-01-31,충청남도,당진시,석문면,삼화리,614,343,271,610,340,270,-4,-3,-1
4427032023,2024-01-31,충청남도,당진시,석문면,삼봉리,2060,1170,890,2059,1163,896,-1,-7,6
4427032024,2024-01-31,충청남도,당진시,석문면,장고항리,1129,656,473,1127,656,471,-2,0,-2
4427032025,2024-01-31,충청남도,당진시,석문면,교로리,1195,707,488,1180,699,481,-15,-8,-7
4427032026,2024-01-31,충청남도,당진시,석문면,난지도리,303,153,150,300,151,149,-3,-2,-1
4427032027,2024-01-31,충청남도,당진시,석문면,초락도리,556,276,280,551,275,276,-5,-1,-4
4427033021,2024-01-31,충청남도,당진시,대호지면,조금리,365,188,177,360,187,173,-5,-1,-4
4427033022,2024-01-31,충청남도,당진시,대호지면,사성리,305,155,150,304,154,150,-1,-1,0
4427033023,2024-01-31,충청남도,당진시,대호지면,적서리,313,160,153,314,161,153,1,1,0
4427033024,2024-01-31,충청남도,당진시,대호지면,도이리,271,133,138,275,134,141,4,1,3
4427033025,2024-01-31,충청남도,당진시,대호지면,두산리,289,157,132,287,156,131,-2,-1,-1
4427033026,2024-01-31,충청남도,당진시,대호지면,장정리,172,85,87,172,86,86,0,1,-1
4427033027,2024-01-31,충청남도,당진시,대호지면,마중리,176,91,85,176,91,85,0,0,0
4427033028,2024-01-31,충청남도,당진시,대호지면,송전리,224,114,110,221,113,108,-3,-1,-2
4427033029,2024-01-31,충청남도,당진시,대호지면,출포리,150,80,70,148,80,68,-2,0,-2
4427034021,2024-01-31,충청남도,당진시,정미면,천의리,586,304,282,579,302,277,-7,-2,-5
4427034022,2024-01-31,충청남도,당진시,정미면,승산리,167,92,75,165,91,74,-2,-1,-1
4427034023,2024-01-31,충청남도,당진시,정미면,대조리,124,66,58,123,65,58,-1,-1,0
4427034024,2024-01-31,충청남도,당진시,정미면,도산리,199,97,102,199,97,102,0,0,0
4427034025,2024-01-31,충청남도,당진시,정미면,매방리,221,102,119,219,100,119,-2,-2,0
4427034026,2024-01-31,충청남도,당진시,정미면,우산리,89,47,42,89,47,42,0,0,0
4427034027,2024-01-31,충청남도,당진시,정미면,하성리,78,39,39,79,39,40,1,0,1
4427034028,2024-01-31,충청남도,당진시,정미면,산성리,149,72,77,149,72,77,0,0,0
4427034029,2024-01-31,충청남도,당진시,정미면,덕삼리,177,94,83,179,95,84,2,1,1
4427034030,2024-01-31,충청남도,당진시,정미면,봉성리,156,72,84,156,72,84,0,0,0
4427034031,2024-01-31,충청남도,당진시,정미면,수당리,244,119,125,244,119,125,0,0,0
4427034032,2024-01-31,충청남도,당진시,정미면,사관리,137,74,63,138,74,64,1,0,1
4427034033,2024-01-31,충청남도,당진시,정미면,대운산리,234,124,110,233,123,110,-1,-1,0
4427034034,2024-01-31,충청남도,당진시,정미면,덕마리,385,211,174,369,201,168,-16,-10,-6
4427034035,2024-01-31,충청남도,당진시,정미면,신시리,161,83,78,156,81,75,-5,-2,-3
4427034036,2024-01-31,충청남도,당진시,정미면,모평리,138,66,72,137,65,72,-1,-1,0
4427034037,2024-01-31,충청남도,당진시,정미면,봉생리,282,155,127,283,157,126,1,2,-1
4427035021,2024-01-31,충청남도,당진시,면천면,성상리,962,499,463,962,500,462,0,1,-1
4427035022,2024-01-31,충청남도,당진시,면천면,성하리,228,121,107,227,119,108,-1,-2,1
4427035023,2024-01-31,충청남도,당진시,면천면,원동리,158,77,81,160,78,82,2,1,1
4427035024,2024-01-31,충청남도,당진시,면천면,문봉리,356,191,165,357,192,165,1,1,0
4427035025,2024-01-31,충청남도,당진시,면천면,자개리,210,104,106,209,104,105,-1,0,-1
4427035026,2024-01-31,충청남도,당진시,면천면,율사리,244,126,118,243,126,117,-1,0,-1
4427035027,2024-01-31,충청남도,당진시,면천면,대치리,207,103,104,206,102,104,-1,-1,0
4427035028,2024-01-31,충청남도,당진시,면천면,삼웅리,214,107,107,214,105,109,0,-2,2
4427035029,2024-01-31,충청남도,당진시,면천면,송학리,254,138,116,253,137,116,-1,-1,0
4427035030,2024-01-31,충청남도,당진시,면천면,죽동리,449,217,232,448,218,230,-1,1,-2
4427035031,2024-01-31,충청남도,당진시,면천면,사기소리,133,68,65,133,68,65,0,0,0
4427036021,2024-01-31,충청남도,당진시,순성면,봉소리,1727,870,857,1720,867,853,-7,-3,-4
4427036022,2024-01-31,충청남도,당진시,순성면,백석리,271,138,133,265,133,132,-6,-5,-1
4427036023,2024-01-31,충청남도,당진시,순성면,양유리,281,147,134,278,144,134,-3,-3,0
4427036024,2024-01-31,충청남도,당진시,순성면,나산리,194,99,95,191,99,92,-3,0,-3
4427036025,2024-01-31,충청남도,당진시,순성면,광천리,207,106,101,205,105,100,-2,-1,-1
4427036026,2024-01-31,충청남도,당진시,순성면,본리,390,212,178,384,206,178,-6,-6,0
4427036027,2024-01-31,충청남도,당진시,순성면,중방리,451,233,218,450,233,217,-1,0,-1
4427036028,2024-01-31,충청남도,당진시,순성면,아찬리,206,112,94,205,111,94,-1,-1,0
4427036029,2024-01-31,충청남도,당진시,순성면,옥호리,276,151,125,272,149,123,-4,-2,-2
4427036030,2024-01-31,충청남도,당진시,순성면,성북리,446,222,224,447,221,226,1,-1,2
4427036031,2024-01-31,충청남도,당진시,순성면,갈산리,396,201,195,398,204,194,2,3,-1
4427037021,2024-01-31,충청남도,당진시,우강면,창리,1779,883,896,1759,871,888,-20,-12,-8
4427037022,2024-01-31,충청남도,당진시,우강면,송산리,1704,834,870,1695,832,863,-9,-2,-7
4427037023,2024-01-31,충청남도,당진시,우강면,세류리,296,155,141,292,153,139,-4,-2,-2
4427037024,2024-01-31,충청남도,당진시,우강면,원치리,224,124,100,219,120,99,-5,-4,-1
4427037025,2024-01-31,충청남도,당진시,우강면,공포리,111,58,53,110,57,53,-1,-1,0
4427037026,2024-01-31,충청남도,당진시,우강면,부장리,245,121,124,242,119,123,-3,-2,-1
4427037027,2024-01-31,충청남도,당진시,우강면,신촌리,180,94,86,180,94,86,0,0,0
4427037028,2024-01-31,충청남도,당진시,우강면,강문리,125,59,66,124,59,65,-1,0,-1
4427037029,2024-01-31,충청남도,당진시,우강면,소반리,162,73,89,163,74,89,1,1,0
4427037030,2024-01-31,충청남도,당진시,우강면,대포리,190,100,90,189,100,89,-1,0,-1
4427037031,2024-01-31,충청남도,당진시,우강면,내경리,266,135,131,263,133,130,-3,-2,-1
4427037032,2024-01-31,충청남도,당진시,우강면,성원리,124,65,59,123,64,59,-1,-1,0
4427038021,2024-01-31,충청남도,당진시,신평면,금천리,3170,1613,1557,3177,1615,1562,7,2,5
4427038022,2024-01-31,충청남도,당진시,신평면,초대리,312,162,150,313,164,149,1,2,-1
4427038023,2024-01-31,충청남도,당진시,신평면,거산리,7346,3717,3629,7330,3709,3621,-16,-8,-8
4427038024,2024-01-31,충청남도,당진시,신평면,상오리,381,192,189,380,193,187,-1,1,-2
4427038025,2024-01-31,충청남도,당진시,신평면,남산리,517,298,219,511,297,214,-6,-1,-5
4427038026,2024-01-31,충청남도,당진시,신평면,신송리,254,127,127,251,125,126,-3,-2,-1
4427038027,2024-01-31,충청남도,당진시,신평면,신흥리,389,213,176,391,213,178,2,0,2
4427038028,2024-01-31,충청남도,당진시,신평면,운정리,641,323,318,646,324,322,5,1,4
4427038029,2024-01-31,충청남도,당진시,신평면,신당리,253,122,131,254,123,131,1,1,0
4427038030,2024-01-31,충청남도,당진시,신평면,도성리,445,248,197,445,246,199,0,-2,2
4427038031,2024-01-31,충청남도,당진시,신평면,부수리,275,144,131,279,147,132,4,3,1
4427038032,2024-01-31,충청남도,당진시,신평면,매산리,546,286,260,547,289,258,1,3,-2
4427038033,2024-01-31,충청남도,당진시,신평면,한정리,184,96,88,182,96,86,-2,0,-2
4427039021,2024-01-31,충청남도,당진시,송산면,상거리,690,382,308,688,383,305,-2,1,-3
4427039022,2024-01-31,충청남도,당진시,송산면,금암리,2229,1176,1053,2223,1178,1045,-6,2,-8
4427039023,2024-01-31,충청남도,당진시,송산면,당산리,424,204,220,426,204,222,2,0,2
4427039024,2024-01-31,충청남도,당진시,송산면,송석리,182,99,83,180,99,81,-2,0,-2
4427039025,2024-01-31,충청남도,당진시,송산면,매곡리,809,430,379,801,427,374,-8,-3,-5
4427039026,2024-01-31,충청남도,당진시,송산면,부곡리,250,124,126,249,124,125,-1,0,-1
4427039027,2024-01-31,충청남도,당진시,송산면,명산리,201,107,94,200,106,94,-1,-1,0
4427039028,2024-01-31,충청남도,당진시,송산면,도문리,145,84,61,146,84,62,1,0,1
4427039029,2024-01-31,충청남도,당진시,송산면,삼월리,439,227,212,435,225,210,-4,-2,-2
4427039030,2024-01-31,충청남도,당진시,송산면,무수리,496,322,174,499,325,174,3,3,0
4427039031,2024-01-31,충청남도,당진시,송산면,유곡리,5132,3232,1900,5120,3235,1885,-12,3,-15
4427039032,2024-01-31,충청남도,당진시,송산면,동곡리,268,170,98,267,171,96,-1,1,-2
4427039033,2024-01-31,충청남도,당진시,송산면,가곡리,484,320,164,480,317,163,-4,-3,-1
4471025021,2024-01-31,충청남도,금산군,금산읍,신대리,452,237,215,453,240,213,1,3,-2
4471025022,2024-01-31,충청남도,금산군,금산읍,중도리,5436,2695,2741,5432,2692,2740,-4,-3,-1
4471025023,2024-01-31,충청남도,금산군,금산읍,하옥리,1604,793,811,1600,789,811,-4,-4,0
4471025024,2024-01-31,충청남도,금산군,금산읍,상리,7554,3607,3947,7534,3593,3941,-20,-14,-6
4471025025,2024-01-31,충청남도,금산군,금산읍,아인리,4287,2156,2131,4302,2167,2135,15,11,4
4471025026,2024-01-31,충청남도,금산군,금산읍,상옥리,1490,727,763,1485,723,762,-5,-4,-1
4471025027,2024-01-31,충청남도,금산군,금산읍,계진리,245,126,119,248,129,119,3,3,0
4471025028,2024-01-31,충청남도,금산군,금산읍,양지리,1355,662,693,1387,681,706,32,19,13
4471025029,2024-01-31,충청남도,금산군,금산읍,음지리,402,202,200,403,203,200,1,1,0
4471031000,2024-01-31,충청남도,금산군,금성면,금성면,1,0,1,0,0,0,-1,0,-1
4471031021,2024-01-31,충청남도,금산군,금성면,양전리,491,245,246,488,244,244,-3,-1,-2
4471031022,2024-01-31,충청남도,금산군,금성면,도곡리,282,151,131,278,149,129,-4,-2,-2
4471031023,2024-01-31,충청남도,금산군,금성면,화림리,335,173,162,333,173,160,-2,0,-2
4471031024,2024-01-31,충청남도,금산군,금성면,상가리,221,113,108,222,114,108,1,1,0
4471031025,2024-01-31,충청남도,금산군,금성면,두곡리,301,151,150,300,150,150,-1,-1,0
4471031026,2024-01-31,충청남도,금산군,금성면,파초리,246,133,113,245,134,111,-1,1,-2
4471031027,2024-01-31,충청남도,금산군,금성면,하류리,253,129,124,257,131,126,4,2,2
4471031028,2024-01-31,충청남도,금산군,금성면,의총리,278,149,129,275,147,128,-3,-2,-1
4471031029,2024-01-31,충청남도,금산군,금성면,마수리,313,169,144,312,168,144,-1,-1,0
4471031030,2024-01-31,충청남도,금산군,금성면,하신리,284,146,138,284,146,138,0,0,0
4471031031,2024-01-31,충청남도,금산군,금성면,대암리,114,63,51,115,64,51,1,1,0
4471032021,2024-01-31,충청남도,금산군,제원면,제원리,495,252,243,503,257,246,8,5,3
4471032022,2024-01-31,충청남도,금산군,제원면,명암리,200,114,86,203,116,87,3,2,1
4471032023,2024-01-31,충청남도,금산군,제원면,수당리,296,157,139,289,152,137,-7,-5,-2
4471032024,2024-01-31,충청남도,금산군,제원면,명곡리,260,142,118,259,141,118,-1,-1,0
4471032025,2024-01-31,충청남도,금산군,제원면,구억리,187,90,97,191,92,99,4,2,2
4471032026,2024-01-31,충청남도,금산군,제원면,동곡리,130,66,64,129,66,63,-1,0,-1
4471032027,2024-01-31,충청남도,금산군,제원면,길곡리,98,51,47,98,51,47,0,0,0
4471032028,2024-01-31,충청남도,금산군,제원면,신안리,70,38,32,73,39,34,3,1,2
4471032029,2024-01-31,충청남도,금산군,제원면,대산리,212,106,106,210,105,105,-2,-1,-1
4471032030,2024-01-31,충청남도,금산군,제원면,저곡리,148,78,70,149,79,70,1,1,0
4471032031,2024-01-31,충청남도,금산군,제원면,금성리,105,64,41,104,64,40,-1,0,-1
4471032032,2024-01-31,충청남도,금산군,제원면,용화리,150,71,79,150,71,79,0,0,0
4471032033,2024-01-31,충청남도,금산군,제원면,천내리,375,203,172,377,203,174,2,0,2
4471033021,2024-01-31,충청남도,금산군,부리면,창평리,300,154,146,302,155,147,2,1,1
4471033022,2024-01-31,충청남도,금산군,부리면,선원리,312,165,147,314,166,148,2,1,1
4471033023,2024-01-31,충청남도,금산군,부리면,관천리,124,62,62,124,62,62,0,0,0
4471033024,2024-01-31,충청남도,금산군,부리면,불이리,197,98,99,196,99,97,-1,1,-2
4471033025,2024-01-31,충청남도,금산군,부리면,양곡리,246,118,128,244,117,127,-2,-1,-1
4471033026,2024-01-31,충청남도,금산군,부리면,평촌리,218,104,114,217,103,114,-1,-1,0
4471033027,2024-01-31,충청남도,금산군,부리면,신촌리,193,103,90,190,102,88,-3,-1,-2
4471033028,2024-01-31,충청남도,금산군,부리면,어재리,164,84,80,165,85,80,1,1,0
4471033029,2024-01-31,충청남도,금산군,부리면,예미리,125,63,62,126,64,62,1,1,0
4471033030,2024-01-31,충청남도,금산군,부리면,수통리,186,96,90,185,95,90,-1,-1,0
4471033031,2024-01-31,충청남도,금산군,부리면,방우리,58,30,28,57,29,28,-1,-1,0
4471033032,2024-01-31,충청남도,금산군,부리면,현내리,266,133,133,262,133,129,-4,0,-4
4471034021,2024-01-31,충청남도,금산군,군북면,호티리,300,156,144,298,156,142,-2,0,-2
4471034022,2024-01-31,충청남도,금산군,군북면,내부리,448,227,221,445,224,221,-3,-3,0
4471034023,2024-01-31,충청남도,금산군,군북면,외부리,334,181,153,331,180,151,-3,-1,-2
4471034024,2024-01-31,충청남도,금산군,군북면,천을리,194,101,93,192,101,91,-2,0,-2
4471034025,2024-01-31,충청남도,금산군,군북면,두두리,259,128,131,262,131,131,3,3,0
4471034026,2024-01-31,충청남도,금산군,군북면,동편리,145,77,68,150,81,69,5,4,1
4471034027,2024-01-31,충청남도,금산군,군북면,조정리,162,82,80,162,82,80,0,0,0
4471034028,2024-01-31,충청남도,금산군,군북면,보광리,90,48,42,92,49,43,2,1,1
4471034029,2024-01-31,충청남도,금산군,군북면,상곡리,278,135,143,264,127,137,-14,-8,-6
4471034030,2024-01-31,충청남도,금산군,군북면,산안리,175,90,85,169,86,83,-6,-4,-2
4471035021,2024-01-31,충청남도,금산군,남일면,황풍리,326,170,156,330,171,159,4,1,3
4471035022,2024-01-31,충청남도,금산군,남일면,마장리,308,158,150,305,158,147,-3,0,-3
4471035023,2024-01-31,충청남도,금산군,남일면,상동리,283,139,144,282,139,143,-1,0,-1
4471035024,2024-01-31,충청남도,금산군,남일면,초현리,319,176,143,316,175,141,-3,-1,-2
4471035025,2024-01-31,충청남도,금산군,남일면,덕천리,215,101,114,214,100,114,-1,-1,0
4471035026,2024-01-31,충청남도,금산군,남일면,신정리,463,230,233,451,223,228,-12,-7,-5
4471035027,2024-01-31,충청남도,금산군,남일면,신동리,406,212,194,402,211,191,-4,-1,-3
4471035028,2024-01-31,충청남도,금산군,남일면,음대리,221,113,108,221,113,108,0,0,0
4471035029,2024-01-31,충청남도,금산군,남일면,신천리,227,117,110,227,117,110,0,0,0
4471036021,2024-01-31,충청남도,금산군,남이면,하금리,281,145,136,282,147,135,1,2,-1
4471036022,2024-01-31,충청남도,금산군,남이면,상금리,137,77,60,134,76,58,-3,-1,-2
4471036023,2024-01-31,충청남도,금산군,남이면,건천리,156,80,76,155,79,76,-1,-1,0
4471036024,2024-01-31,충청남도,금산군,남이면,역평리,206,110,96,203,109,94,-3,-1,-2
4471036025,2024-01-31,충청남도,금산군,남이면,대양리,159,82,77,160,82,78,1,0,1
4471036026,2024-01-31,충청남도,금산군,남이면,흑암리,212,98,114,213,99,114,1,1,0
4471036027,2024-01-31,충청남도,금산군,남이면,구석리,144,68,76,142,69,73,-2,1,-3
4471036028,2024-01-31,충청남도,금산군,남이면,매곡리,146,74,72,146,74,72,0,0,0
4471036029,2024-01-31,충청남도,금산군,남이면,석동리,290,150,140,286,147,139,-4,-3,-1
4471036030,2024-01-31,충청남도,금산군,남이면,성곡리,294,157,137,289,156,133,-5,-1,-4
4471037021,2024-01-31,충청남도,금산군,진산면,만악리,273,145,128,276,147,129,3,2,1
4471037022,2024-01-31,충청남도,금산군,진산면,엄정리,182,104,78,182,104,78,0,0,0
4471037023,2024-01-31,충청남도,금산군,진산면,부암리,277,128,149,273,127,146,-4,-1,-3
4471037024,2024-01-31,충청남도,금산군,진산면,삼가리,189,90,99,187,87,100,-2,-3,1
4471037025,2024-01-31,충청남도,금산군,진산면,오항리,90,48,42,90,48,42,0,0,0
4471037026,2024-01-31,충청남도,금산군,진산면,석막리,93,49,44,93,50,43,0,1,-1
4471037027,2024-01-31,충청남도,금산군,진산면,교촌리,229,116,113,223,113,110,-6,-3,-3
4471037028,2024-01-31,충청남도,금산군,진산면,읍내리,569,265,304,567,264,303,-2,-1,-1
4471037029,2024-01-31,충청남도,금산군,진산면,묵산리,238,121,117,238,122,116,0,1,-1
4471037030,2024-01-31,충청남도,금산군,진산면,행정리,202,104,98,205,107,98,3,3,0
4471037031,2024-01-31,충청남도,금산군,진산면,두지리,236,126,110,235,127,108,-1,1,-2
4471037032,2024-01-31,충청남도,금산군,진산면,지방리,354,178,176,356,179,177,2,1,1
4471037033,2024-01-31,충청남도,금산군,진산면,막현리,212,113,99,210,112,98,-2,-1,-1
4471038021,2024-01-31,충청남도,금산군,복수면,용진리,393,222,171,393,223,170,0,1,-1
4471038022,2024-01-31,충청남도,금산군,복수면,다복리,184,107,77,186,108,78,2,1,1
4471038023,2024-01-31,충청남도,금산군,복수면,곡남리,345,175,170,343,174,169,-2,-1,-1
4471038024,2024-01-31,충청남도,금산군,복수면,수영리,463,236,227,464,238,226,1,2,-1
4471038025,2024-01-31,충청남도,금산군,복수면,목소리,130,66,64,131,67,64,1,1,0
4471038026,2024-01-31,충청남도,금산군,복수면,백암리,345,178,167,345,178,167,0,0,0
4471038027,2024-01-31,충청남도,금산군,복수면,구례리,346,179,167,344,180,164,-2,1,-3
4471038028,2024-01-31,충청남도,금산군,복수면,신대리,421,225,196,428,228,200,7,3,4
4471038029,2024-01-31,충청남도,금산군,복수면,지량리,279,136,143,281,137,144,2,1,1
4471039021,2024-01-31,충청남도,금산군,추부면,용지리,290,153,137,288,153,135,-2,0,-2
4471039022,2024-01-31,충청남도,금산군,추부면,추정리,488,257,231,491,259,232,3,2,1
4471039023,2024-01-31,충청남도,금산군,추부면,마전리,2689,1397,1292,2677,1395,1282,-12,-2,-10
4471039024,2024-01-31,충청남도,금산군,추부면,비례리,264,143,121,262,142,120,-2,-1,-1
4471039025,2024-01-31,충청남도,금산군,추부면,자부리,165,84,81,165,84,81,0,0,0
4471039026,2024-01-31,충청남도,금산군,추부면,장대리,437,245,192,440,246,194,3,1,2
4471039027,2024-01-31,충청남도,금산군,추부면,요광리,281,154,127,283,155,128,2,1,1
4471039028,2024-01-31,충청남도,금산군,추부면,신평리,410,231,179,411,232,179,1,1,0
4471039029,2024-01-31,충청남도,금산군,추부면,성당리,519,274,245,501,266,235,-18,-8,-10
4471039030,2024-01-31,충청남도,금산군,추부면,서대리,263,155,108,264,156,108,1,1,0
4476025021,2024-01-31,충청남도,부여군,부여읍,송곡리,174,95,79,175,97,78,1,2,-1
4476025022,2024-01-31,충청남도,부여군,부여읍,상금리,163,83,80,162,82,80,-1,-1,0
4476025023,2024-01-31,충청남도,부여군,부여읍,염창리,255,132,123,253,132,121,-2,0,-2
4476025024,2024-01-31,충청남도,부여군,부여읍,정동리,334,176,158,334,174,160,0,-2,2
4476025025,2024-01-31,충청남도,부여군,부여읍,석목리,519,244,275,529,253,276,10,9,1
4476025026,2024-01-31,충청남도,부여군,부여읍,용정리,487,242,245,488,239,249,1,-3,4
4476025027,2024-01-31,충청남도,부여군,부여읍,가증리,222,111,111,222,111,111,0,0,0
4476025028,2024-01-31,충청남도,부여군,부여읍,동남리,4506,2208,2298,4487,2204,2283,-19,-4,-15
4476025029,2024-01-31,충청남도,부여군,부여읍,구아리,1876,912,964,1869,905,964,-7,-7,0
4476025030,2024-01-31,충청남도,부여군,부여읍,관북리,509,242,267,506,238,268,-3,-4,1
4476025031,2024-01-31,충청남도,부여군,부여읍,쌍북리,5393,2633,2760,5368,2617,2751,-25,-16,-9
4476025032,2024-01-31,충청남도,부여군,부여읍,구교리,616,305,311,613,301,312,-3,-4,1
4476025033,2024-01-31,충청남도,부여군,부여읍,가탑리,683,364,319,678,360,318,-5,-4,-1
4476025034,2024-01-31,충청남도,부여군,부여읍,중정리,387,206,181,385,205,180,-2,-1,-1
4476025035,2024-01-31,충청남도,부여군,부여읍,능산리,340,184,156,336,181,155,-4,-3,-1
4476025036,2024-01-31,충청남도,부여군,부여읍,자왕리,200,93,107,204,96,108,4,3,1
4476025037,2024-01-31,충청남도,부여군,부여읍,저석리,305,146,159,302,145,157,-3,-1,-2
4476025038,2024-01-31,충청남도,부여군,부여읍,신정리,172,100,72,174,101,73,2,1,1
4476025039,2024-01-31,충청남도,부여군,부여읍,송간리,144,68,76,146,69,77,2,1,1
4476025040,2024-01-31,충청남도,부여군,부여읍,군수리,678,365,313,673,366,307,-5,1,-6
4476025041,2024-01-31,충청남도,부여군,부여읍,왕포리,277,140,137,276,138,138,-1,-2,1
4476025042,2024-01-31,충청남도,부여군,부여읍,현북리,288,150,138,287,150,137,-1,0,-1
4476031021,2024-01-31,충청남도,부여군,규암면,반산리,3948,1965,1983,3935,1958,1977,-13,-7,-6
4476031022,2024-01-31,충청남도,부여군,규암면,나복리,358,181,177,357,179,178,-1,-2,1
4476031023,2024-01-31,충청남도,부여군,규암면,모리,87,51,36,86,50,36,-1,-1,0
4476031024,2024-01-31,충청남도,부여군,규암면,함양리,135,64,71,134,63,71,-1,-1,0
4476031025,2024-01-31,충청남도,부여군,규암면,호암리,59,34,25,57,33,24,-2,-1,-1
4476031026,2024-01-31,충청남도,부여군,규암면,합정리,283,81,202,278,79,199,-5,-2,-3
4476031027,2024-01-31,충청남도,부여군,규암면,신성리,121,62,59,120,61,59,-1,-1,0
4476031028,2024-01-31,충청남도,부여군,규암면,금암리,133,70,63,131,69,62,-2,-1,-1
4476031029,2024-01-31,충청남도,부여군,규암면,신리,339,159,180,339,161,178,0,2,-2
4476031030,2024-01-31,충청남도,부여군,규암면,오수리,341,188,153,339,188,151,-2,0,-2
4476031031,2024-01-31,충청남도,부여군,규암면,진변리,162,79,83,164,78,86,2,-1,3
4476031032,2024-01-31,충청남도,부여군,규암면,규암리,541,265,276,541,267,274,0,2,-2
4476031033,2024-01-31,충청남도,부여군,규암면,외리,2090,1014,1076,2083,1011,1072,-7,-3,-4
4476031034,2024-01-31,충청남도,부여군,규암면,내리,978,493,485,976,494,482,-2,1,-3
4476031035,2024-01-31,충청남도,부여군,규암면,합송리,1366,685,681,1368,687,681,2,2,0
4476031036,2024-01-31,충청남도,부여군,규암면,노화리,290,135,155,287,132,155,-3,-3,0
4476031037,2024-01-31,충청남도,부여군,규암면,수목리,169,84,85,168,83,85,-1,-1,0
4476031038,2024-01-31,충청남도,부여군,규암면,석우리,182,95,87,171,88,83,-11,-7,-4
4476031039,2024-01-31,충청남도,부여군,규암면,부여두리,76,38,38,78,38,40,2,0,2
4476032021,2024-01-31,충청남도,부여군,은산면,신대리,470,239,231,470,238,232,0,-1,1
4476032022,2024-01-31,충청남도,부여군,은산면,홍산리,240,124,116,242,123,119,2,-1,3
4476032023,2024-01-31,충청남도,부여군,은산면,오번리,188,96,92,188,97,91,0,1,-1
4476032024,2024-01-31,충청남도,부여군,은산면,은산리,525,258,267,520,256,264,-5,-2,-3
4476032025,2024-01-31,충청남도,부여군,은산면,회곡리,132,68,64,131,67,64,-1,-1,0
4476032026,2024-01-31,충청남도,부여군,은산면,대양리,192,95,97,191,94,97,-1,-1,0
4476032027,2024-01-31,충청남도,부여군,은산면,나령리,218,102,116,216,100,116,-2,-2,0
4476032028,2024-01-31,충청남도,부여군,은산면,가중리,236,119,117,234,117,117,-2,-2,0
4476032029,2024-01-31,충청남도,부여군,은산면,경둔리,153,81,72,153,81,72,0,0,0
4476032030,2024-01-31,충청남도,부여군,은산면,각대리,71,37,34,71,37,34,0,0,0
4476032031,2024-01-31,충청남도,부여군,은산면,거전리,130,78,52,124,72,52,-6,-6,0
4476032032,2024-01-31,충청남도,부여군,은산면,용두리,78,42,36,78,42,36,0,0,0
4476032033,2024-01-31,충청남도,부여군,은산면,내지리,271,134,137,272,135,137,1,1,0
4476032034,2024-01-31,충청남도,부여군,은산면,합수리,120,53,67,120,53,67,0,0,0
4476032035,2024-01-31,충청남도,부여군,은산면,금공리,153,81,72,147,79,68,-6,-2,-4
4476032036,2024-01-31,충청남도,부여군,은산면,가곡리,223,117,106,222,117,105,-1,0,-1
4476032037,2024-01-31,충청남도,부여군,은산면,장벌리,168,83,85,165,81,84,-3,-2,-1
4476033021,2024-01-31,충청남도,부여군,외산면,삼산리,73,38,35,73,38,35,0,0,0
4476033022,2024-01-31,충청남도,부여군,외산면,비암리,160,76,84,161,77,84,1,1,0
4476033023,2024-01-31,충청남도,부여군,외산면,지선리,115,51,64,115,51,64,0,0,0
4476033024,2024-01-31,충청남도,부여군,외산면,문신리,144,74,70,145,75,70,1,1,0
4476033025,2024-01-31,충청남도,부여군,외산면,가덕리,77,40,37,77,40,37,0,0,0
4476033026,2024-01-31,충청남도,부여군,외산면,반교리,151,77,74,150,77,73,-1,0,-1
4476033027,2024-01-31,충청남도,부여군,외산면,갈산리,148,68,80,150,68,82,2,0,2
4476033028,2024-01-31,충청남도,부여군,외산면,장항리,128,62,66,127,61,66,-1,-1,0
4476033029,2024-01-31,충청남도,부여군,외산면,수신리,131,54,77,129,54,75,-2,0,-2
4476033030,2024-01-31,충청남도,부여군,외산면,만수리,653,335,318,659,339,320,6,4,2
4476033031,2024-01-31,충청남도,부여군,외산면,복덕리,76,37,39,77,38,39,1,1,0
4476033032,2024-01-31,충청남도,부여군,외산면,화성리,197,100,97,195,100,95,-2,0,-2
4476033033,2024-01-31,충청남도,부여군,외산면,전장리,163,82,81,161,81,80,-2,-1,-1
4476034021,2024-01-31,충청남도,부여군,내산면,운치리,309,144,165,308,142,166,-1,-2,1
4476034022,2024-01-31,충청남도,부여군,내산면,천보리,107,50,57,105,49,56,-2,-1,-1
4476034023,2024-01-31,충청남도,부여군,내산면,저동리,147,74,73,147,74,73,0,0,0
4476034024,2024-01-31,충청남도,부여군,내산면,온해리,169,83,86,169,83,86,0,0,0
4476034025,2024-01-31,충청남도,부여군,내산면,지티리,143,72,71,141,71,70,-2,-1,-1
4476034026,2024-01-31,충청남도,부여군,내산면,주암리,114,61,53,114,61,53,0,0,0
4476034027,2024-01-31,충청남도,부여군,내산면,마전리,100,51,49,99,52,47,-1,1,-2
4476034028,2024-01-31,충청남도,부여군,내산면,금지리,130,70,60,127,69,58,-3,-1,-2
4476034029,2024-01-31,충청남도,부여군,내산면,묘원리,112,61,51,113,61,52,1,0,1
4476034030,2024-01-31,충청남도,부여군,내산면,율암리,135,67,68,136,68,68,1,1,0
4476035021,2024-01-31,충청남도,부여군,구룡면,구봉리,204,96,108,204,95,109,0,-1,1
4476035022,2024-01-31,충청남도,부여군,구룡면,죽절리,183,104,79,183,104,79,0,0,0
4476035023,2024-01-31,충청남도,부여군,구룡면,주정리,138,59,79,140,60,80,2,1,1
4476035024,2024-01-31,충청남도,부여군,구룡면,태양리,345,173,172,344,172,172,-1,-1,0
4476035025,2024-01-31,충청남도,부여군,구룡면,논티리,264,128,136,265,129,136,1,1,0
4476035026,2024-01-31,충청남도,부여군,구룡면,금사리,198,96,102,198,97,101,0,1,-1
4476035027,2024-01-31,충청남도,부여군,구룡면,현암리,219,115,104,220,115,105,1,0,1
4476035028,2024-01-31,충청남도,부여군,구룡면,죽교리,161,79,82,162,80,82,1,1,0
4476035029,2024-01-31,충청남도,부여군,구룡면,동방리,181,84,97,182,84,98,1,0,1
4476035030,2024-01-31,충청남도,부여군,구룡면,용당리,338,166,172,347,170,177,9,4,5
4476036021,2024-01-31,충청남도,부여군,홍산면,토정리,140,71,69,139,71,68,-1,0,-1
4476036022,2024-01-31,충청남도,부여군,홍산면,정동리,171,86,85,169,86,83,-2,0,-2
4476036023,2024-01-31,충청남도,부여군,홍산면,북촌리,470,223,247,473,225,248,3,2,1
4476036024,2024-01-31,충청남도,부여군,홍산면,남촌리,877,409,468,881,414,467,4,5,-1
4476036025,2024-01-31,충청남도,부여군,홍산면,홍양리,228,112,116,226,111,115,-2,-1,-1
4476036026,2024-01-31,충청남도,부여군,홍산면,좌홍리,135,59,76,138,61,77,3,2,1
4476036027,2024-01-31,충청남도,부여군,홍산면,교원리,238,125,113,233,123,110,-5,-2,-3
4476036028,2024-01-31,충청남도,부여군,홍산면,조현리,210,105,105,208,104,104,-2,-1,-1
4476036029,2024-01-31,충청남도,부여군,홍산면,상천리,119,63,56,119,63,56,0,0,0
4476036030,2024-01-31,충청남도,부여군,홍산면,무정리,105,55,50,105,55,50,0,0,0
4476037021,2024-01-31,충청남도,부여군,옥산면,상기리,120,56,64,118,55,63,-2,-1,-1
4476037022,2024-01-31,충청남도,부여군,옥산면,학산리,74,37,37,74,37,37,0,0,0
4476037023,2024-01-31,충청남도,부여군,옥산면,홍연리,158,73,85,157,73,84,-1,0,-1
4476037024,2024-01-31,충청남도,부여군,옥산면,수암리,103,52,51,103,52,51,0,0,0
4476037025,2024-01-31,충청남도,부여군,옥산면,봉산리,112,54,58,112,54,58,0,0,0
4476037026,2024-01-31,충청남도,부여군,옥산면,중양리,66,30,36,65,29,36,-1,-1,0
4476037027,2024-01-31,충청남도,부여군,옥산면,신안리,104,51,53,104,51,53,0,0,0
4476037028,2024-01-31,충청남도,부여군,옥산면,대덕리,97,52,45,98,53,45,1,1,0
4476037029,2024-01-31,충청남도,부여군,옥산면,안서리,141,74,67,141,74,67,0,0,0
4476037030,2024-01-31,충청남도,부여군,옥산면,내대리,173,84,89,174,84,90,1,0,1
4476037031,2024-01-31,충청남도,부여군,옥산면,가덕리,222,107,115,221,106,115,-1,-1,0
4476038021,2024-01-31,충청남도,부여군,남면,송학리,182,94,88,185,96,89,3,2,1
4476038022,2024-01-31,충청남도,부여군,남면,마정리,396,200,196,389,196,193,-7,-4,-3
4476038023,2024-01-31,충청남도,부여군,남면,송암리,235,115,120,236,115,121,1,0,1
4476038024,2024-01-31,충청남도,부여군,남면,대선리,140,68,72,138,66,72,-2,-2,0
4476038025,2024-01-31,충청남도,부여군,남면,회동리,227,108,119,225,106,119,-2,-2,0
4476038026,2024-01-31,충청남도,부여군,남면,내곡리,129,56,73,124,54,70,-5,-2,-3
4476038027,2024-01-31,충청남도,부여군,남면,신홍리,118,61,57,118,61,57,0,0,0
4476038028,2024-01-31,충청남도,부여군,남면,금천리,116,54,62,116,54,62,0,0,0
4476038029,2024-01-31,충청남도,부여군,남면,삼용리,182,90,92,184,91,93,2,1,1
4476039021,2024-01-31,충청남도,부여군,충화면,천당리,166,87,79,163,87,76,-3,0,-3
4476039022,2024-01-31,충청남도,부여군,충화면,복금리,142,78,64,143,79,64,1,1,0
4476039023,2024-01-31,충청남도,부여군,충화면,오덕리,124,60,64,124,61,63,0,1,-1
4476039024,2024-01-31,충청남도,부여군,충화면,현미리,92,54,38,91,54,37,-1,0,-1
4476039025,2024-01-31,충청남도,부여군,충화면,지석리,141,72,69,142,72,70,1,0,1
4476039026,2024-01-31,충청남도,부여군,충화면,가화리,76,42,34,76,42,34,0,0,0
4476039027,2024-01-31,충청남도,부여군,충화면,팔충리,92,51,41,91,50,41,-1,-1,0
4476039028,2024-01-31,충청남도,부여군,충화면,만지리,182,83,99,181,82,99,-1,-1,0
4476039029,2024-01-31,충청남도,부여군,충화면,청남리,75,42,33,75,42,33,0,0,0
4476040021,2024-01-31,충청남도,부여군,양화면,송정리,101,47,54,101,47,54,0,0,0
4476040022,2024-01-31,충청남도,부여군,양화면,내성리,88,44,44,89,45,44,1,1,0
4476040023,2024-01-31,충청남도,부여군,양화면,입포리,218,101,117,219,101,118,1,0,1
4476040024,2024-01-31,충청남도,부여군,양화면,오량리,112,49,63,112,49,63,0,0,0
4476040025,2024-01-31,충청남도,부여군,양화면,원당리,108,49,59,109,49,60,1,0,1
4476040026,2024-01-31,충청남도,부여군,양화면,족교리,102,50,52,100,49,51,-2,-1,-1
4476040027,2024-01-31,충청남도,부여군,양화면,상촌리,109,49,60,106,48,58,-3,-1,-2
4476040028,2024-01-31,충청남도,부여군,양화면,암수리,123,64,59,122,63,59,-1,-1,0
4476040029,2024-01-31,충청남도,부여군,양화면,초왕리,119,49,70,118,48,70,-1,-1,0
4476040030,2024-01-31,충청남도,부여군,양화면,벽용리,190,100,90,189,100,89,-1,0,-1
4476040031,2024-01-31,충청남도,부여군,양화면,수원리,155,78,77,155,78,77,0,0,0
4476040032,2024-01-31,충청남도,부여군,양화면,시음리,183,84,99,184,84,100,1,0,1
4476041021,2024-01-31,충청남도,부여군,임천면,군사리,511,249,262,511,249,262,0,0,0
4476041022,2024-01-31,충청남도,부여군,임천면,가신리,155,77,78,158,80,78,3,3,0
4476041023,2024-01-31,충청남도,부여군,임천면,구교리,303,143,160,303,143,160,0,0,0
4476041024,2024-01-31,충청남도,부여군,임천면,칠산리,384,202,182,383,200,183,-1,-2,1
4476041025,2024-01-31,충청남도,부여군,임천면,비정리,200,95,105,197,94,103,-3,-1,-2
4476041026,2024-01-31,충청남도,부여군,임천면,발산리,83,40,43,83,40,43,0,0,0
4476041027,2024-01-31,충청남도,부여군,임천면,만사리,294,148,146,294,149,145,0,1,-1
4476041028,2024-01-31,충청남도,부여군,임천면,점리,250,125,125,249,124,125,-1,-1,0
4476041029,2024-01-31,충청남도,부여군,임천면,두곡리,221,113,108,221,113,108,0,0,0
4476041030,2024-01-31,충청남도,부여군,임천면,탑산리,214,110,104,214,110,104,0,0,0
4476041031,2024-01-31,충청남도,부여군,임천면,옥곡리,71,34,37,72,35,37,1,1,0
4476042021,2024-01-31,충청남도,부여군,장암면,점상리,218,105,113,215,103,112,-3,-2,-1
4476042022,2024-01-31,충청남도,부여군,장암면,상황리,129,69,60,129,69,60,0,0,0
4476042023,2024-01-31,충청남도,부여군,장암면,하황리,131,67,64,138,72,66,7,5,2
4476042024,2024-01-31,충청남도,부여군,장암면,장하리,206,98,108,205,98,107,-1,0,-1
4476042025,2024-01-31,충청남도,부여군,장암면,정암리,194,100,94,194,100,94,0,0,0
4476042026,2024-01-31,충청남도,부여군,장암면,원문리,197,92,105,195,91,104,-2,-1,-1
4476042027,2024-01-31,충청남도,부여군,장암면,석동리,494,250,244,495,250,245,1,0,1
4476042028,2024-01-31,충청남도,부여군,장암면,지토리,365,189,176,361,187,174,-4,-2,-2
4476042029,2024-01-31,충청남도,부여군,장암면,합곡리,446,224,222,446,225,221,0,1,-1
4476042030,2024-01-31,충청남도,부여군,장암면,북고리,158,88,70,159,88,71,1,0,1
4476043021,2024-01-31,충청남도,부여군,세도면,귀덕리,244,136,108,243,135,108,-1,-1,0
4476043022,2024-01-31,충청남도,부여군,세도면,장산리,197,109,88,200,111,89,3,2,1
4476043023,2024-01-31,충청남도,부여군,세도면,가회리,453,238,215,448,238,210,-5,0,-5
4476043024,2024-01-31,충청남도,부여군,세도면,청송리,410,190,220,411,189,222,1,-1,2
4476043025,2024-01-31,충청남도,부여군,세도면,동사리,156,83,73,156,83,73,0,0,0
4476043026,2024-01-31,충청남도,부여군,세도면,간대리,310,153,157,311,153,158,1,0,1
4476043027,2024-01-31,충청남도,부여군,세도면,수고리,261,127,134,256,124,132,-5,-3,-2
4476043028,2024-01-31,충청남도,부여군,세도면,청포리,510,266,244,508,264,244,-2,-2,0
4476043029,2024-01-31,충청남도,부여군,세도면,반조원리,169,90,79,167,88,79,-2,-2,0
4476043030,2024-01-31,충청남도,부여군,세도면,화수리,116,53,63,117,53,64,1,0,1
4476043031,2024-01-31,충청남도,부여군,세도면,사산리,117,66,51,115,65,50,-2,-1,-1
4476044021,2024-01-31,충청남도,부여군,석성면,석성리,314,162,152,311,160,151,-3,-2,-1
4476044022,2024-01-31,충청남도,부여군,석성면,봉정리,290,152,138,288,152,136,-2,0,-2
4476044023,2024-01-31,충청남도,부여군,석성면,비당리,389,210,179,387,208,179,-2,-2,0
4476044024,2024-01-31,충청남도,부여군,석성면,증산리,1036,546,490,1042,549,493,6,3,3
4476044025,2024-01-31,충청남도,부여군,석성면,정각리,159,80,79,159,80,79,0,0,0
4476044026,2024-01-31,충청남도,부여군,석성면,현내리,506,272,234,507,273,234,1,1,0
4476045000,2024-01-31,충청남도,부여군,초촌면,초촌면,1,1,0,0,0,0,-1,-1,0
4476045021,2024-01-31,충청남도,부여군,초촌면,신암리,194,103,91,194,103,91,0,0,0
4476045022,2024-01-31,충청남도,부여군,초촌면,소사리,207,109,98,200,104,96,-7,-5,-2
4476045023,2024-01-31,충청남도,부여군,초촌면,산직리,164,83,81,167,85,82,3,2,1
4476045024,2024-01-31,충청남도,부여군,초촌면,응평리,303,161,142,298,157,141,-5,-4,-1
4476045025,2024-01-31,충청남도,부여군,초촌면,연화리,109,57,52,106,55,51,-3,-2,-1
4476045026,2024-01-31,충청남도,부여군,초촌면,추양리,310,148,162,309,149,160,-1,1,-2
4476045027,2024-01-31,충청남도,부여군,초촌면,송국리,144,80,64,144,80,64,0,0,0
4476045028,2024-01-31,충청남도,부여군,초촌면,세탑리,114,58,56,113,57,56,-1,-1,0
4476045029,2024-01-31,충청남도,부여군,초촌면,송정리,121,57,64,121,57,64,0,0,0
4476045030,2024-01-31,충청남도,부여군,초촌면,진호리,199,96,103,196,96,100,-3,0,-3
4476045031,2024-01-31,충청남도,부여군,초촌면,초평리,166,80,86,164,79,85,-2,-1,-1
4477025021,2024-01-31,충청남도,서천군,장항읍,창선1리,678,355,323,673,357,316,-5,2,-7
4477025022,2024-01-31,충청남도,서천군,장항읍,창선2리,2155,1065,1090,2163,1065,1098,8,0,8
4477025023,2024-01-31,충청남도,서천군,장항읍,성주리,1458,716,742,1474,726,748,16,10,6
4477025024,2024-01-31,충청남도,서천군,장항읍,신창리,2849,1412,1437,2849,1412,1437,0,0,0
4477025025,2024-01-31,충청남도,서천군,장항읍,장암리,4,2,2,5,3,2,1,1,0
4477025026,2024-01-31,충청남도,서천군,장항읍,화천리,1048,527,521,1035,522,513,-13,-5,-8
4477025027,2024-01-31,충청남도,서천군,장항읍,송림리,472,247,225,464,242,222,-8,-5,-3
4477025028,2024-01-31,충청남도,서천군,장항읍,옥남리,394,223,171,436,250,186,42,27,15
4477025029,2024-01-31,충청남도,서천군,장항읍,옥산리,333,160,173,332,160,172,-1,0,-1
4477025030,2024-01-31,충청남도,서천군,장항읍,원수리,1534,785,749,1518,779,739,-16,-6,-10
4477025321,2024-01-31,충청남도,서천군,서천읍,군사리,3371,1653,1718,3353,1649,1704,-18,-4,-14
4477025322,2024-01-31,충청남도,서천군,서천읍,사곡리,6786,3265,3521,6757,3252,3505,-29,-13,-16
4477025323,2024-01-31,충청남도,서천군,서천읍,오석리,206,98,108,207,99,108,1,1,0
4477025324,2024-01-31,충청남도,서천군,서천읍,화성리,152,76,76,156,77,79,4,1,3
4477025325,2024-01-31,충청남도,서천군,서천읍,태월리,113,57,56,111,56,55,-2,-1,-1
4477025326,2024-01-31,충청남도,서천군,서천읍,둔덕리,144,67,77,143,67,76,-1,0,-1
4477025327,2024-01-31,충청남도,서천군,서천읍,동산리,151,77,74,154,77,77,3,0,3
4477025328,2024-01-31,충청남도,서천군,서천읍,삼산리,317,153,164,314,151,163,-3,-2,-1
4477025329,2024-01-31,충청남도,서천군,서천읍,신송리,363,182,181,365,183,182,2,1,1
4477025330,2024-01-31,충청남도,서천군,서천읍,화금리,647,332,315,644,328,316,-3,-4,1
4477025331,2024-01-31,충청남도,서천군,서천읍,구암리,237,111,126,233,108,125,-4,-3,-1
4477025332,2024-01-31,충청남도,서천군,서천읍,두왕리,324,153,171,320,150,170,-4,-3,-1
4477025333,2024-01-31,충청남도,서천군,서천읍,남산리,139,67,72,140,67,73,1,0,1
4477031021,2024-01-31,충청남도,서천군,마서면,계동리,321,147,174,319,147,172,-2,0,-2
4477031022,2024-01-31,충청남도,서천군,마서면,봉남리,162,70,92,158,69,89,-4,-1,-3
4477031023,2024-01-31,충청남도,서천군,마서면,옥산리,291,147,144,287,144,143,-4,-3,-1
4477031024,2024-01-31,충청남도,서천군,마서면,한성리,312,146,166,310,144,166,-2,-2,0
4477031025,2024-01-31,충청남도,서천군,마서면,송석리,441,231,210,440,229,211,-1,-2,1
4477031026,2024-01-31,충청남도,서천군,마서면,죽산리,342,184,158,340,183,157,-2,-1,-1
4477031027,2024-01-31,충청남도,서천군,마서면,월포리,277,138,139,273,138,135,-4,0,-4
4477031028,2024-01-31,충청남도,서천군,마서면,남전리,352,177,175,350,177,173,-2,0,-2
4477031029,2024-01-31,충청남도,서천군,마서면,옥북리,128,61,67,128,61,67,0,0,0
4477031030,2024-01-31,충청남도,서천군,마서면,덕암리,586,273,313,584,273,311,-2,0,-2
4477031031,2024-01-31,충청남도,서천군,마서면,송내리,259,137,122,258,137,121,-1,0,-1
4477031032,2024-01-31,충청남도,서천군,마서면,장선리,192,96,96,193,95,98,1,-1,2
4477031033,2024-01-31,충청남도,서천군,마서면,도삼리,300,143,157,300,143,157,0,0,0
4477031034,2024-01-31,충청남도,서천군,마서면,신포리,199,100,99,201,102,99,2,2,0
4477031035,2024-01-31,충청남도,서천군,마서면,산내리,91,50,41,91,50,41,0,0,0
4477031036,2024-01-31,충청남도,서천군,마서면,당선리,188,94,94,191,95,96,3,1,2
4477031037,2024-01-31,충청남도,서천군,마서면,어리,139,63,76,138,63,75,-1,0,-1
4477032021,2024-01-31,충청남도,서천군,화양면,옥포리,193,100,93,193,100,93,0,0,0
4477032022,2024-01-31,충청남도,서천군,화양면,보현리,65,36,29,63,34,29,-2,-2,0
4477032023,2024-01-31,충청남도,서천군,화양면,와초리,96,43,53,95,43,52,-1,0,-1
4477032024,2024-01-31,충청남도,서천군,화양면,완포리,114,59,55,113,58,55,-1,-1,0
4477032025,2024-01-31,충청남도,서천군,화양면,화촌리,128,61,67,127,60,67,-1,-1,0
4477032026,2024-01-31,충청남도,서천군,화양면,죽산리,48,24,24,48,24,24,0,0,0
4477032027,2024-01-31,충청남도,서천군,화양면,월산리,90,39,51,91,39,52,1,0,1
4477032028,2024-01-31,충청남도,서천군,화양면,남성리,104,49,55,104,49,55,0,0,0
4477032029,2024-01-31,충청남도,서천군,화양면,대등리,73,37,36,72,36,36,-1,-1,0
4477032030,2024-01-31,충청남도,서천군,화양면,활동리,44,23,21,45,24,21,1,1,0
4477032031,2024-01-31,충청남도,서천군,화양면,대하리,89,41,48,90,41,49,1,0,1
4477032032,2024-01-31,충청남도,서천군,화양면,기복리,117,56,61,117,56,61,0,0,0
4477032033,2024-01-31,충청남도,서천군,화양면,추동리,134,60,74,134,60,74,0,0,0
4477032034,2024-01-31,충청남도,서천군,화양면,금당리,219,109,110,217,108,109,-2,-1,-1
4477032035,2024-01-31,충청남도,서천군,화양면,창외리,103,52,51,102,50,52,-1,-2,1
4477032036,2024-01-31,충청남도,서천군,화양면,고마리,60,26,34,61,27,34,1,1,0
4477032037,2024-01-31,충청남도,서천군,화양면,장상리,101,51,50,101,51,50,0,0,0
4477032038,2024-01-31,충청남도,서천군,화양면,망월리,132,62,70,132,63,69,0,1,-1
4477032039,2024-01-31,충청남도,서천군,화양면,봉명리,197,104,93,199,106,93,2,2,0
4477033021,2024-01-31,충청남도,서천군,기산면,화산리,211,109,102,211,110,101,0,1,-1
4477033022,2024-01-31,충청남도,서천군,기산면,신산리,172,89,83,166,84,82,-6,-5,-1
4477033023,2024-01-31,충청남도,서천군,기산면,내동리,51,27,24,51,27,24,0,0,0
4477033024,2024-01-31,충청남도,서천군,기산면,두남리,130,63,67,128,63,65,-2,0,-2
4477033025,2024-01-31,충청남도,서천군,기산면,두북리,142,74,68,141,74,67,-1,0,-1
4477033026,2024-01-31,충청남도,서천군,기산면,원길리,117,61,56,116,60,56,-1,-1,0
4477033027,2024-01-31,충청남도,서천군,기산면,산정리,172,86,86,171,87,84,-1,1,-2
4477033028,2024-01-31,충청남도,서천군,기산면,막동리,71,34,37,71,34,37,0,0,0
4477033029,2024-01-31,충청남도,서천군,기산면,월기리,109,56,53,110,56,54,1,0,1
4477033030,2024-01-31,충청남도,서천군,기산면,가공리,97,43,54,96,43,53,-1,0,-1
4477033031,2024-01-31,충청남도,서천군,기산면,영모리,81,41,40,81,41,40,0,0,0
4477033032,2024-01-31,충청남도,서천군,기산면,광암리,73,34,39,71,33,38,-2,-1,-1
4477033033,2024-01-31,충청남도,서천군,기산면,황사리,92,41,51,92,40,52,0,-1,1
4477034021,2024-01-31,충청남도,서천군,한산면,지현리,502,243,259,503,244,259,1,1,0
4477034022,2024-01-31,충청남도,서천군,한산면,동산리,234,106,128,237,109,128,3,3,0
4477034023,2024-01-31,충청남도,서천군,한산면,성외리,133,61,72,133,61,72,0,0,0
4477034024,2024-01-31,충청남도,서천군,한산면,호암리,144,71,73,142,70,72,-2,-1,-1
4477034025,2024-01-31,충청남도,서천군,한산면,죽촌리,143,69,74,143,69,74,0,0,0
4477034026,2024-01-31,충청남도,서천군,한산면,종지리,101,50,51,101,50,51,0,0,0
4477034027,2024-01-31,충청남도,서천군,한산면,송곡리,48,22,26,47,22,25,-1,0,-1
4477034028,2024-01-31,충청남도,서천군,한산면,축동리,49,22,27,48,21,27,-1,-1,0
4477034029,2024-01-31,충청남도,서천군,한산면,송산리,76,35,41,75,35,40,-1,0,-1
4477034030,2024-01-31,충청남도,서천군,한산면,원산리,98,44,54,98,44,54,0,0,0
4477034031,2024-01-31,충청남도,서천군,한산면,여사리,82,38,44,82,38,44,0,0,0
4477034032,2024-01-31,충청남도,서천군,한산면,나교리,56,29,27,57,29,28,1,0,1
4477034033,2024-01-31,충청남도,서천군,한산면,동지리,103,41,62,102,40,62,-1,-1,0
4477034034,2024-01-31,충청남도,서천군,한산면,단상리,116,48,68,118,49,69,2,1,1
4477034035,2024-01-31,충청남도,서천군,한산면,단하리,23,11,12,23,11,12,0,0,0
4477034036,2024-01-31,충청남도,서천군,한산면,마양리,89,46,43,87,44,43,-2,-2,0
4477034037,2024-01-31,충청남도,서천군,한산면,온동리,50,27,23,50,27,23,0,0,0
4477034038,2024-01-31,충청남도,서천군,한산면,연봉리,139,69,70,138,69,69,-1,0,-1
4477034039,2024-01-31,충청남도,서천군,한산면,용산리,87,43,44,85,42,43,-2,-1,-1
4477034040,2024-01-31,충청남도,서천군,한산면,신성리,34,12,22,34,12,22,0,0,0
4477034041,2024-01-31,충청남도,서천군,한산면,구동리,63,35,28,62,35,27,-1,0,-1
4477035021,2024-01-31,충청남도,서천군,마산면,안당리,120,61,59,120,61,59,0,0,0
4477035022,2024-01-31,충청남도,서천군,마산면,소야리,27,14,13,27,14,13,0,0,0
4477035023,2024-01-31,충청남도,서천군,마산면,신장리,136,69,67,139,70,69,3,1,2
4477035024,2024-01-31,충청남도,서천군,마산면,지산리,132,62,70,131,61,70,-1,-1,0
4477035025,2024-01-31,충청남도,서천군,마산면,가양리,124,65,59,124,65,59,0,0,0
4477035026,2024-01-31,충청남도,서천군,마산면,요곡리,64,26,38,64,26,38,0,0,0
4477035027,2024-01-31,충청남도,서천군,마산면,관포리,100,49,51,98,48,50,-2,-1,-1
4477035028,2024-01-31,충청남도,서천군,마산면,신봉리,67,31,36,68,31,37,1,0,1
4477035029,2024-01-31,충청남도,서천군,마산면,삼월리,41,20,21,41,20,21,0,0,0
4477035030,2024-01-31,충청남도,서천군,마산면,군간리,51,27,24,52,27,25,1,0,1
4477035031,2024-01-31,충청남도,서천군,마산면,시선리,70,30,40,69,30,39,-1,0,-1
4477035032,2024-01-31,충청남도,서천군,마산면,벽오리,36,14,22,34,14,20,-2,0,-2
4477035033,2024-01-31,충청남도,서천군,마산면,마명리,111,51,60,111,51,60,0,0,0
4477035034,2024-01-31,충청남도,서천군,마산면,이사리,143,62,81,134,58,76,-9,-4,-5
4477035035,2024-01-31,충청남도,서천군,마산면,나궁리,114,51,63,114,51,63,0,0,0
4477035036,2024-01-31,충청남도,서천군,마산면,송림리,61,33,28,61,33,28,0,0,0
4477036021,2024-01-31,충청남도,서천군,시초면,초현리,205,99,106,206,99,107,1,0,1
4477036022,2024-01-31,충청남도,서천군,시초면,선동리,146,64,82,144,63,81,-2,-1,-1
4477036023,2024-01-31,충청남도,서천군,시초면,선암리,115,57,58,115,57,58,0,0,0
4477036024,2024-01-31,충청남도,서천군,시초면,신흥리,123,65,58,123,65,58,0,0,0
4477036025,2024-01-31,충청남도,서천군,시초면,용곡리,66,34,32,66,34,32,0,0,0
4477036026,2024-01-31,충청남도,서천군,시초면,신곡리,143,67,76,146,67,79,3,0,3
4477036027,2024-01-31,충청남도,서천군,시초면,태성리,70,23,47,69,23,46,-1,0,-1
4477036028,2024-01-31,충청남도,서천군,시초면,봉선리,88,47,41,85,44,41,-3,-3,0
4477036029,2024-01-31,충청남도,서천군,시초면,풍정리,126,66,60,125,65,60,-1,-1,0
4477036030,2024-01-31,충청남도,서천군,시초면,후암리,114,67,47,114,67,47,0,0,0
4477037021,2024-01-31,충청남도,서천군,문산면,신농리,243,117,126,243,116,127,0,-1,1
4477037022,2024-01-31,충청남도,서천군,문산면,문장리,152,80,72,152,80,72,0,0,0
4477037023,2024-01-31,충청남도,서천군,문산면,북산리,127,58,69,127,58,69,0,0,0
4477037024,2024-01-31,충청남도,서천군,문산면,금복리,179,101,78,180,102,78,1,1,0
4477037025,2024-01-31,충청남도,서천군,문산면,수암리,101,51,50,99,50,49,-2,-1,-1
4477037026,2024-01-31,충청남도,서천군,문산면,지원리,173,83,90,170,81,89,-3,-2,-1
4477037027,2024-01-31,충청남도,서천군,문산면,구동리,136,75,61,135,74,61,-1,-1,0
4477037028,2024-01-31,충청남도,서천군,문산면,은곡리,81,37,44,80,36,44,-1,-1,0
4477038021,2024-01-31,충청남도,서천군,판교면,판교리,203,104,99,201,104,97,-2,0,-2
4477038022,2024-01-31,충청남도,서천군,판교면,마대리,124,63,61,124,63,61,0,0,0
4477038023,2024-01-31,충청남도,서천군,판교면,심동리,96,50,46,97,51,46,1,1,0
4477038024,2024-01-31,충청남도,서천군,판교면,상좌리,169,85,84,170,86,84,1,1,0
4477038025,2024-01-31,충청남도,서천군,판교면,우라리,98,50,48,96,49,47,-2,-1,-1
4477038026,2024-01-31,충청남도,서천군,판교면,문곡리,106,50,56,107,50,57,1,0,1
4477038027,2024-01-31,충청남도,서천군,판교면,후동리,56,24,32,56,24,32,0,0,0
4477038028,2024-01-31,충청남도,서천군,판교면,만덕리,76,37,39,78,39,39,2,2,0
4477038029,2024-01-31,충청남도,서천군,판교면,현암리,385,180,205,383,179,204,-2,-1,-1
4477038030,2024-01-31,충청남도,서천군,판교면,저산리,74,32,42,74,31,43,0,-1,1
4477038031,2024-01-31,충청남도,서천군,판교면,수성리,70,35,35,72,35,37,2,0,2
4477038032,2024-01-31,충청남도,서천군,판교면,복대리,153,74,79,153,74,79,0,0,0
4477038033,2024-01-31,충청남도,서천군,판교면,흥림리,108,51,57,108,51,57,0,0,0
4477038034,2024-01-31,충청남도,서천군,판교면,등고리,140,71,69,141,72,69,1,1,0
4477038035,2024-01-31,충청남도,서천군,판교면,금덕리,101,49,52,102,50,52,1,1,0
4477039021,2024-01-31,충청남도,서천군,종천면,신검리,103,47,56,100,45,55,-3,-2,-1
4477039022,2024-01-31,충청남도,서천군,종천면,랑평리,98,46,52,98,46,52,0,0,0
4477039023,2024-01-31,충청남도,서천군,종천면,종천리,494,223,271,490,222,268,-4,-1,-3
4477039024,2024-01-31,충청남도,서천군,종천면,당정리,305,143,162,303,141,162,-2,-2,0
4477039025,2024-01-31,충청남도,서천군,종천면,장구리,338,172,166,336,171,165,-2,-1,-1
4477039026,2024-01-31,충청남도,서천군,종천면,화산리,131,66,65,131,66,65,0,0,0
4477039027,2024-01-31,충청남도,서천군,종천면,산천리,187,94,93,196,100,96,9,6,3
4477039028,2024-01-31,충청남도,서천군,종천면,도만리,56,27,29,56,27,29,0,0,0
4477039029,2024-01-31,충청남도,서천군,종천면,석촌리,179,96,83,179,96,83,0,0,0
4477039030,2024-01-31,충청남도,서천군,종천면,지석리,107,51,56,107,51,56,0,0,0
4477040021,2024-01-31,충청남도,서천군,비인면,성내리,652,319,333,648,316,332,-4,-3,-1
4477040022,2024-01-31,충청남도,서천군,비인면,성북리,227,110,117,231,113,118,4,3,1
4477040023,2024-01-31,충청남도,서천군,비인면,선도리,401,189,212,401,187,214,0,-2,2
4477040024,2024-01-31,충청남도,서천군,비인면,칠지리,137,74,63,137,74,63,0,0,0
4477040025,2024-01-31,충청남도,서천군,비인면,구복리,106,56,50,110,59,51,4,3,1
4477040026,2024-01-31,충청남도,서천군,비인면,남당리,98,48,50,98,48,50,0,0,0
4477040027,2024-01-31,충청남도,서천군,비인면,율리,90,44,46,90,43,47,0,-1,1
4477040028,2024-01-31,충청남도,서천군,비인면,성산리,94,46,48,96,46,50,2,0,2
4477040029,2024-01-31,충청남도,서천군,비인면,관리,417,221,196,417,219,198,0,-2,2
4477040030,2024-01-31,충청남도,서천군,비인면,다사리,343,183,160,342,182,160,-1,-1,0
4477040031,2024-01-31,충청남도,서천군,비인면,장포리,261,127,134,262,126,136,1,-1,2
4477041021,2024-01-31,충청남도,서천군,서면,개야리,114,56,58,112,55,57,-2,-1,-1
4477041022,2024-01-31,충청남도,서천군,서면,마량리,468,244,224,462,242,220,-6,-2,-4
4477041023,2024-01-31,충청남도,서천군,서면,월리,127,64,63,126,63,63,-1,-1,0
4477041024,2024-01-31,충청남도,서천군,서면,부사리,217,115,102,217,116,101,0,1,-1
4477041025,2024-01-31,충청남도,서천군,서면,원두리,182,85,97,184,85,99,2,0,2
4477041026,2024-01-31,충청남도,서천군,서면,신합리,560,288,272,565,292,273,5,4,1
4477041027,2024-01-31,충청남도,서천군,서면,월호리,316,162,154,313,160,153,-3,-2,-1
4477041028,2024-01-31,충청남도,서천군,서면,도둔리,1963,1023,940,1966,1021,945,3,-2,5
4477041029,2024-01-31,충청남도,서천군,서면,주항리,151,75,76,155,77,78,4,2,2
4479025021,2024-01-31,충청남도,청양군,청양읍,읍내리,5866,2930,2936,5829,2915,2914,-37,-15,-22
4479025022,2024-01-31,충청남도,청양군,청양읍,백천리,214,108,106,220,111,109,6,3,3
4479025023,2024-01-31,충청남도,청양군,청양읍,교월리,863,423,440,865,424,441,2,1,1
4479025024,2024-01-31,충청남도,청양군,청양읍,벽천리,1088,602,486,1062,584,478,-26,-18,-8
4479025025,2024-01-31,충청남도,청양군,청양읍,적누리,281,147,134,279,146,133,-2,-1,-1
4479025026,2024-01-31,충청남도,청양군,청양읍,정좌리,212,108,104,211,107,104,-1,-1,0
4479025027,2024-01-31,충청남도,청양군,청양읍,군량리,167,87,80,165,85,80,-2,-2,0
4479025028,2024-01-31,충청남도,청양군,청양읍,장승리,232,126,106,232,127,105,0,1,-1
4479025029,2024-01-31,충청남도,청양군,청양읍,송방리,817,423,394,807,414,393,-10,-9,-1
4479025030,2024-01-31,충청남도,청양군,청양읍,청수리,254,144,110,255,144,111,1,0,1
4479025031,2024-01-31,충청남도,청양군,청양읍,학당리,177,93,84,173,92,81,-4,-1,-3
4479031021,2024-01-31,충청남도,청양군,운곡면,위라리,251,127,124,248,125,123,-3,-2,-1
4479031022,2024-01-31,충청남도,청양군,운곡면,효제리,196,102,94,195,102,93,-1,0,-1
4479031023,2024-01-31,충청남도,청양군,운곡면,후덕리,251,127,124,249,125,124,-2,-2,0
4479031024,2024-01-31,충청남도,청양군,운곡면,모곡리,223,112,111,223,112,111,0,0,0
4479031025,2024-01-31,충청남도,청양군,운곡면,신대리,273,135,138,272,134,138,-1,-1,0
4479031026,2024-01-31,충청남도,청양군,운곡면,영양리,285,146,139,283,147,136,-2,1,-3
4479031027,2024-01-31,충청남도,청양군,운곡면,미량리,156,72,84,155,72,83,-1,0,-1
4479031028,2024-01-31,충청남도,청양군,운곡면,광암리,245,123,122,243,122,121,-2,-1,-1
4479031029,2024-01-31,충청남도,청양군,운곡면,추광리,189,94,95,188,92,96,-1,-2,1
4479032021,2024-01-31,충청남도,청양군,대치면,주정리,271,140,131,272,138,134,1,-2,3
4479032022,2024-01-31,충청남도,청양군,대치면,탄정리,250,124,126,250,124,126,0,0,0
4479032023,2024-01-31,충청남도,청양군,대치면,광금리,103,55,48,101,55,46,-2,0,-2
4479032024,2024-01-31,충청남도,청양군,대치면,구치리,68,38,30,67,37,30,-1,-1,0
4479032025,2024-01-31,충청남도,청양군,대치면,장곡리,124,65,59,124,64,60,0,-1,1
4479032026,2024-01-31,충청남도,청양군,대치면,개곡리,49,23,26,49,23,26,0,0,0
4479032027,2024-01-31,충청남도,청양군,대치면,작천리,129,75,54,129,74,55,0,-1,1
4479032028,2024-01-31,충청남도,청양군,대치면,광대리,83,47,36,85,48,37,2,1,1
4479032029,2024-01-31,충청남도,청양군,대치면,대치리,93,44,49,93,44,49,0,0,0
4479032030,2024-01-31,충청남도,청양군,대치면,오룡리,75,37,38,75,37,38,0,0,0
4479032031,2024-01-31,충청남도,청양군,대치면,형산리,144,74,70,146,76,70,2,2,0
4479032032,2024-01-31,충청남도,청양군,대치면,이화리,125,70,55,125,70,55,0,0,0
4479032033,2024-01-31,충청남도,청양군,대치면,시전리,236,124,112,229,122,107,-7,-2,-5
4479032034,2024-01-31,충청남도,청양군,대치면,상갑리,147,81,66,146,81,65,-1,0,-1
4479032035,2024-01-31,충청남도,청양군,대치면,농소리,149,84,65,153,86,67,4,2,2
4479032036,2024-01-31,충청남도,청양군,대치면,수석리,163,80,83,163,80,83,0,0,0
4479033021,2024-01-31,충청남도,청양군,정산면,서정리,1149,604,545,1132,598,534,-17,-6,-11
4479033022,2024-01-31,충청남도,청양군,정산면,역촌리,342,170,172,339,169,170,-3,-1,-2
4479033023,2024-01-31,충청남도,청양군,정산면,백곡리,205,101,104,204,101,103,-1,0,-1
4479033024,2024-01-31,충청남도,청양군,정산면,해남리,164,86,78,163,86,77,-1,0,-1
4479033025,2024-01-31,충청남도,청양군,정산면,남천리,145,77,68,146,78,68,1,1,0
4479033026,2024-01-31,충청남도,청양군,정산면,송학리,141,73,68,141,73,68,0,0,0
4479033027,2024-01-31,충청남도,청양군,정산면,대박리,168,88,80,168,88,80,0,0,0
4479033028,2024-01-31,충청남도,청양군,정산면,용두리,137,72,65,133,70,63,-4,-2,-2
4479033029,2024-01-31,충청남도,청양군,정산면,마치리,213,110,103,208,108,100,-5,-2,-3
4479033030,2024-01-31,충청남도,청양군,정산면,천장리,86,44,42,81,43,38,-5,-1,-4
4479033031,2024-01-31,충청남도,청양군,정산면,내초리,68,37,31,68,37,31,0,0,0
4479033032,2024-01-31,충청남도,청양군,정산면,신덕리,93,44,49,93,44,49,0,0,0
4479033033,2024-01-31,충청남도,청양군,정산면,와촌리,111,56,55,110,56,54,-1,0,-1
4479033034,2024-01-31,충청남도,청양군,정산면,학암리,99,53,46,102,55,47,3,2,1
4479033035,2024-01-31,충청남도,청양군,정산면,덕성리,168,88,80,168,88,80,0,0,0
4479033036,2024-01-31,충청남도,청양군,정산면,광생리,167,87,80,163,86,77,-4,-1,-3
4479034021,2024-01-31,충청남도,청양군,목면,지곡리,198,99,99,194,97,97,-4,-2,-2
4479034022,2024-01-31,충청남도,청양군,목면,화양리,212,115,97,210,114,96,-2,-1,-1
4479034023,2024-01-31,충청남도,청양군,목면,신흥리,115,67,48,118,68,50,3,1,2
4479034024,2024-01-31,충청남도,청양군,목면,안심리,352,176,176,347,175,172,-5,-1,-4
4479034025,2024-01-31,충청남도,청양군,목면,송암리,145,79,66,144,78,66,-1,-1,0
4479034026,2024-01-31,충청남도,청양군,목면,본의리,246,137,109,244,134,110,-2,-3,1
4479034027,2024-01-31,충청남도,청양군,목면,대평리,217,110,107,212,108,104,-5,-2,-3
4479035021,2024-01-31,충청남도,청양군,청남면,청소리,246,128,118,249,131,118,3,3,0
4479035022,2024-01-31,충청남도,청양군,청남면,지곡리,120,64,56,117,63,54,-3,-1,-2
4479035023,2024-01-31,충청남도,청양군,청남면,내직리,122,60,62,121,60,61,-1,0,-1
4479035024,2024-01-31,충청남도,청양군,청남면,천내리,122,64,58,121,63,58,-1,-1,0
4479035025,2024-01-31,충청남도,청양군,청남면,동강리,119,62,57,119,61,58,0,-1,1
4479035026,2024-01-31,충청남도,청양군,청남면,중산리,159,84,75,159,84,75,0,0,0
4479035027,2024-01-31,충청남도,청양군,청남면,왕진리,285,157,128,285,157,128,0,0,0
4479035028,2024-01-31,충청남도,청양군,청남면,인양리,206,104,102,201,102,99,-5,-2,-3
4479035029,2024-01-31,충청남도,청양군,청남면,대흥리,161,79,82,162,80,82,1,1,0
4479035030,2024-01-31,충청남도,청양군,청남면,아산리,130,69,61,129,68,61,-1,-1,0
4479035031,2024-01-31,충청남도,청양군,청남면,상장리,145,76,69,146,77,69,1,1,0
4479036021,2024-01-31,충청남도,청양군,장평면,중추리,280,150,130,281,151,130,1,1,0
4479036022,2024-01-31,충청남도,청양군,장평면,은곡리,178,88,90,176,86,90,-2,-2,0
4479036023,2024-01-31,충청남도,청양군,장평면,미당리,324,163,161,316,158,158,-8,-5,-3
4479036024,2024-01-31,충청남도,청양군,장평면,적곡리,190,97,93,191,98,93,1,1,0
4479036025,2024-01-31,충청남도,청양군,장평면,락지리,154,76,78,153,75,78,-1,-1,0
4479036026,2024-01-31,충청남도,청양군,장평면,지천리,131,67,64,132,68,64,1,1,0
4479036027,2024-01-31,충청남도,청양군,장평면,죽림리,82,43,39,83,44,39,1,1,0
4479036028,2024-01-31,충청남도,청양군,장평면,화산리,237,126,111,236,126,110,-1,0,-1
4479036029,2024-01-31,충청남도,청양군,장평면,구룡리,159,75,84,159,75,84,0,0,0
4479036030,2024-01-31,충청남도,청양군,장평면,관현리,165,87,78,165,87,78,0,0,0
4479036031,2024-01-31,충청남도,청양군,장평면,분향리,318,164,154,320,165,155,2,1,1
4479037021,2024-01-31,충청남도,청양군,남양면,구룡리,352,183,169,358,186,172,6,3,3
4479037022,2024-01-31,충청남도,청양군,남양면,신왕리,204,103,101,205,104,101,1,1,0
4479037023,2024-01-31,충청남도,청양군,남양면,백금리,179,90,89,183,93,90,4,3,1
4479037024,2024-01-31,충청남도,청양군,남양면,용마리,221,107,114,220,106,114,-1,-1,0
4479037025,2024-01-31,충청남도,청양군,남양면,대봉리,292,143,149,291,143,148,-1,0,-1
4479037026,2024-01-31,충청남도,청양군,남양면,흥산리,234,116,118,230,116,114,-4,0,-4
4479037027,2024-01-31,충청남도,청양군,남양면,매곡리,118,61,57,117,60,57,-1,-1,0
4479037028,2024-01-31,충청남도,청양군,남양면,온암리,103,55,48,104,56,48,1,1,0
4479037029,2024-01-31,충청남도,청양군,남양면,온직리,297,147,150,297,147,150,0,0,0
4479037030,2024-01-31,충청남도,청양군,남양면,용두리,130,67,63,132,69,63,2,2,0
4479037031,2024-01-31,충청남도,청양군,남양면,금정리,244,121,123,241,119,122,-3,-2,-1
4479037032,2024-01-31,충청남도,청양군,남양면,봉암리,218,102,116,217,101,116,-1,-1,0
4479038021,2024-01-31,충청남도,청양군,화성면,산정리,342,154,188,336,151,185,-6,-3,-3
4479038022,2024-01-31,충청남도,청양군,화성면,장계리,199,105,94,200,106,94,1,1,0
4479038023,2024-01-31,충청남도,청양군,화성면,화강리,149,82,67,147,82,65,-2,0,-2
4479038024,2024-01-31,충청남도,청양군,화성면,농암리,226,121,105,225,120,105,-1,-1,0
4479038025,2024-01-31,충청남도,청양군,화성면,화암리,153,80,73,152,80,72,-1,0,-1
4479038026,2024-01-31,충청남도,청양군,화성면,기덕리,88,43,45,88,43,45,0,0,0
4479038027,2024-01-31,충청남도,청양군,화성면,수정리,213,108,105,212,108,104,-1,0,-1
4479038028,2024-01-31,충청남도,청양군,화성면,용당리,184,93,91,186,92,94,2,-1,3
4479038029,2024-01-31,충청남도,청양군,화성면,신정리,138,73,65,137,72,65,-1,-1,0
4479038030,2024-01-31,충청남도,청양군,화성면,광평리,73,44,29,73,44,29,0,0,0
4479038031,2024-01-31,충청남도,청양군,화성면,매산리,157,78,79,156,78,78,-1,0,-1
4479038032,2024-01-31,충청남도,청양군,화성면,구재리,166,88,78,166,88,78,0,0,0
4479039021,2024-01-31,충청남도,청양군,비봉면,록평리,341,163,178,343,164,179,2,1,1
4479039022,2024-01-31,충청남도,청양군,비봉면,신원리,230,112,118,234,116,118,4,4,0
4479039023,2024-01-31,충청남도,청양군,비봉면,중묵리,204,100,104,203,100,103,-1,0,-1
4479039024,2024-01-31,충청남도,청양군,비봉면,사점리,120,59,61,120,59,61,0,0,0
4479039025,2024-01-31,충청남도,청양군,비봉면,관산리,93,47,46,91,46,45,-2,-1,-1
4479039026,2024-01-31,충청남도,청양군,비봉면,장재리,177,92,85,178,92,86,1,0,1
4479039027,2024-01-31,충청남도,청양군,비봉면,강정리,190,95,95,193,98,95,3,3,0
4479039028,2024-01-31,충청남도,청양군,비봉면,양사리,334,168,166,335,169,166,1,1,0
4479039029,2024-01-31,충청남도,청양군,비봉면,용천리,182,79,103,180,77,103,-2,-2,0
4479039030,2024-01-31,충청남도,청양군,비봉면,방한리,194,102,92,193,102,91,-1,0,-1
4480025021,2024-01-31,충청남도,홍성군,홍성읍,오관리,9705,4722,4983,9539,4643,4896,-166,-79,-87
4480025022,2024-01-31,충청남도,홍성군,홍성읍,대교리,2651,1366,1285,2622,1351,1271,-29,-15,-14
4480025023,2024-01-31,충청남도,홍성군,홍성읍,소향리,615,311,304,614,311,303,-1,0,-1
4480025024,2024-01-31,충청남도,홍성군,홍성읍,월산리,4552,2321,2231,4500,2294,2206,-52,-27,-25
4480025025,2024-01-31,충청남도,홍성군,홍성읍,옥암리,3260,1635,1625,3236,1627,1609,-24,-8,-16
4480025026,2024-01-31,충청남도,홍성군,홍성읍,남장리,8508,4191,4317,8477,4177,4300,-31,-14,-17
4480025027,2024-01-31,충청남도,홍성군,홍성읍,학계리,635,319,316,597,304,293,-38,-15,-23
4480025028,2024-01-31,충청남도,홍성군,홍성읍,신성리,88,42,46,88,42,46,0,0,0
4480025029,2024-01-31,충청남도,홍성군,홍성읍,송월리,137,67,70,136,66,70,-1,-1,0
4480025030,2024-01-31,충청남도,홍성군,홍성읍,고암리,3817,1864,1953,4277,2091,2186,460,227,233
4480025031,2024-01-31,충청남도,홍성군,홍성읍,내법리,1167,604,563,1162,599,563,-5,-5,0
4480025032,2024-01-31,충청남도,홍성군,홍성읍,구룡리,281,146,135,282,146,136,1,0,1
4480025321,2024-01-31,충청남도,홍성군,광천읍,신진리,2816,1360,1456,2779,1338,1441,-37,-22,-15
4480025322,2024-01-31,충청남도,홍성군,광천읍,광천리,2197,1076,1121,2177,1070,1107,-20,-6,-14
4480025323,2024-01-31,충청남도,홍성군,광천읍,담산리,330,165,165,333,168,165,3,3,0
4480025324,2024-01-31,충청남도,홍성군,광천읍,가정리,188,102,86,188,101,87,0,-1,1
4480025325,2024-01-31,충청남도,홍성군,광천읍,내죽리,228,116,112,224,113,111,-4,-3,-1
4480025326,2024-01-31,충청남도,홍성군,광천읍,소암리,223,109,114,225,110,115,2,1,1
4480025327,2024-01-31,충청남도,홍성군,광천읍,매현리,132,58,74,129,56,73,-3,-2,-1
4480025328,2024-01-31,충청남도,홍성군,광천읍,벽계리,241,128,113,240,128,112,-1,0,-1
4480025329,2024-01-31,충청남도,홍성군,광천읍,상정리,418,210,208,413,210,203,-5,0,-5
4480025330,2024-01-31,충청남도,홍성군,광천읍,옹암리,458,225,233,456,224,232,-2,-1,-1
4480025331,2024-01-31,충청남도,홍성군,광천읍,운용리,139,71,68,138,70,68,-1,-1,0
4480025332,2024-01-31,충청남도,홍성군,광천읍,대평리,135,67,68,129,64,65,-6,-3,-3
4480025333,2024-01-31,충청남도,홍성군,광천읍,월림리,281,135,146,277,132,145,-4,-3,-1
4480025621,2024-01-31,충청남도,홍성군,홍북읍,중계리,543,268,275,537,264,273,-6,-4,-2
4480025622,2024-01-31,충청남도,홍성군,홍북읍,상하리,423,235,188,423,235,188,0,0,0
4480025623,2024-01-31,충청남도,홍성군,홍북읍,봉신리,725,385,340,716,381,335,-9,-4,-5
4480025624,2024-01-31,충청남도,홍성군,홍북읍,내덕리,308,162,146,305,160,145,-3,-2,-1
4480025625,2024-01-31,충청남도,홍성군,홍북읍,신경리,27157,13553,13604,27417,13685,13732,260,132,128
4480025626,2024-01-31,충청남도,홍성군,홍북읍,대동리,474,270,204,477,271,206,3,1,2
4480025627,2024-01-31,충청남도,홍성군,홍북읍,석택리,217,109,108,213,106,107,-4,-3,-1
4480025628,2024-01-31,충청남도,홍성군,홍북읍,용산리,130,65,65,128,63,65,-2,-2,0
4480025629,2024-01-31,충청남도,홍성군,홍북읍,갈산리,148,82,66,148,81,67,0,-1,1
4480025630,2024-01-31,충청남도,홍성군,홍북읍,신정리,180,82,98,179,82,97,-1,0,-1
4480025631,2024-01-31,충청남도,홍성군,홍북읍,산수리,159,82,77,158,82,76,-1,0,-1
4480025632,2024-01-31,충청남도,홍성군,홍북읍,노은리,116,63,53,116,63,53,0,0,0
4480025633,2024-01-31,충청남도,홍성군,홍북읍,대인리,232,123,109,234,124,110,2,1,1
4480032021,2024-01-31,충청남도,홍성군,금마면,월암리,242,119,123,242,120,122,0,1,-1
4480032022,2024-01-31,충청남도,홍성군,금마면,봉서리,204,103,101,204,103,101,0,0,0
4480032023,2024-01-31,충청남도,홍성군,금마면,인산리,223,112,111,221,110,111,-2,-2,0
4480032024,2024-01-31,충청남도,홍성군,금마면,가산리,177,85,92,174,83,91,-3,-2,-1
4480032025,2024-01-31,충청남도,홍성군,금마면,부평리,318,162,156,316,161,155,-2,-1,-1
4480032026,2024-01-31,충청남도,홍성군,금마면,덕정리,218,109,109,217,108,109,-1,-1,0
4480032027,2024-01-31,충청남도,홍성군,금마면,용흥리,132,69,63,132,69,63,0,0,0
4480032028,2024-01-31,충청남도,홍성군,금마면,송암리,189,95,94,187,95,92,-2,0,-2
4480032029,2024-01-31,충청남도,홍성군,금마면,장성리,219,111,108,221,113,108,2,2,0
4480032030,2024-01-31,충청남도,홍성군,금마면,신곡리,289,143,146,286,142,144,-3,-1,-2
4480032031,2024-01-31,충청남도,홍성군,금마면,죽림리,703,382,321,700,380,320,-3,-2,-1
4480032032,2024-01-31,충청남도,홍성군,금마면,화양리,359,178,181,364,180,184,5,2,3
4480032033,2024-01-31,충청남도,홍성군,금마면,송강리,69,34,35,69,34,35,0,0,0
4480033021,2024-01-31,충청남도,홍성군,홍동면,운월리,388,195,193,385,193,192,-3,-2,-1
4480033022,2024-01-31,충청남도,홍성군,홍동면,월현리,226,120,106,226,119,107,0,-1,1
4480033023,2024-01-31,충청남도,홍성군,홍동면,원천리,165,88,77,165,88,77,0,0,0
4480033024,2024-01-31,충청남도,홍성군,홍동면,홍원리,330,164,166,325,161,164,-5,-3,-2
4480033025,2024-01-31,충청남도,홍성군,홍동면,화신리,107,56,51,108,57,51,1,1,0
4480033026,2024-01-31,충청남도,홍성군,홍동면,문당리,180,93,87,178,92,86,-2,-1,-1
4480033027,2024-01-31,충청남도,홍성군,홍동면,금평리,232,117,115,230,117,113,-2,0,-2
4480033028,2024-01-31,충청남도,홍성군,홍동면,구정리,419,204,215,409,200,209,-10,-4,-6
4480033029,2024-01-31,충청남도,홍성군,홍동면,신기리,336,167,169,335,165,170,-1,-2,1
4480033030,2024-01-31,충청남도,홍성군,홍동면,수란리,197,100,97,195,100,95,-2,0,-2
4480033031,2024-01-31,충청남도,홍성군,홍동면,금당리,318,164,154,317,165,152,-1,1,-2
4480033032,2024-01-31,충청남도,홍성군,홍동면,효학리,114,56,58,113,56,57,-1,0,-1
4480033033,2024-01-31,충청남도,홍성군,홍동면,대영리,108,52,56,107,51,56,-1,-1,0
4480033034,2024-01-31,충청남도,홍성군,홍동면,팔괘리,278,140,138,275,138,137,-3,-2,-1
4480034021,2024-01-31,충청남도,홍성군,장곡면,도산리,257,123,134,255,121,134,-2,-2,0
4480034022,2024-01-31,충청남도,홍성군,장곡면,신풍리,175,89,86,172,89,83,-3,0,-3
4480034023,2024-01-31,충청남도,홍성군,장곡면,화계리,130,70,60,134,73,61,4,3,1
4480034024,2024-01-31,충청남도,홍성군,장곡면,광성리,242,105,137,241,104,137,-1,-1,0
4480034025,2024-01-31,충청남도,홍성군,장곡면,오성리,131,64,67,132,64,68,1,0,1
4480034026,2024-01-31,충청남도,홍성군,장곡면,죽전리,76,36,40,75,36,39,-1,0,-1
4480034027,2024-01-31,충청남도,홍성군,장곡면,가송리,193,91,102,191,91,100,-2,0,-2
4480034028,2024-01-31,충청남도,홍성군,장곡면,신동리,112,52,60,112,52,60,0,0,0
4480034029,2024-01-31,충청남도,홍성군,장곡면,지정리,271,134,137,266,133,133,-5,-1,-4
4480034030,2024-01-31,충청남도,홍성군,장곡면,월계리,173,83,90,176,85,91,3,2,1
4480034031,2024-01-31,충청남도,홍성군,장곡면,행정리,155,73,82,154,75,79,-1,2,-3
4480034032,2024-01-31,충청남도,홍성군,장곡면,천태리,177,79,98,178,81,97,1,2,-1
4480034033,2024-01-31,충청남도,홍성군,장곡면,산성리,122,54,68,124,55,69,2,1,1
4480034034,2024-01-31,충청남도,홍성군,장곡면,옥계리,140,67,73,138,65,73,-2,-2,0
4480034035,2024-01-31,충청남도,홍성군,장곡면,대현리,146,77,69,146,77,69,0,0,0
4480034036,2024-01-31,충청남도,홍성군,장곡면,상송리,269,127,142,273,130,143,4,3,1
4480035021,2024-01-31,충청남도,홍성군,은하면,대천리,223,116,107,224,116,108,1,0,1
4480035022,2024-01-31,충청남도,홍성군,은하면,유송리,117,57,60,120,59,61,3,2,1
4480035023,2024-01-31,충청남도,홍성군,은하면,장곡리,168,77,91,168,77,91,0,0,0
4480035024,2024-01-31,충청남도,홍성군,은하면,대율리,158,84,74,157,83,74,-1,-1,0
4480035025,2024-01-31,충청남도,홍성군,은하면,금국리,275,135,140,275,135,140,0,0,0
4480035026,2024-01-31,충청남도,홍성군,은하면,학산리,243,122,121,239,119,120,-4,-3,-1
4480035027,2024-01-31,충청남도,홍성군,은하면,목현리,138,79,59,136,77,59,-2,-2,0
4480035028,2024-01-31,충청남도,홍성군,은하면,대판리,146,75,71,145,74,71,-1,-1,0
4480035029,2024-01-31,충청남도,홍성군,은하면,덕실리,136,73,63,136,73,63,0,0,0
4480035030,2024-01-31,충청남도,홍성군,은하면,화봉리,241,128,113,235,125,110,-6,-3,-3
4480035031,2024-01-31,충청남도,홍성군,은하면,장척리,308,163,145,305,161,144,-3,-2,-1
4480036021,2024-01-31,충청남도,홍성군,결성면,읍내리,335,172,163,345,180,165,10,8,2
4480036022,2024-01-31,충청남도,홍성군,결성면,성호리,214,100,114,216,101,115,2,1,1
4480036023,2024-01-31,충청남도,홍성군,결성면,성남리,215,100,115,213,100,113,-2,0,-2
4480036024,2024-01-31,충청남도,홍성군,결성면,금곡리,192,104,88,196,106,90,4,2,2
4480036025,2024-01-31,충청남도,홍성군,결성면,성곡리,256,125,131,255,124,131,-1,-1,0
4480036026,2024-01-31,충청남도,홍성군,결성면,무량리,143,81,62,141,80,61,-2,-1,-1
4480036027,2024-01-31,충청남도,홍성군,결성면,교항리,195,92,103,191,90,101,-4,-2,-2
4480036028,2024-01-31,충청남도,홍성군,결성면,용호리,196,97,99,198,99,99,2,2,0
4480036029,2024-01-31,충청남도,홍성군,결성면,형산리,246,115,131,245,114,131,-1,-1,0
4480037021,2024-01-31,충청남도,홍성군,서부면,이호리,397,187,210,400,188,212,3,1,2
4480037022,2024-01-31,충청남도,홍성군,서부면,광리,187,98,89,185,97,88,-2,-1,-1
4480037023,2024-01-31,충청남도,홍성군,서부면,궁리,428,209,219,425,209,216,-3,0,-3
4480037024,2024-01-31,충청남도,홍성군,서부면,상황리,244,118,126,241,117,124,-3,-1,-2
4480037025,2024-01-31,충청남도,홍성군,서부면,거차리,147,68,79,147,68,79,0,0,0
4480037026,2024-01-31,충청남도,홍성군,서부면,어사리,337,169,168,336,166,170,-1,-3,2
4480037027,2024-01-31,충청남도,홍성군,서부면,남당리,586,288,298,583,287,296,-3,-1,-2
4480037028,2024-01-31,충청남도,홍성군,서부면,신리,147,71,76,146,71,75,-1,0,-1
4480037029,2024-01-31,충청남도,홍성군,서부면,양곡리,97,39,58,98,40,58,1,1,0
4480037030,2024-01-31,충청남도,홍성군,서부면,판교리,260,128,132,260,128,132,0,0,0
4480037031,2024-01-31,충청남도,홍성군,서부면,중리,186,100,86,185,100,85,-1,0,-1
4480037032,2024-01-31,충청남도,홍성군,서부면,죽도리,54,29,25,54,29,25,0,0,0
4480038021,2024-01-31,충청남도,홍성군,갈산면,상촌리,691,350,341,677,342,335,-14,-8,-6
4480038022,2024-01-31,충청남도,홍성군,갈산면,내갈리,304,159,145,308,160,148,4,1,3
4480038023,2024-01-31,충청남도,홍성군,갈산면,신안리,236,122,114,237,123,114,1,1,0
4480038024,2024-01-31,충청남도,홍성군,갈산면,가곡리,165,85,80,164,85,79,-1,0,-1
4480038025,2024-01-31,충청남도,홍성군,갈산면,갈오리,49,28,21,49,28,21,0,0,0
4480038026,2024-01-31,충청남도,홍성군,갈산면,동산리,145,71,74,143,70,73,-2,-1,-1
4480038027,2024-01-31,충청남도,홍성군,갈산면,쌍천리,122,67,55,123,68,55,1,1,0
4480038028,2024-01-31,충청남도,홍성군,갈산면,행산리,163,82,81,161,80,81,-2,-2,0
4480038029,2024-01-31,충청남도,홍성군,갈산면,오두리,186,85,101,185,84,101,-1,-1,0
4480038030,2024-01-31,충청남도,홍성군,갈산면,부기리,180,84,96,176,83,93,-4,-1,-3
4480038031,2024-01-31,충청남도,홍성군,갈산면,기산리,193,96,97,190,96,94,-3,0,-3
4480038032,2024-01-31,충청남도,홍성군,갈산면,동성리,195,94,101,196,93,103,1,-1,2
4480038033,2024-01-31,충청남도,홍성군,갈산면,취생리,227,139,88,225,139,86,-2,0,-2
4480038034,2024-01-31,충청남도,홍성군,갈산면,운곡리,188,95,93,187,94,93,-1,-1,0
4480038035,2024-01-31,충청남도,홍성군,갈산면,와리,240,112,128,241,113,128,1,1,0
4480038036,2024-01-31,충청남도,홍성군,갈산면,대사리,101,59,42,101,59,42,0,0,0
4480039021,2024-01-31,충청남도,홍성군,구항면,황곡리,258,131,127,258,131,127,0,0,0
4480039022,2024-01-31,충청남도,홍성군,구항면,오봉리,739,379,360,740,378,362,1,-1,2
4480039023,2024-01-31,충청남도,홍성군,구항면,공리,209,97,112,208,96,112,-1,-1,0
4480039024,2024-01-31,충청남도,홍성군,구항면,남산리,119,64,55,114,61,53,-5,-3,-2
4480039025,2024-01-31,충청남도,홍성군,구항면,장양리,225,112,113,229,115,114,4,3,1
4480039026,2024-01-31,충청남도,홍성군,구항면,태봉리,142,75,67,146,77,69,4,2,2
4480039027,2024-01-31,충청남도,홍성군,구항면,내현리,323,161,162,328,164,164,5,3,2
4480039028,2024-01-31,충청남도,홍성군,구항면,지정리,348,173,175,342,171,171,-6,-2,-4
4480039029,2024-01-31,충청남도,홍성군,구항면,대정리,66,30,36,65,30,35,-1,0,-1
4480039030,2024-01-31,충청남도,홍성군,구항면,신곡리,152,74,78,151,73,78,-1,-1,0
4480039031,2024-01-31,충청남도,홍성군,구항면,청광리,242,121,121,242,120,122,0,-1,1
4480039032,2024-01-31,충청남도,홍성군,구항면,마온리,578,302,276,578,305,273,0,3,-3
4481025000,2024-01-31,충청남도,예산군,예산읍,예산읍,2,0,2,0,0,0,-2,0,-2
4481025021,2024-01-31,충청남도,예산군,예산읍,예산리,7267,3543,3724,7245,3531,3714,-22,-12,-10
4481025022,2024-01-31,충청남도,예산군,예산읍,향천리,840,442,398,835,442,393,-5,0,-5
4481025023,2024-01-31,충청남도,예산군,예산읍,대회리,774,432,342,765,428,337,-9,-4,-5
4481025024,2024-01-31,충청남도,예산군,예산읍,주교리,4713,2382,2331,4704,2371,2333,-9,-11,2
4481025025,2024-01-31,충청남도,예산군,예산읍,산성리,7115,3499,3616,7129,3507,3622,14,8,6
4481025026,2024-01-31,충청남도,예산군,예산읍,발연리,4126,1987,2139,4126,1985,2141,0,-2,2
4481025027,2024-01-31,충청남도,예산군,예산읍,석양리,192,93,99,191,93,98,-1,0,-1
4481025028,2024-01-31,충청남도,예산군,예산읍,관작리,454,232,222,455,231,224,1,-1,2
4481025029,2024-01-31,충청남도,예산군,예산읍,창소리,1209,578,631,1215,583,632,6,5,1
4481025030,2024-01-31,충청남도,예산군,예산읍,신례원리,3464,1744,1720,3475,1756,1719,11,12,-1
4481025031,2024-01-31,충청남도,예산군,예산읍,간양리,557,269,288,560,271,289,3,2,1
4481025032,2024-01-31,충청남도,예산군,예산읍,궁평리,150,79,71,149,80,69,-1,1,-2
4481025033,2024-01-31,충청남도,예산군,예산읍,수철리,178,92,86,182,95,87,4,3,1
4481025321,2024-01-31,충청남도,예산군,삽교읍,두리,1941,976,965,1932,975,957,-9,-1,-8
4481025322,2024-01-31,충청남도,예산군,삽교읍,삽교리,174,100,74,174,100,74,0,0,0
4481025323,2024-01-31,충청남도,예산군,삽교읍,평촌리,138,71,67,137,70,67,-1,-1,0
4481025324,2024-01-31,충청남도,예산군,삽교읍,수촌리,177,87,90,177,87,90,0,0,0
4481025325,2024-01-31,충청남도,예산군,삽교읍,이리,288,145,143,287,144,143,-1,-1,0
4481025326,2024-01-31,충청남도,예산군,삽교읍,목리,8372,4134,4238,8415,4155,4260,43,21,22
4481025327,2024-01-31,충청남도,예산군,삽교읍,신리,402,198,204,411,198,213,9,0,9
4481025328,2024-01-31,충청남도,예산군,삽교읍,안치리,92,46,46,92,46,46,0,0,0
4481025329,2024-01-31,충청남도,예산군,삽교읍,송산리,132,72,60,132,70,62,0,-2,2
4481025330,2024-01-31,충청남도,예산군,삽교읍,역리,230,109,121,230,108,122,0,-1,1
4481025331,2024-01-31,충청남도,예산군,삽교읍,상하리,353,179,174,357,182,175,4,3,1
4481025332,2024-01-31,충청남도,예산군,삽교읍,창정리,264,123,141,265,123,142,1,0,1
4481025333,2024-01-31,충청남도,예산군,삽교읍,가리,150,77,73,151,78,73,1,1,0
4481025334,2024-01-31,충청남도,예산군,삽교읍,상성리,239,113,126,240,113,127,1,0,1
4481025335,2024-01-31,충청남도,예산군,삽교읍,용동리,429,208,221,429,211,218,0,3,-3
4481025336,2024-01-31,충청남도,예산군,삽교읍,하포리,187,90,97,186,90,96,-1,0,-1
4481025337,2024-01-31,충청남도,예산군,삽교읍,성리,141,72,69,139,71,68,-2,-1,-1
4481025338,2024-01-31,충청남도,예산군,삽교읍,신가리,761,391,370,763,392,371,2,1,1
4481025339,2024-01-31,충청남도,예산군,삽교읍,방아리,116,55,61,113,55,58,-3,0,-3
4481025340,2024-01-31,충청남도,예산군,삽교읍,효림리,130,69,61,125,66,59,-5,-3,-2
4481025341,2024-01-31,충청남도,예산군,삽교읍,월산리,51,29,22,52,30,22,1,1,0
4481031021,2024-01-31,충청남도,예산군,대술면,화천리,354,176,178,352,175,177,-2,-1,-1
4481031022,2024-01-31,충청남도,예산군,대술면,농리,108,55,53,107,54,53,-1,-1,0
4481031023,2024-01-31,충청남도,예산군,대술면,상항리,81,43,38,80,43,37,-1,0,-1
4481031024,2024-01-31,충청남도,예산군,대술면,방산리,122,67,55,121,67,54,-1,0,-1
4481031025,2024-01-31,충청남도,예산군,대술면,장복리,167,83,84,167,83,84,0,0,0
4481031026,2024-01-31,충청남도,예산군,대술면,송석리,129,67,62,129,67,62,0,0,0
4481031027,2024-01-31,충청남도,예산군,대술면,화산리,127,73,54,124,71,53,-3,-2,-1
4481031028,2024-01-31,충청남도,예산군,대술면,궐곡리,244,125,119,245,125,120,1,0,1
4481031029,2024-01-31,충청남도,예산군,대술면,시산리,353,186,167,352,185,167,-1,-1,0
4481031030,2024-01-31,충청남도,예산군,대술면,산정리,168,88,80,168,89,79,0,1,-1
4481031031,2024-01-31,충청남도,예산군,대술면,마전리,231,111,120,234,112,122,3,1,2
4481031032,2024-01-31,충청남도,예산군,대술면,이티리,245,125,120,247,127,120,2,2,0
4481032021,2024-01-31,충청남도,예산군,신양면,신양리,343,170,173,339,168,171,-4,-2,-2
4481032022,2024-01-31,충청남도,예산군,신양면,황계리,86,42,44,86,42,44,0,0,0
4481032023,2024-01-31,충청남도,예산군,신양면,무봉리,99,54,45,100,54,46,1,0,1
4481032024,2024-01-31,충청남도,예산군,신양면,녹문리,128,67,61,124,65,59,-4,-2,-2
4481032025,2024-01-31,충청남도,예산군,신양면,서계양리,171,85,86,169,84,85,-2,-1,-1
4481032026,2024-01-31,충청남도,예산군,신양면,불원리,253,134,119,253,134,119,0,0,0
4481032027,2024-01-31,충청남도,예산군,신양면,시왕리,189,96,93,186,95,91,-3,-1,-2
4481032028,2024-01-31,충청남도,예산군,신양면,연리,159,79,80,159,79,80,0,0,0
4481032029,2024-01-31,충청남도,예산군,신양면,귀곡리,201,105,96,201,105,96,0,0,0
4481032030,2024-01-31,충청남도,예산군,신양면,하천리,156,84,72,157,85,72,1,1,0
4481032031,2024-01-31,충청남도,예산군,신양면,죽천리,175,86,89,174,86,88,-1,0,-1
4481032032,2024-01-31,충청남도,예산군,신양면,가지리,175,93,82,173,91,82,-2,-2,0
4481032033,2024-01-31,충청남도,예산군,신양면,만사리,197,90,107,196,89,107,-1,-1,0
4481032034,2024-01-31,충청남도,예산군,신양면,여래미리,146,75,71,147,76,71,1,1,0
4481032035,2024-01-31,충청남도,예산군,신양면,대덕리,301,163,138,300,161,139,-1,-2,1
4481032036,2024-01-31,충청남도,예산군,신양면,차동리,123,65,58,123,66,57,0,1,-1
4481033021,2024-01-31,충청남도,예산군,광시면,광시리,374,190,184,371,188,183,-3,-2,-1
4481033022,2024-01-31,충청남도,예산군,광시면,노전리,131,61,70,128,59,69,-3,-2,-1
4481033023,2024-01-31,충청남도,예산군,광시면,운산리,152,65,87,148,61,87,-4,-4,0
4481033024,2024-01-31,충청남도,예산군,광시면,하장대리,210,95,115,207,95,112,-3,0,-3
4481033025,2024-01-31,충청남도,예산군,광시면,은사리,88,41,47,88,41,47,0,0,0
4481033026,2024-01-31,충청남도,예산군,광시면,구례리,94,48,46,93,47,46,-1,-1,0
4481033027,2024-01-31,충청남도,예산군,광시면,마사리,181,101,80,186,103,83,5,2,3
4481033028,2024-01-31,충청남도,예산군,광시면,신대리,79,43,36,79,43,36,0,0,0
4481033029,2024-01-31,충청남도,예산군,광시면,관음리,89,42,47,89,42,47,0,0,0
4481033030,2024-01-31,충청남도,예산군,광시면,동산리,146,70,76,146,70,76,0,0,0
4481033031,2024-01-31,충청남도,예산군,광시면,장전리,104,50,54,103,50,53,-1,0,-1
4481033032,2024-01-31,충청남도,예산군,광시면,월송리,107,53,54,110,55,55,3,2,1
4481033033,2024-01-31,충청남도,예산군,광시면,서초정리,213,111,102,212,111,101,-1,0,-1
4481033034,2024-01-31,충청남도,예산군,광시면,신흥리,98,48,50,98,48,50,0,0,0
4481033035,2024-01-31,충청남도,예산군,광시면,장신리,235,116,119,238,118,120,3,2,1
4481033036,2024-01-31,충청남도,예산군,광시면,용두리,79,39,40,79,39,40,0,0,0
4481033037,2024-01-31,충청남도,예산군,광시면,미곡리,96,52,44,95,52,43,-1,0,-1
4481033038,2024-01-31,충청남도,예산군,광시면,시목리,234,128,106,233,128,105,-1,0,-1
4481033039,2024-01-31,충청남도,예산군,광시면,가덕리,114,60,54,115,61,54,1,1,0
4481033040,2024-01-31,충청남도,예산군,광시면,대리,126,65,61,124,65,59,-2,0,-2
4481034021,2024-01-31,충청남도,예산군,대흥면,동서리,173,85,88,172,85,87,-1,0,-1
4481034022,2024-01-31,충청남도,예산군,대흥면,상중리,210,101,109,208,101,107,-2,0,-2
4481034023,2024-01-31,충청남도,예산군,대흥면,교촌리,130,74,56,131,73,58,1,-1,2
4481034024,2024-01-31,충청남도,예산군,대흥면,송지리,22,10,12,22,10,12,0,0,0
4481034025,2024-01-31,충청남도,예산군,대흥면,대야리,54,30,24,54,30,24,0,0,0
4481034026,2024-01-31,충청남도,예산군,대흥면,신속리,38,16,22,38,16,22,0,0,0
4481034027,2024-01-31,충청남도,예산군,대흥면,노동리,44,24,20,44,24,20,0,0,0
4481034028,2024-01-31,충청남도,예산군,대흥면,지곡리,36,19,17,35,18,17,-1,-1,0
4481034029,2024-01-31,충청남도,예산군,대흥면,하탄방리,105,61,44,102,60,42,-3,-1,-2
4481034030,2024-01-31,충청남도,예산군,대흥면,탄방리,119,67,52,118,66,52,-1,-1,0
4481034031,2024-01-31,충청남도,예산군,대흥면,금곡리,95,44,51,93,44,49,-2,0,-2
4481034032,2024-01-31,충청남도,예산군,대흥면,대률리,226,117,109,223,116,107,-3,-1,-2
4481034033,2024-01-31,충청남도,예산군,대흥면,갈신리,153,77,76,152,76,76,-1,-1,0
4481034034,2024-01-31,충청남도,예산군,대흥면,손지리,278,138,140,278,138,140,0,0,0
4481035021,2024-01-31,충청남도,예산군,응봉면,노화리,383,189,194,379,183,196,-4,-6,2
4481035022,2024-01-31,충청남도,예산군,응봉면,지석리,130,68,62,132,70,62,2,2,0
4481035023,2024-01-31,충청남도,예산군,응봉면,건지화리,181,98,83,179,96,83,-2,-2,0
4481035024,2024-01-31,충청남도,예산군,응봉면,신리,93,51,42,93,51,42,0,0,0
4481035025,2024-01-31,충청남도,예산군,응봉면,평촌리,97,44,53,98,45,53,1,1,0
4481035026,2024-01-31,충청남도,예산군,응봉면,등촌리,56,26,30,55,26,29,-1,0,-1
4481035027,2024-01-31,충청남도,예산군,응봉면,후사리,115,57,58,113,56,57,-2,-1,-1
4481035028,2024-01-31,충청남도,예산군,응봉면,입침리,203,98,105,204,99,105,1,1,0
4481035029,2024-01-31,충청남도,예산군,응봉면,운곡리,107,49,58,106,48,58,-1,-1,0
4481035030,2024-01-31,충청남도,예산군,응봉면,증곡리,174,93,81,171,92,79,-3,-1,-2
4481035031,2024-01-31,충청남도,예산군,응봉면,송석리,391,211,180,391,211,180,0,0,0
4481035032,2024-01-31,충청남도,예산군,응봉면,주령리,259,142,117,257,140,117,-2,-2,0
4481035033,2024-01-31,충청남도,예산군,응봉면,계정리,195,106,89,194,107,87,-1,1,-2
4481036021,2024-01-31,충청남도,예산군,덕산면,읍내리,1840,898,942,1845,901,944,5,3,2
4481036022,2024-01-31,충청남도,예산군,덕산면,북문리,140,69,71,140,69,71,0,0,0
4481036023,2024-01-31,충청남도,예산군,덕산면,옥계리,433,204,229,439,206,233,6,2,4
4481036024,2024-01-31,충청남도,예산군,덕산면,상가리,158,82,76,157,81,76,-1,-1,0
4481036025,2024-01-31,충청남도,예산군,덕산면,사동리,228,120,108,228,119,109,0,-1,1
4481036026,2024-01-31,충청남도,예산군,덕산면,신평리,853,476,377,843,472,371,-10,-4,-6
4481036027,2024-01-31,충청남도,예산군,덕산면,시량리,775,358,417,772,359,413,-3,1,-4
4481036028,2024-01-31,충청남도,예산군,덕산면,둔리,381,192,189,379,189,190,-2,-3,1
4481036029,2024-01-31,충청남도,예산군,덕산면,대치리,357,179,178,360,180,180,3,1,2
4481036030,2024-01-31,충청남도,예산군,덕산면,광천리,226,110,116,226,111,115,0,1,-1
4481036031,2024-01-31,충청남도,예산군,덕산면,사천리,358,147,211,355,145,210,-3,-2,-1
4481036032,2024-01-31,충청남도,예산군,덕산면,외라리,83,42,41,83,42,41,0,0,0
4481036033,2024-01-31,충청남도,예산군,덕산면,내라리,90,44,46,93,46,47,3,2,1
4481036034,2024-01-31,충청남도,예산군,덕산면,복당리,211,98,113,210,98,112,-1,0,-1
4481036035,2024-01-31,충청남도,예산군,덕산면,낙상리,135,67,68,133,66,67,-2,-1,-1
4481036036,2024-01-31,충청남도,예산군,덕산면,대동리,150,77,73,152,79,73,2,2,0
4481037021,2024-01-31,충청남도,예산군,봉산면,고도리,90,47,43,91,48,43,1,1,0
4481037022,2024-01-31,충청남도,예산군,봉산면,구암리,93,55,38,93,55,38,0,0,0
4481037023,2024-01-31,충청남도,예산군,봉산면,봉림리,216,113,103,214,113,101,-2,0,-2
4481037024,2024-01-31,충청남도,예산군,봉산면,사석리,187,92,95,188,94,94,1,2,-1
4481037025,2024-01-31,충청남도,예산군,봉산면,하평리,160,88,72,159,88,71,-1,0,-1
4481037026,2024-01-31,충청남도,예산군,봉산면,옥전리,92,46,46,91,45,46,-1,-1,0
4481037027,2024-01-31,충청남도,예산군,봉산면,당곡리,107,59,48,110,60,50,3,1,2
4481037028,2024-01-31,충청남도,예산군,봉산면,시동리,63,31,32,61,29,32,-2,-2,0
4481037029,2024-01-31,충청남도,예산군,봉산면,효교리,310,156,154,306,154,152,-4,-2,-2
4481037030,2024-01-31,충청남도,예산군,봉산면,대지리,497,244,253,499,247,252,2,3,-1
4481037031,2024-01-31,충청남도,예산군,봉산면,화전리,93,45,48,93,45,48,0,0,0
4481037032,2024-01-31,충청남도,예산군,봉산면,궁평리,65,29,36,64,29,35,-1,0,-1
4481037033,2024-01-31,충청남도,예산군,봉산면,금치리,160,84,76,157,83,74,-3,-1,-2
4481037034,2024-01-31,충청남도,예산군,봉산면,옹안리,87,40,47,89,40,49,2,0,2
4481037035,2024-01-31,충청남도,예산군,봉산면,마교리,175,82,93,174,81,93,-1,-1,0
4481038021,2024-01-31,충청남도,예산군,고덕면,대천리,988,496,492,982,493,489,-6,-3,-3
4481038022,2024-01-31,충청남도,예산군,고덕면,몽곡리,226,120,106,230,122,108,4,2,2
4481038023,2024-01-31,충청남도,예산군,고덕면,상몽리,293,156,137,295,160,135,2,4,-2
4481038024,2024-01-31,충청남도,예산군,고덕면,호음리,320,157,163,320,157,163,0,0,0
4481038025,2024-01-31,충청남도,예산군,고덕면,오추리,135,91,44,137,93,44,2,2,0
4481038026,2024-01-31,충청남도,예산군,고덕면,지곡리,103,50,53,103,50,53,0,0,0
4481038027,2024-01-31,충청남도,예산군,고덕면,상장리,292,147,145,291,146,145,-1,-1,0
4481038028,2024-01-31,충청남도,예산군,고덕면,상궁리,387,187,200,388,188,200,1,1,0
4481038029,2024-01-31,충청남도,예산군,고덕면,구만리,441,221,220,436,219,217,-5,-2,-3
4481038030,2024-01-31,충청남도,예산군,고덕면,용리,297,154,143,298,155,143,1,1,0
4481038031,2024-01-31,충청남도,예산군,고덕면,사리,254,128,126,253,128,125,-1,0,-1
4481038032,2024-01-31,충청남도,예산군,고덕면,석곡리,498,264,234,498,263,235,0,-1,1
4481039021,2024-01-31,충청남도,예산군,신암면,종경리,274,137,137,273,138,135,-1,1,-2
4481039022,2024-01-31,충청남도,예산군,신암면,계촌리,223,99,124,225,99,126,2,0,2
4481039023,2024-01-31,충청남도,예산군,신암면,두곡리,541,304,237,537,305,232,-4,1,-5
4481039024,2024-01-31,충청남도,예산군,신암면,신종리,205,106,99,208,108,100,3,2,1
4481039025,2024-01-31,충청남도,예산군,신암면,하평리,133,60,73,132,60,72,-1,0,-1
4481039026,2024-01-31,충청남도,예산군,신암면,신택리,277,144,133,277,144,133,0,0,0
4481039027,2024-01-31,충청남도,예산군,신암면,용궁리,341,178,163,338,178,160,-3,0,-3
4481039028,2024-01-31,충청남도,예산군,신암면,예림리,206,104,102,206,104,102,0,0,0
4481039029,2024-01-31,충청남도,예산군,신암면,중예리,65,33,32,65,33,32,0,0,0
4481039030,2024-01-31,충청남도,예산군,신암면,조곡리,328,162,166,327,162,165,-1,0,-1
4481039031,2024-01-31,충청남도,예산군,신암면,별리,293,151,142,294,152,142,1,1,0
4481039032,2024-01-31,충청남도,예산군,신암면,오산리,255,133,122,252,132,120,-3,-1,-2
4481039033,2024-01-31,충청남도,예산군,신암면,탄중리,162,87,75,160,87,73,-2,0,-2
4481040021,2024-01-31,충청남도,예산군,오가면,역탑리,778,415,363,781,416,365,3,1,2
4481040022,2024-01-31,충청남도,예산군,오가면,원평리,320,172,148,324,174,150,4,2,2
4481040023,2024-01-31,충청남도,예산군,오가면,신장리,285,147,138,283,145,138,-2,-2,0
4481040024,2024-01-31,충청남도,예산군,오가면,신석리,360,196,164,357,194,163,-3,-2,-1
4481040025,2024-01-31,충청남도,예산군,오가면,월곡리,146,81,65,150,81,69,4,0,4
4481040026,2024-01-31,충청남도,예산군,오가면,좌방리,241,117,124,237,115,122,-4,-2,-2
4481040027,2024-01-31,충청남도,예산군,오가면,분천리,384,199,185,383,198,185,-1,-1,0
4481040028,2024-01-31,충청남도,예산군,오가면,양막리,108,55,53,108,55,53,0,0,0
4481040029,2024-01-31,충청남도,예산군,오가면,내량리,270,133,137,268,134,134,-2,1,-3
4481040030,2024-01-31,충청남도,예산군,오가면,원천리,380,203,177,380,202,178,0,-1,1
4481040031,2024-01-31,충청남도,예산군,오가면,신원리,285,152,133,285,152,133,0,0,0
4481040032,2024-01-31,충청남도,예산군,오가면,오촌리,391,196,195,390,195,195,-1,-1,0
4482525021,2024-01-31,충청남도,태안군,태안읍,동문리,10414,5105,5309,10393,5098,5295,-21,-7,-14
4482525022,2024-01-31,충청남도,태안군,태안읍,남문리,8677,4457,4220,8692,4464,4228,15,7,8
4482525023,2024-01-31,충청남도,태안군,태안읍,장산리,689,377,312,693,379,314,4,2,2
4482525024,2024-01-31,충청남도,태안군,태안읍,남산리,656,330,326,659,331,328,3,1,2
4482525025,2024-01-31,충청남도,태안군,태안읍,송암리,478,239,239,478,239,239,0,0,0
4482525026,2024-01-31,충청남도,태안군,태안읍,반곡리,462,226,236,458,225,233,-4,-1,-3
4482525027,2024-01-31,충청남도,태안군,태안읍,평천리,2876,1481,1395,2892,1490,1402,16,9,7
4482525028,2024-01-31,충청남도,태안군,태안읍,상옥리,713,365,348,717,368,349,4,3,1
4482525029,2024-01-31,충청남도,태안군,태안읍,인평리,466,239,227,462,237,225,-4,-2,-2
4482525030,2024-01-31,충청남도,태안군,태안읍,도내리,389,193,196,394,197,197,5,4,1
4482525031,2024-01-31,충청남도,태안군,태안읍,어은리,274,144,130,273,143,130,-1,-1,0
4482525032,2024-01-31,충청남도,태안군,태안읍,산후리,403,214,189,401,214,187,-2,0,-2
4482525033,2024-01-31,충청남도,태안군,태안읍,삭선리,2574,1348,1226,2582,1356,1226,8,8,0
4482525321,2024-01-31,충청남도,태안군,안면읍,승언리,3577,1768,1809,3574,1765,1809,-3,-3,0
4482525322,2024-01-31,충청남도,태안군,안면읍,정당리,843,434,409,841,433,408,-2,-1,-1
4482525323,2024-01-31,충청남도,태안군,안면읍,창기리,1964,989,975,1951,982,969,-13,-7,-6
4482525324,2024-01-31,충청남도,태안군,안면읍,중장리,1103,563,540,1104,564,540,1,1,0
4482525325,2024-01-31,충청남도,태안군,안면읍,신야리,403,195,208,406,196,210,3,1,2
4482525326,2024-01-31,충청남도,태안군,안면읍,황도리,239,109,130,233,105,128,-6,-4,-2
4482531021,2024-01-31,충청남도,태안군,고남면,장곡리,577,276,301,577,279,298,0,3,-3
4482531022,2024-01-31,충청남도,태안군,고남면,누동리,444,224,220,444,224,220,0,0,0
4482531023,2024-01-31,충청남도,태안군,고남면,고남리,1262,613,649,1257,610,647,-5,-3,-2
4482532021,2024-01-31,충청남도,태안군,남면,진산리,404,202,202,402,201,201,-2,-1,-1
4482532022,2024-01-31,충청남도,태안군,남면,몽산리,631,311,320,632,314,318,1,3,-2
4482532023,2024-01-31,충청남도,태안군,남면,신장리,518,254,264,520,257,263,2,3,-1
4482532024,2024-01-31,충청남도,태안군,남면,달산리,697,343,354,697,344,353,0,1,-1
4482532025,2024-01-31,충청남도,태안군,남면,양잠리,339,176,163,332,170,162,-7,-6,-1
4482532026,2024-01-31,충청남도,태안군,남면,원청리,308,153,155,312,155,157,4,2,2
4482532027,2024-01-31,충청남도,태안군,남면,당암리,326,169,157,323,166,157,-3,-3,0
4482532028,2024-01-31,충청남도,태안군,남면,신온리,1030,582,448,1017,571,446,-13,-11,-2
4482533021,2024-01-31,충청남도,태안군,근흥면,두야리,520,262,258,518,260,258,-2,-2,0
4482533022,2024-01-31,충청남도,태안군,근흥면,수룡리,283,141,142,278,138,140,-5,-3,-2
4482533023,2024-01-31,충청남도,태안군,근흥면,마금리,714,359,355,716,359,357,2,0,2
4482533024,2024-01-31,충청남도,태안군,근흥면,안기리,561,275,286,562,274,288,1,-1,2
4482533025,2024-01-31,충청남도,태안군,근흥면,용신리,696,370,326,696,370,326,0,0,0
4482533026,2024-01-31,충청남도,태안군,근흥면,도황리,670,364,306,663,359,304,-7,-5,-2
4482533027,2024-01-31,충청남도,태안군,근흥면,정죽리,971,485,486,969,485,484,-2,0,-2
4482533028,2024-01-31,충청남도,태안군,근흥면,신진도리,861,464,397,863,467,396,2,3,-1
4482533029,2024-01-31,충청남도,태안군,근흥면,가의도리,73,37,36,74,38,36,1,1,0
4482534021,2024-01-31,충청남도,태안군,소원면,시목리,476,235,241,475,235,240,-1,0,-1
4482534022,2024-01-31,충청남도,태안군,소원면,법산리,692,335,357,688,335,353,-4,0,-4
4482534023,2024-01-31,충청남도,태안군,소원면,신덕리,632,304,328,637,306,331,5,2,3
4482534024,2024-01-31,충청남도,태안군,소원면,영전리,253,131,122,252,130,122,-1,-1,0
4482534025,2024-01-31,충청남도,태안군,소원면,소근리,258,123,135,254,122,132,-4,-1,-3
4482534026,2024-01-31,충청남도,태안군,소원면,의항리,600,287,313,609,288,321,9,1,8
4482534027,2024-01-31,충청남도,태안군,소원면,모항리,1097,559,538,1095,556,539,-2,-3,1
4482534028,2024-01-31,충청남도,태안군,소원면,파도리,654,310,344,648,307,341,-6,-3,-3
4482534029,2024-01-31,충청남도,태안군,소원면,송현리,532,279,253,536,282,254,4,3,1
4482535021,2024-01-31,충청남도,태안군,원북면,반계리,960,514,446,959,515,444,-1,1,-2
4482535022,2024-01-31,충청남도,태안군,원북면,이곡리,321,159,162,319,160,159,-2,1,-3
4482535023,2024-01-31,충청남도,태안군,원북면,황촌리,370,185,185,375,189,186,5,4,1
4482535024,2024-01-31,충청남도,태안군,원북면,방갈리,459,245,214,460,246,214,1,1,0
4482535025,2024-01-31,충청남도,태안군,원북면,신두리,516,267,249,519,265,254,3,-2,5
4482535026,2024-01-31,충청남도,태안군,원북면,동해리,266,135,131,271,138,133,5,3,2
4482535027,2024-01-31,충청남도,태안군,원북면,대기리,284,150,134,279,146,133,-5,-4,-1
4482535028,2024-01-31,충청남도,태안군,원북면,장대리,252,123,129,245,119,126,-7,-4,-3
4482535029,2024-01-31,충청남도,태안군,원북면,청산리,347,184,163,345,184,161,-2,0,-2
4482535030,2024-01-31,충청남도,태안군,원북면,양산리,317,158,159,317,158,159,0,0,0
4482535031,2024-01-31,충청남도,태안군,원북면,마산리,231,117,114,228,116,112,-3,-1,-2
4482536021,2024-01-31,충청남도,태안군,이원면,내리,559,303,256,554,299,255,-5,-4,-1
4482536022,2024-01-31,충청남도,태안군,이원면,관리,464,236,228,461,236,225,-3,0,-3
4482536023,2024-01-31,충청남도,태안군,이원면,당산리,521,269,252,520,268,252,-1,-1,0
4482536024,2024-01-31,충청남도,태안군,이원면,포지리,401,188,213,393,184,209,-8,-4,-4
4482536025,2024-01-31,충청남도,태안군,이원면,사창리,237,130,107,237,129,108,0,-1,1
4511110100,2024-01-31,전라북도,전주시 완산구,중앙동1가,중앙동1가,192,98,94,0,0,0,-192,-98,-94
4511110200,2024-01-31,전라북도,전주시 완산구,중앙동2가,중앙동2가,92,43,49,0,0,0,-92,-43,-49
4511110300,2024-01-31,전라북도,전주시 완산구,중앙동3가,중앙동3가,106,58,48,0,0,0,-106,-58,-48
4511110400,2024-01-31,전라북도,전주시 완산구,중앙동4가,중앙동4가,332,174,158,0,0,0,-332,-174,-158
4511110500,2024-01-31,전라북도,전주시 완산구,경원동1가,경원동1가,161,83,78,0,0,0,-161,-83,-78
4511110600,2024-01-31,전라북도,전주시 완산구,경원동2가,경원동2가,155,78,77,0,0,0,-155,-78,-77
4511110700,2024-01-31,전라북도,전주시 완산구,경원동3가,경원동3가,504,248,256,0,0,0,-504,-248,-256
4511110800,2024-01-31,전라북도,전주시 완산구,풍남동1가,풍남동1가,204,101,103,0,0,0,-204,-101,-103
4511110900,2024-01-31,전라북도,전주시 완산구,풍남동2가,풍남동2가,143,68,75,0,0,0,-143,-68,-75
4511111000,2024-01-31,전라북도,전주시 완산구,풍남동3가,풍남동3가,422,195,227,0,0,0,-422,-195,-227
4511111100,2024-01-31,전라북도,전주시 완산구,전동,전동,427,224,203,0,0,0,-427,-224,-203
4511111200,2024-01-31,전라북도,전주시 완산구,전동3가,전동3가,347,171,176,0,0,0,-347,-171,-176
4511111300,2024-01-31,전라북도,전주시 완산구,다가동1가,다가동1가,282,148,134,0,0,0,-282,-148,-134
4511111400,2024-01-31,전라북도,전주시 완산구,다가동2가,다가동2가,276,133,143,0,0,0,-276,-133,-143
4511111500,2024-01-31,전라북도,전주시 완산구,다가동3가,다가동3가,215,107,108,0,0,0,-215,-107,-108
4511111600,2024-01-31,전라북도,전주시 완산구,다가동4가,다가동4가,279,154,125,0,0,0,-279,-154,-125
4511111700,2024-01-31,전라북도,전주시 완산구,고사동,고사동,624,328,296,0,0,0,-624,-328,-296
4511111800,2024-01-31,전라북도,전주시 완산구,교동,교동,1300,647,653,0,0,0,-1300,-647,-653
4511111900,2024-01-31,전라북도,전주시 완산구,태평동,태평동,7361,3607,3754,0,0,0,-7361,-3607,-3754
4511112000,2024-01-31,전라북도,전주시 완산구,중노송동,중노송동,6781,3273,3508,0,0,0,-6781,-3273,-3508
4511112100,2024-01-31,전라북도,전주시 완산구,남노송동,남노송동,2190,1100,1090,0,0,0,-2190,-1100,-1090
4511112200,2024-01-31,전라북도,전주시 완산구,동완산동,동완산동,1595,816,779,0,0,0,-1595,-816,-779
4511112300,2024-01-31,전라북도,전주시 완산구,서완산동1가,서완산동1가,952,474,478,0,0,0,-952,-474,-478
4511112400,2024-01-31,전라북도,전주시 완산구,서완산동2가,서완산동2가,2417,1148,1269,0,0,0,-2417,-1148,-1269
4511112500,2024-01-31,전라북도,전주시 완산구,동서학동,동서학동,4043,1945,2098,0,0,0,-4043,-1945,-2098
4511112600,2024-01-31,전라북도,전주시 완산구,서서학동,서서학동,8050,3893,4157,0,0,0,-8050,-3893,-4157
4511112700,2024-01-31,전라북도,전주시 완산구,중화산동1가,중화산동1가,5140,2433,2707,0,0,0,-5140,-2433,-2707
4511112800,2024-01-31,전라북도,전주시 완산구,중화산동2가,중화산동2가,27672,13654,14018,0,0,0,-27672,-13654,-14018
4511112900,2024-01-31,전라북도,전주시 완산구,서신동,서신동,39543,19229,20314,0,0,0,-39543,-19229,-20314
4511113000,2024-01-31,전라북도,전주시 완산구,석구동,석구동,461,241,220,0,0,0,-461,-241,-220
4511113100,2024-01-31,전라북도,전주시 완산구,원당동,원당동,502,267,235,0,0,0,-502,-267,-235
4511113200,2024-01-31,전라북도,전주시 완산구,평화동1가,평화동1가,16205,7807,8398,0,0,0,-16205,-7807,-8398
4511113300,2024-01-31,전라북도,전주시 완산구,평화동2가,평화동2가,37962,18101,19861,0,0,0,-37962,-18101,-19861
4511113400,2024-01-31,전라북도,전주시 완산구,평화동3가,평화동3가,632,342,290,0,0,0,-632,-342,-290
4511113500,2024-01-31,전라북도,전주시 완산구,중인동,중인동,2264,1128,1136,0,0,0,-2264,-1128,-1136
4511113600,2024-01-31,전라북도,전주시 완산구,용복동,용복동,463,225,238,0,0,0,-463,-225,-238
4511113700,2024-01-31,전라북도,전주시 완산구,삼천동1가,삼천동1가,39861,19096,20765,0,0,0,-39861,-19096,-20765
4511113800,2024-01-31,전라북도,전주시 완산구,삼천동2가,삼천동2가,1329,670,659,0,0,0,-1329,-670,-659
4511113900,2024-01-31,전라북도,전주시 완산구,삼천동3가,삼천동3가,1257,640,617,0,0,0,-1257,-640,-617
4511114000,2024-01-31,전라북도,전주시 완산구,효자동1가,효자동1가,36013,17069,18944,0,0,0,-36013,-17069,-18944
4511114100,2024-01-31,전라북도,전주시 완산구,효자동2가,효자동2가,39087,19000,20087,0,0,0,-39087,-19000,-20087
4511114200,2024-01-31,전라북도,전주시 완산구,효자동3가,효자동3가,35647,17900,17747,0,0,0,-35647,-17900,-17747
4511114300,2024-01-31,전라북도,전주시 완산구,대성동,대성동,1402,701,701,0,0,0,-1402,-701,-701
4511114400,2024-01-31,전라북도,전주시 완산구,색장동,색장동,460,231,229,0,0,0,-460,-231,-229
4511114500,2024-01-31,전라북도,전주시 완산구,상림동,상림동,243,133,110,0,0,0,-243,-133,-110
4511114700,2024-01-31,전라북도,전주시 완산구,서노송동,서노송동,1585,798,787,0,0,0,-1585,-798,-787
4511310200,2024-01-31,전라북도,전주시 덕진구,진북동,진북동,13011,6305,6706,0,0,0,-13011,-6305,-6706
4511310300,2024-01-31,전라북도,전주시 덕진구,인후동1가,인후동1가,49375,24146,25229,0,0,0,-49375,-24146,-25229
4511310400,2024-01-31,전라북도,전주시 덕진구,인후동2가,인후동2가,8832,4337,4495,0,0,0,-8832,-4337,-4495
4511310500,2024-01-31,전라북도,전주시 덕진구,덕진동1가,덕진동1가,6704,3412,3292,0,0,0,-6704,-3412,-3292
4511310600,2024-01-31,전라북도,전주시 덕진구,덕진동2가,덕진동2가,13903,6991,6912,0,0,0,-13903,-6991,-6912
4511310700,2024-01-31,전라북도,전주시 덕진구,금암동,금암동,17345,8870,8475,0,0,0,-17345,-8870,-8475
4511310800,2024-01-31,전라북도,전주시 덕진구,팔복동1가,팔복동1가,2426,1315,1111,0,0,0,-2426,-1315,-1111
4511310900,2024-01-31,전라북도,전주시 덕진구,팔복동2가,팔복동2가,4567,2468,2099,0,0,0,-4567,-2468,-2099
4511311000,2024-01-31,전라북도,전주시 덕진구,팔복동3가,팔복동3가,154,95,59,0,0,0,-154,-95,-59
4511311100,2024-01-31,전라북도,전주시 덕진구,산정동,산정동,793,486,307,0,0,0,-793,-486,-307
4511311200,2024-01-31,전라북도,전주시 덕진구,금상동,금상동,829,414,415,0,0,0,-829,-414,-415
4511311300,2024-01-31,전라북도,전주시 덕진구,우아동1가,우아동1가,2298,1299,999,0,0,0,-2298,-1299,-999
4511311400,2024-01-31,전라북도,전주시 덕진구,우아동2가,우아동2가,6911,3629,3282,0,0,0,-6911,-3629,-3282
4511311500,2024-01-31,전라북도,전주시 덕진구,우아동3가,우아동3가,15312,7580,7732,0,0,0,-15312,-7580,-7732
4511311600,2024-01-31,전라북도,전주시 덕진구,호성동1가,호성동1가,15514,7299,8215,0,0,0,-15514,-7299,-8215
4511311700,2024-01-31,전라북도,전주시 덕진구,호성동2가,호성동2가,2785,1384,1401,0,0,0,-2785,-1384,-1401
4511311800,2024-01-31,전라북도,전주시 덕진구,호성동3가,호성동3가,473,229,244,0,0,0,-473,-229,-244
4511311900,2024-01-31,전라북도,전주시 덕진구,전미동1가,전미동1가,380,192,188,0,0,0,-380,-192,-188
4511312000,2024-01-31,전라북도,전주시 덕진구,전미동2가,전미동2가,688,358,330,0,0,0,-688,-358,-330
4511312100,2024-01-31,전라북도,전주시 덕진구,송천동1가,송천동1가,35980,17679,18301,0,0,0,-35980,-17679,-18301
4511312200,2024-01-31,전라북도,전주시 덕진구,송천동2가,송천동2가,52779,26011,26768,0,0,0,-52779,-26011,-26768
4511312300,2024-01-31,전라북도,전주시 덕진구,반월동,반월동,9831,5036,4795,0,0,0,-9831,-5036,-4795
4511312400,2024-01-31,전라북도,전주시 덕진구,화전동,화전동,288,152,136,0,0,0,-288,-152,-136
4511312500,2024-01-31,전라북도,전주시 덕진구,용정동,용정동,543,279,264,0,0,0,-543,-279,-264
4511312600,2024-01-31,전라북도,전주시 덕진구,성덕동,성덕동,389,202,187,0,0,0,-389,-202,-187
4511312700,2024-01-31,전라북도,전주시 덕진구,원동,원동,491,242,249,0,0,0,-491,-242,-249
4511312900,2024-01-31,전라북도,전주시 덕진구,고랑동,고랑동,1635,865,770,0,0,0,-1635,-865,-770
4511313000,2024-01-31,전라북도,전주시 덕진구,여의동,여의동,6515,3247,3268,0,0,0,-6515,-3247,-3268
4511313100,2024-01-31,전라북도,전주시 덕진구,만성동,만성동,17072,8452,8620,0,0,0,-17072,-8452,-8620
4511313200,2024-01-31,전라북도,전주시 덕진구,장동,장동,14261,6978,7283,0,0,0,-14261,-6978,-7283
4511313300,2024-01-31,전라북도,전주시 덕진구,팔복동4가,팔복동4가,423,241,182,0,0,0,-423,-241,-182
4511313400,2024-01-31,전라북도,전주시 덕진구,도도동,도도동,54,41,13,0,0,0,-54,-41,-13
4511313500,2024-01-31,전라북도,전주시 덕진구,강흥동,강흥동,91,45,46,0,0,0,-91,-45,-46
4511313600,2024-01-31,전라북도,전주시 덕진구,도덕동,도덕동,149,72,77,0,0,0,-149,-72,-77
4511313700,2024-01-31,전라북도,전주시 덕진구,남정동,남정동,271,141,130,0,0,0,-271,-141,-130
4511313800,2024-01-31,전라북도,전주시 덕진구,중동,중동,6249,3086,3163,0,0,0,-6249,-3086,-3163
4511313900,2024-01-31,전라북도,전주시 덕진구,여의동2가,여의동2가,6228,3152,3076,0,0,0,-6228,-3152,-3076
4513010100,2024-01-31,전라북도,군산시,해망동,해망동,1019,498,521,0,0,0,-1019,-498,-521
4513010200,2024-01-31,전라북도,군산시,신흥동,신흥동,194,92,102,0,0,0,-194,-92,-102
4513010300,2024-01-31,전라북도,군산시,금동,금동,920,437,483,0,0,0,-920,-437,-483
4513010400,2024-01-31,전라북도,군산시,월명동,월명동,1391,632,759,0,0,0,-1391,-632,-759
4513010500,2024-01-31,전라북도,군산시,신창동,신창동,233,114,119,0,0,0,-233,-114,-119
4513010600,2024-01-31,전라북도,군산시,오룡동,오룡동,687,318,369,0,0,0,-687,-318,-369
4513010700,2024-01-31,전라북도,군산시,금광동,금광동,1184,559,625,0,0,0,-1184,-559,-625
4513010800,2024-01-31,전라북도,군산시,신풍동,신풍동,948,490,458,0,0,0,-948,-490,-458
4513010900,2024-01-31,전라북도,군산시,송풍동,송풍동,454,216,238,0,0,0,-454,-216,-238
4513011000,2024-01-31,전라북도,군산시,문화동,문화동,4978,2463,2515,0,0,0,-4978,-2463,-2515
4513011100,2024-01-31,전라북도,군산시,삼학동,삼학동,3380,1647,1733,0,0,0,-3380,-1647,-1733
4513011200,2024-01-31,전라북도,군산시,선양동,선양동,251,133,118,0,0,0,-251,-133,-118
4513011300,2024-01-31,전라북도,군산시,둔율동,둔율동,185,100,85,0,0,0,-185,-100,-85
4513011400,2024-01-31,전라북도,군산시,창성동,창성동,1294,605,689,0,0,0,-1294,-605,-689
4513011500,2024-01-31,전라북도,군산시,명산동,명산동,387,214,173,0,0,0,-387,-214,-173
4513011600,2024-01-31,전라북도,군산시,송창동,송창동,72,44,28,0,0,0,-72,-44,-28
4513011700,2024-01-31,전라북도,군산시,개복동,개복동,119,66,53,0,0,0,-119,-66,-53
4513011800,2024-01-31,전라북도,군산시,중앙로1가,중앙로1가,218,127,91,0,0,0,-218,-127,-91
4513011900,2024-01-31,전라북도,군산시,영화동,영화동,376,182,194,0,0,0,-376,-182,-194
4513012000,2024-01-31,전라북도,군산시,장미동,장미동,303,180,123,0,0,0,-303,-180,-123
4513012100,2024-01-31,전라북도,군산시,중앙로2가,중앙로2가,297,162,135,0,0,0,-297,-162,-135
4513012200,2024-01-31,전라북도,군산시,영동,영동,73,33,40,0,0,0,-73,-33,-40
4513012300,2024-01-31,전라북도,군산시,신영동,신영동,360,178,182,0,0,0,-360,-178,-182
4513012400,2024-01-31,전라북도,군산시,죽성동,죽성동,179,93,86,0,0,0,-179,-93,-86
4513012500,2024-01-31,전라북도,군산시,평화동,평화동,186,100,86,0,0,0,-186,-100,-86
4513012600,2024-01-31,전라북도,군산시,중앙로3가,중앙로3가,203,118,85,0,0,0,-203,-118,-85
4513012700,2024-01-31,전라북도,군산시,대명동,대명동,5263,2670,2593,0,0,0,-5263,-2670,-2593
4513012800,2024-01-31,전라북도,군산시,장재동,장재동,1780,834,946,0,0,0,-1780,-834,-946
4513012900,2024-01-31,전라북도,군산시,미원동,미원동,652,351,301,0,0,0,-652,-351,-301
4513013000,2024-01-31,전라북도,군산시,중동,중동,884,461,423,0,0,0,-884,-461,-423
4513013100,2024-01-31,전라북도,군산시,금암동,금암동,2131,1035,1096,0,0,0,-2131,-1035,-1096
4513013200,2024-01-31,전라북도,군산시,동흥남동,동흥남동,1519,770,749,0,0,0,-1519,-770,-749
4513013300,2024-01-31,전라북도,군산시,서흥남동,서흥남동,2322,1166,1156,0,0,0,-2322,-1166,-1156
4513013400,2024-01-31,전라북도,군산시,조촌동,조촌동,25195,12638,12557,0,0,0,-25195,-12638,-12557
4513013500,2024-01-31,전라북도,군산시,경장동,경장동,1585,841,744,0,0,0,-1585,-841,-744
4513013600,2024-01-31,전라북도,군산시,경암동,경암동,7040,3496,3544,0,0,0,-7040,-3496,-3544
4513013700,2024-01-31,전라북도,군산시,구암동,구암동,4604,2256,2348,0,0,0,-4604,-2256,-2348
4513013800,2024-01-31,전라북도,군산시,내흥동,내흥동,4359,2252,2107,0,0,0,-4359,-2252,-2107
4513013900,2024-01-31,전라북도,군산시,개정동,개정동,660,334,326,0,0,0,-660,-334,-326
4513014000,2024-01-31,전라북도,군산시,사정동,사정동,1907,960,947,0,0,0,-1907,-960,-947
4513014100,2024-01-31,전라북도,군산시,수송동,수송동,24588,12169,12419,0,0,0,-24588,-12169,-12419
4513014200,2024-01-31,전라북도,군산시,미장동,미장동,17463,8562,8901,0,0,0,-17463,-8562,-8901
4513014300,2024-01-31,전라북도,군산시,지곡동,지곡동,10993,5766,5227,0,0,0,-10993,-5766,-5227
4513014400,2024-01-31,전라북도,군산시,나운동,나운동,51691,25160,26531,0,0,0,-51691,-25160,-26531
4513014500,2024-01-31,전라북도,군산시,미룡동,미룡동,13835,7217,6618,0,0,0,-13835,-7217,-6618
4513014600,2024-01-31,전라북도,군산시,소룡동,소룡동,14360,7676,6684,0,0,0,-14360,-7676,-6684
4513014700,2024-01-31,전라북도,군산시,오식도동,오식도동,2500,1771,729,0,0,0,-2500,-1771,-729
4513014800,2024-01-31,전라북도,군산시,비응도동,비응도동,108,74,34,0,0,0,-108,-74,-34
4513014900,2024-01-31,전라북도,군산시,신관동,신관동,363,184,179,0,0,0,-363,-184,-179
4513015000,2024-01-31,전라북도,군산시,개사동,개사동,415,217,198,0,0,0,-415,-217,-198
4513015100,2024-01-31,전라북도,군산시,산북동,산북동,10163,5776,4387,0,0,0,-10163,-5776,-4387
4513015200,2024-01-31,전라북도,군산시,내초동,내초동,248,131,117,0,0,0,-248,-131,-117
4513025021,2024-01-31,전라북도,군산시,옥구읍,옥정리,230,131,99,0,0,0,-230,-131,-99
4513025022,2024-01-31,전라북도,군산시,옥구읍,상평리,363,187,176,0,0,0,-363,-187,-176
4513025023,2024-01-31,전라북도,군산시,옥구읍,이곡리,285,149,136,0,0,0,-285,-149,-136
4513025024,2024-01-31,전라북도,군산시,옥구읍,수산리,426,206,220,0,0,0,-426,-206,-220
4513025025,2024-01-31,전라북도,군산시,옥구읍,오곡리,215,107,108,0,0,0,-215,-107,-108
4513025026,2024-01-31,전라북도,군산시,옥구읍,선제리,519,271,248,0,0,0,-519,-271,-248
4513025027,2024-01-31,전라북도,군산시,옥구읍,어은리,907,456,451,0,0,0,-907,-456,-451
4513031021,2024-01-31,전라북도,군산시,옥산면,옥산리,601,324,277,0,0,0,-601,-324,-277
4513031022,2024-01-31,전라북도,군산시,옥산면,남내리,433,216,217,0,0,0,-433,-216,-217
4513031023,2024-01-31,전라북도,군산시,옥산면,쌍봉리,475,245,230,0,0,0,-475,-245,-230
4513031024,2024-01-31,전라북도,군산시,옥산면,당북리,2785,1411,1374,0,0,0,-2785,-1411,-1374
4513031025,2024-01-31,전라북도,군산시,옥산면,금성리,241,122,119,0,0,0,-241,-122,-119
4513032021,2024-01-31,전라북도,군산시,회현면,월연리,312,151,161,0,0,0,-312,-151,-161
4513032022,2024-01-31,전라북도,군산시,회현면,금광리,719,369,350,0,0,0,-719,-369,-350
4513032023,2024-01-31,전라북도,군산시,회현면,대정리,712,373,339,0,0,0,-712,-373,-339
4513032024,2024-01-31,전라북도,군산시,회현면,세장리,87,48,39,0,0,0,-87,-48,-39
4513032025,2024-01-31,전라북도,군산시,회현면,고사리,217,104,113,0,0,0,-217,-104,-113
4513032026,2024-01-31,전라북도,군산시,회현면,학당리,531,284,247,0,0,0,-531,-284,-247
4513032027,2024-01-31,전라북도,군산시,회현면,원우리,424,220,204,0,0,0,-424,-220,-204
4513032028,2024-01-31,전라북도,군산시,회현면,증석리,231,118,113,0,0,0,-231,-118,-113
4513033021,2024-01-31,전라북도,군산시,임피면,읍내리,708,344,364,0,0,0,-708,-344,-364
4513033022,2024-01-31,전라북도,군산시,임피면,축산리,176,100,76,0,0,0,-176,-100,-76
4513033023,2024-01-31,전라북도,군산시,임피면,미원리,266,127,139,0,0,0,-266,-127,-139
4513033024,2024-01-31,전라북도,군산시,임피면,보석리,304,174,130,0,0,0,-304,-174,-130
4513033025,2024-01-31,전라북도,군산시,임피면,술산리,454,222,232,0,0,0,-454,-222,-232
4513033026,2024-01-31,전라북도,군산시,임피면,월하리,308,166,142,0,0,0,-308,-166,-142
4513033027,2024-01-31,전라북도,군산시,임피면,영창리,293,152,141,0,0,0,-293,-152,-141
4513034021,2024-01-31,전라북도,군산시,서수면,서수리,903,469,434,0,0,0,-903,-469,-434
4513034022,2024-01-31,전라북도,군산시,서수면,축동리,279,120,159,0,0,0,-279,-120,-159
4513034023,2024-01-31,전라북도,군산시,서수면,관원리,175,100,75,0,0,0,-175,-100,-75
4513034024,2024-01-31,전라북도,군산시,서수면,마룡리,442,219,223,0,0,0,-442,-219,-223
4513034025,2024-01-31,전라북도,군산시,서수면,화등리,297,144,153,0,0,0,-297,-144,-153
4513034026,2024-01-31,전라북도,군산시,서수면,금암리,276,131,145,0,0,0,-276,-131,-145
4513035021,2024-01-31,전라북도,군산시,대야면,산월리,965,487,478,0,0,0,-965,-487,-478
4513035022,2024-01-31,전라북도,군산시,대야면,지경리,1661,812,849,0,0,0,-1661,-812,-849
4513035023,2024-01-31,전라북도,군산시,대야면,복교리,635,317,318,0,0,0,-635,-317,-318
4513035024,2024-01-31,전라북도,군산시,대야면,광교리,226,117,109,0,0,0,-226,-117,-109
4513035025,2024-01-31,전라북도,군산시,대야면,접산리,323,167,156,0,0,0,-323,-167,-156
4513035026,2024-01-31,전라북도,군산시,대야면,죽산리,381,199,182,0,0,0,-381,-199,-182
4513035027,2024-01-31,전라북도,군산시,대야면,보덕리,454,214,240,0,0,0,-454,-214,-240
4513036021,2024-01-31,전라북도,군산시,개정면,아동리,589,312,277,0,0,0,-589,-312,-277
4513036022,2024-01-31,전라북도,군산시,개정면,운회리,470,230,240,0,0,0,-470,-230,-240
4513036023,2024-01-31,전라북도,군산시,개정면,아산리,195,92,103,0,0,0,-195,-92,-103
4513036024,2024-01-31,전라북도,군산시,개정면,발산리,687,355,332,0,0,0,-687,-355,-332
4513036025,2024-01-31,전라북도,군산시,개정면,통사리,738,363,375,0,0,0,-738,-363,-375
4513036026,2024-01-31,전라북도,군산시,개정면,옥석리,174,88,86,0,0,0,-174,-88,-86
4513037021,2024-01-31,전라북도,군산시,성산면,성덕리,183,93,90,0,0,0,-183,-93,-90
4513037022,2024-01-31,전라북도,군산시,성산면,둔덕리,613,303,310,0,0,0,-613,-303,-310
4513037023,2024-01-31,전라북도,군산시,성산면,고봉리,465,238,227,0,0,0,-465,-238,-227
4513037024,2024-01-31,전라북도,군산시,성산면,도암리,538,256,282,0,0,0,-538,-256,-282
4513037025,2024-01-31,전라북도,군산시,성산면,여방리,295,151,144,0,0,0,-295,-151,-144
4513037026,2024-01-31,전라북도,군산시,성산면,대명리,91,43,48,0,0,0,-91,-43,-48
4513037027,2024-01-31,전라북도,군산시,성산면,창오리,211,101,110,0,0,0,-211,-101,-110
4513037028,2024-01-31,전라북도,군산시,성산면,산곡리,217,110,107,0,0,0,-217,-110,-107
4513038000,2024-01-31,전라북도,군산시,나포면,나포면,1,1,0,0,0,0,-1,-1,0
4513038021,2024-01-31,전라북도,군산시,나포면,나포리,327,165,162,0,0,0,-327,-165,-162
4513038022,2024-01-31,전라북도,군산시,나포면,장상리,180,94,86,0,0,0,-180,-94,-86
4513038023,2024-01-31,전라북도,군산시,나포면,옥곤리,595,302,293,0,0,0,-595,-302,-293
4513038024,2024-01-31,전라북도,군산시,나포면,주곡리,397,208,189,0,0,0,-397,-208,-189
4513038025,2024-01-31,전라북도,군산시,나포면,부곡리,214,109,105,0,0,0,-214,-109,-105
4513038026,2024-01-31,전라북도,군산시,나포면,서포리,342,176,166,0,0,0,-342,-176,-166
4513039021,2024-01-31,전라북도,군산시,옥도면,개야도리,550,311,239,0,0,0,-550,-311,-239
4513039022,2024-01-31,전라북도,군산시,옥도면,연도리,171,103,68,0,0,0,-171,-103,-68
4513039023,2024-01-31,전라북도,군산시,옥도면,어청도리,262,159,103,0,0,0,-262,-159,-103
4513039024,2024-01-31,전라북도,군산시,옥도면,선유도리,413,229,184,0,0,0,-413,-229,-184
4513039025,2024-01-31,전라북도,군산시,옥도면,무녀도리,349,197,152,0,0,0,-349,-197,-152
4513039026,2024-01-31,전라북도,군산시,옥도면,신시도리,261,146,115,0,0,0,-261,-146,-115
4513039027,2024-01-31,전라북도,군산시,옥도면,야미도리,187,107,80,0,0,0,-187,-107,-80
4513039028,2024-01-31,전라북도,군산시,옥도면,장자도리,100,51,49,0,0,0,-100,-51,-49
4513039029,2024-01-31,전라북도,군산시,옥도면,관리도리,89,48,41,0,0,0,-89,-48,-41
4513039030,2024-01-31,전라북도,군산시,옥도면,말도리,246,136,110,0,0,0,-246,-136,-110
4513039031,2024-01-31,전라북도,군산시,옥도면,비안도리,246,134,112,0,0,0,-246,-134,-112
4513039032,2024-01-31,전라북도,군산시,옥도면,죽도리,13,10,3,0,0,0,-13,-10,-3
4513039033,2024-01-31,전라북도,군산시,옥도면,대장도리,26,14,12,0,0,0,-26,-14,-12
4513039034,2024-01-31,전라북도,군산시,옥도면,두리도리,62,37,25,0,0,0,-62,-37,-25
4513040021,2024-01-31,전라북도,군산시,옥서면,옥봉리,1705,856,849,0,0,0,-1705,-856,-849
4513040022,2024-01-31,전라북도,군산시,옥서면,선연리,1020,550,470,0,0,0,-1020,-550,-470
4514010100,2024-01-31,전라북도,익산시,창인동1가,창인동1가,1241,631,610,0,0,0,-1241,-631,-610
4514010200,2024-01-31,전라북도,익산시,창인동2가,창인동2가,348,191,157,0,0,0,-348,-191,-157
4514010300,2024-01-31,전라북도,익산시,중앙동1가,중앙동1가,171,89,82,0,0,0,-171,-89,-82
4514010400,2024-01-31,전라북도,익산시,중앙동2가,중앙동2가,207,124,83,0,0,0,-207,-124,-83
4514010500,2024-01-31,전라북도,익산시,중앙동3가,중앙동3가,331,184,147,0,0,0,-331,-184,-147
4514010600,2024-01-31,전라북도,익산시,평화동,평화동,2891,1455,1436,0,0,0,-2891,-1455,-1436
4514010700,2024-01-31,전라북도,익산시,갈산동,갈산동,787,408,379,0,0,0,-787,-408,-379
4514010800,2024-01-31,전라북도,익산시,주현동,주현동,3132,1579,1553,0,0,0,-3132,-1579,-1553
4514010900,2024-01-31,전라북도,익산시,인화동1가,인화동1가,1409,734,675,0,0,0,-1409,-734,-675
4514011000,2024-01-31,전라북도,익산시,인화동2가,인화동2가,1838,953,885,0,0,0,-1838,-953,-885
4514011100,2024-01-31,전라북도,익산시,동산동,동산동,18397,8883,9514,0,0,0,-18397,-8883,-9514
4514011200,2024-01-31,전라북도,익산시,마동,마동,9350,4731,4619,0,0,0,-9350,-4731,-4619
4514011300,2024-01-31,전라북도,익산시,남중동,남중동,10656,5459,5197,0,0,0,-10656,-5459,-5197
4514011400,2024-01-31,전라북도,익산시,모현동1가,모현동1가,28313,13710,14603,0,0,0,-28313,-13710,-14603
4514011500,2024-01-31,전라북도,익산시,모현동2가,모현동2가,9894,4814,5080,0,0,0,-9894,-4814,-5080
4514011600,2024-01-31,전라북도,익산시,송학동,송학동,8976,4446,4530,0,0,0,-8976,-4446,-4530
4514011700,2024-01-31,전라북도,익산시,목천동,목천동,1498,870,628,0,0,0,-1498,-870,-628
4514011800,2024-01-31,전라북도,익산시,만석동,만석동,303,146,157,0,0,0,-303,-146,-157
4514011900,2024-01-31,전라북도,익산시,현영동,현영동,330,172,158,0,0,0,-330,-172,-158
4514012000,2024-01-31,전라북도,익산시,신용동,신용동,2139,1050,1089,0,0,0,-2139,-1050,-1089
4514012100,2024-01-31,전라북도,익산시,신동,신동,12533,6453,6080,0,0,0,-12533,-6453,-6080
4514012200,2024-01-31,전라북도,익산시,영등동,영등동,35344,17311,18033,0,0,0,-35344,-17311,-18033
4514012300,2024-01-31,전라북도,익산시,어양동,어양동,23726,11559,12167,0,0,0,-23726,-11559,-12167
4514012400,2024-01-31,전라북도,익산시,신흥동,신흥동,497,281,216,0,0,0,-497,-281,-216
4514012500,2024-01-31,전라북도,익산시,금강동,금강동,2373,1272,1101,0,0,0,-2373,-1272,-1101
4514012600,2024-01-31,전라북도,익산시,석탄동,석탄동,595,297,298,0,0,0,-595,-297,-298
4514012700,2024-01-31,전라북도,익산시,팔봉동,팔봉동,4111,2099,2012,0,0,0,-4111,-2099,-2012
4514012800,2024-01-31,전라북도,익산시,덕기동,덕기동,633,313,320,0,0,0,-633,-313,-320
4514012900,2024-01-31,전라북도,익산시,석왕동,석왕동,283,150,133,0,0,0,-283,-150,-133
4514013000,2024-01-31,전라북도,익산시,은기동,은기동,315,167,148,0,0,0,-315,-167,-148
4514013100,2024-01-31,전라북도,익산시,정족동,정족동,204,98,106,0,0,0,-204,-98,-106
4514013200,2024-01-31,전라북도,익산시,임상동,임상동,437,222,215,0,0,0,-437,-222,-215
4514013300,2024-01-31,전라북도,익산시,월성동,월성동,490,241,249,0,0,0,-490,-241,-249
4514013400,2024-01-31,전라북도,익산시,부송동,부송동,30576,15095,15481,0,0,0,-30576,-15095,-15481
4514013500,2024-01-31,전라북도,익산시,용제동,용제동,436,239,197,0,0,0,-436,-239,-197
4514013600,2024-01-31,전라북도,익산시,석암동,석암동,385,210,175,0,0,0,-385,-210,-175
4514025021,2024-01-31,전라북도,익산시,함열읍,와리,4614,2227,2387,0,0,0,-4614,-2227,-2387
4514025022,2024-01-31,전라북도,익산시,함열읍,남당리,453,228,225,0,0,0,-453,-228,-225
4514025023,2024-01-31,전라북도,익산시,함열읍,흘산리,301,157,144,0,0,0,-301,-157,-144
4514025024,2024-01-31,전라북도,익산시,함열읍,석매리,566,285,281,0,0,0,-566,-285,-281
4514025025,2024-01-31,전라북도,익산시,함열읍,용지리,124,64,60,0,0,0,-124,-64,-60
4514025026,2024-01-31,전라북도,익산시,함열읍,다송리,340,178,162,0,0,0,-340,-178,-162
4514031021,2024-01-31,전라북도,익산시,오산면,송학리,261,143,118,0,0,0,-261,-143,-118
4514031022,2024-01-31,전라북도,익산시,오산면,장신리,4374,2105,2269,0,0,0,-4374,-2105,-2269
4514031023,2024-01-31,전라북도,익산시,오산면,영만리,491,248,243,0,0,0,-491,-248,-243
4514031024,2024-01-31,전라북도,익산시,오산면,오산리,756,381,375,0,0,0,-756,-381,-375
4514031025,2024-01-31,전라북도,익산시,오산면,신지리,746,371,375,0,0,0,-746,-371,-375
4514031026,2024-01-31,전라북도,익산시,오산면,남전리,444,217,227,0,0,0,-444,-217,-227
4514031027,2024-01-31,전라북도,익산시,오산면,목천리,168,89,79,0,0,0,-168,-89,-79
4514032021,2024-01-31,전라북도,익산시,황등면,황등리,3574,1791,1783,0,0,0,-3574,-1791,-1783
4514032022,2024-01-31,전라북도,익산시,황등면,동연리,391,189,202,0,0,0,-391,-189,-202
4514032023,2024-01-31,전라북도,익산시,황등면,죽촌리,562,283,279,0,0,0,-562,-283,-279
4514032024,2024-01-31,전라북도,익산시,황등면,신성리,226,110,116,0,0,0,-226,-110,-116
4514032025,2024-01-31,전라북도,익산시,황등면,구자리,220,114,106,0,0,0,-220,-114,-106
4514032026,2024-01-31,전라북도,익산시,황등면,용산리,396,220,176,0,0,0,-396,-220,-176
4514032027,2024-01-31,전라북도,익산시,황등면,율촌리,811,430,381,0,0,0,-811,-430,-381
4514032028,2024-01-31,전라북도,익산시,황등면,신기리,409,202,207,0,0,0,-409,-202,-207
4514033021,2024-01-31,전라북도,익산시,함라면,함열리,459,221,238,0,0,0,-459,-221,-238
4514033022,2024-01-31,전라북도,익산시,함라면,금성리,202,107,95,0,0,0,-202,-107,-95
4514033023,2024-01-31,전라북도,익산시,함라면,신대리,312,153,159,0,0,0,-312,-153,-159
4514033024,2024-01-31,전라북도,익산시,함라면,다망리,314,148,166,0,0,0,-314,-148,-166
4514033025,2024-01-31,전라북도,익산시,함라면,신등리,392,206,186,0,0,0,-392,-206,-186
4514033026,2024-01-31,전라북도,익산시,함라면,신목리,441,212,229,0,0,0,-441,-212,-229
4514034021,2024-01-31,전라북도,익산시,웅포면,입점리,150,74,76,0,0,0,-150,-74,-76
4514034022,2024-01-31,전라북도,익산시,웅포면,웅포리,188,82,106,0,0,0,-188,-82,-106
4514034023,2024-01-31,전라북도,익산시,웅포면,송천리,200,111,89,0,0,0,-200,-111,-89
4514034024,2024-01-31,전라북도,익산시,웅포면,고창리,163,83,80,0,0,0,-163,-83,-80
4514034025,2024-01-31,전라북도,익산시,웅포면,맹산리,244,122,122,0,0,0,-244,-122,-122
4514034026,2024-01-31,전라북도,익산시,웅포면,제성리,257,137,120,0,0,0,-257,-137,-120
4514034027,2024-01-31,전라북도,익산시,웅포면,대붕암리,260,139,121,0,0,0,-260,-139,-121
4514035021,2024-01-31,전라북도,익산시,성당면,장선리,273,145,128,0,0,0,-273,-145,-128
4514035022,2024-01-31,전라북도,익산시,성당면,와초리,293,142,151,0,0,0,-293,-142,-151
4514035023,2024-01-31,전라북도,익산시,성당면,대선리,226,112,114,0,0,0,-226,-112,-114
4514035024,2024-01-31,전라북도,익산시,성당면,갈산리,310,153,157,0,0,0,-310,-153,-157
4514035025,2024-01-31,전라북도,익산시,성당면,두동리,326,175,151,0,0,0,-326,-175,-151
4514035026,2024-01-31,전라북도,익산시,성당면,성당리,257,122,135,0,0,0,-257,-122,-135
4514035027,2024-01-31,전라북도,익산시,성당면,부곡리,83,44,39,0,0,0,-83,-44,-39
4514036021,2024-01-31,전라북도,익산시,용안면,교동리,392,202,190,0,0,0,-392,-202,-190
4514036022,2024-01-31,전라북도,익산시,용안면,덕용리,239,109,130,0,0,0,-239,-109,-130
4514036023,2024-01-31,전라북도,익산시,용안면,중신리,321,169,152,0,0,0,-321,-169,-152
4514036024,2024-01-31,전라북도,익산시,용안면,창리,261,133,128,0,0,0,-261,-133,-128
4514036025,2024-01-31,전라북도,익산시,용안면,용두리,130,62,68,0,0,0,-130,-62,-68
4514036026,2024-01-31,전라북도,익산시,용안면,법성리,211,103,108,0,0,0,-211,-103,-108
4514036027,2024-01-31,전라북도,익산시,용안면,석동리,161,81,80,0,0,0,-161,-81,-80
4514036028,2024-01-31,전라북도,익산시,용안면,난포리,126,69,57,0,0,0,-126,-69,-57
4514036029,2024-01-31,전라북도,익산시,용안면,송산리,201,107,94,0,0,0,-201,-107,-94
4514036030,2024-01-31,전라북도,익산시,용안면,동지산리,193,88,105,0,0,0,-193,-88,-105
4514036031,2024-01-31,전라북도,익산시,용안면,칠목리,269,138,131,0,0,0,-269,-138,-131
4514037021,2024-01-31,전라북도,익산시,낭산면,삼담리,529,273,256,0,0,0,-529,-273,-256
4514037022,2024-01-31,전라북도,익산시,낭산면,호암리,269,137,132,0,0,0,-269,-137,-132
4514037023,2024-01-31,전라북도,익산시,낭산면,석천리,504,272,232,0,0,0,-504,-272,-232
4514037024,2024-01-31,전라북도,익산시,낭산면,낭산리,356,190,166,0,0,0,-356,-190,-166
4514037025,2024-01-31,전라북도,익산시,낭산면,성남리,269,140,129,0,0,0,-269,-140,-129
4514037026,2024-01-31,전라북도,익산시,낭산면,구평리,309,163,146,0,0,0,-309,-163,-146
4514037027,2024-01-31,전라북도,익산시,낭산면,용기리,587,311,276,0,0,0,-587,-311,-276
4514038021,2024-01-31,전라북도,익산시,망성면,신작리,517,260,257,0,0,0,-517,-260,-257
4514038022,2024-01-31,전라북도,익산시,망성면,화산리,674,333,341,0,0,0,-674,-333,-341
4514038023,2024-01-31,전라북도,익산시,망성면,장선리,210,110,100,0,0,0,-210,-110,-100
4514038024,2024-01-31,전라북도,익산시,망성면,어량리,486,252,234,0,0,0,-486,-252,-234
4514038025,2024-01-31,전라북도,익산시,망성면,내촌리,475,232,243,0,0,0,-475,-232,-243
4514038026,2024-01-31,전라북도,익산시,망성면,무형리,424,207,217,0,0,0,-424,-207,-217
4514039021,2024-01-31,전라북도,익산시,여산면,여산리,600,294,306,0,0,0,-600,-294,-306
4514039022,2024-01-31,전라북도,익산시,여산면,제남리,478,253,225,0,0,0,-478,-253,-225
4514039023,2024-01-31,전라북도,익산시,여산면,원수리,425,218,207,0,0,0,-425,-218,-207
4514039024,2024-01-31,전라북도,익산시,여산면,호산리,366,182,184,0,0,0,-366,-182,-184
4514039025,2024-01-31,전라북도,익산시,여산면,태성리,288,148,140,0,0,0,-288,-148,-140
4514039026,2024-01-31,전라북도,익산시,여산면,두여리,915,470,445,0,0,0,-915,-470,-445
4514040021,2024-01-31,전라북도,익산시,금마면,동고도리,2706,1357,1349,0,0,0,-2706,-1357,-1349
4514040022,2024-01-31,전라북도,익산시,금마면,서고도리,871,457,414,0,0,0,-871,-457,-414
4514040023,2024-01-31,전라북도,익산시,금마면,신용리,581,352,229,0,0,0,-581,-352,-229
4514040024,2024-01-31,전라북도,익산시,금마면,산북리,53,31,22,0,0,0,-53,-31,-22
4514040025,2024-01-31,전라북도,익산시,금마면,용순리,500,253,247,0,0,0,-500,-253,-247
4514040026,2024-01-31,전라북도,익산시,금마면,기양리,309,162,147,0,0,0,-309,-162,-147
4514040027,2024-01-31,전라북도,익산시,금마면,갈산리,149,68,81,0,0,0,-149,-68,-81
4514041021,2024-01-31,전라북도,익산시,왕궁면,광암리,316,187,129,0,0,0,-316,-187,-129
4514041022,2024-01-31,전라북도,익산시,왕궁면,흥암리,1374,722,652,0,0,0,-1374,-722,-652
4514041023,2024-01-31,전라북도,익산시,왕궁면,구덕리,481,243,238,0,0,0,-481,-243,-238
4514041024,2024-01-31,전라북도,익산시,왕궁면,온수리,719,334,385,0,0,0,-719,-334,-385
4514041025,2024-01-31,전라북도,익산시,왕궁면,쌍제리,150,82,68,0,0,0,-150,-82,-68
4514041026,2024-01-31,전라북도,익산시,왕궁면,발산리,251,130,121,0,0,0,-251,-130,-121
4514041027,2024-01-31,전라북도,익산시,왕궁면,평장리,174,92,82,0,0,0,-174,-92,-82
4514041028,2024-01-31,전라북도,익산시,왕궁면,동촌리,195,95,100,0,0,0,-195,-95,-100
4514041029,2024-01-31,전라북도,익산시,왕궁면,도순리,222,116,106,0,0,0,-222,-116,-106
4514041030,2024-01-31,전라북도,익산시,왕궁면,용화리,116,63,53,0,0,0,-116,-63,-53
4514041031,2024-01-31,전라북도,익산시,왕궁면,동봉리,174,96,78,0,0,0,-174,-96,-78
4514041032,2024-01-31,전라북도,익산시,왕궁면,동용리,221,108,113,0,0,0,-221,-108,-113
4514041033,2024-01-31,전라북도,익산시,왕궁면,왕궁리,295,149,146,0,0,0,-295,-149,-146
4514042022,2024-01-31,전라북도,익산시,춘포면,덕실리,274,137,137,0,0,0,-274,-137,-137
4514042023,2024-01-31,전라북도,익산시,춘포면,삼포리,65,27,38,0,0,0,-65,-27,-38
4514042024,2024-01-31,전라북도,익산시,춘포면,오산리,305,157,148,0,0,0,-305,-157,-148
4514042025,2024-01-31,전라북도,익산시,춘포면,신동리,269,143,126,0,0,0,-269,-143,-126
4514042026,2024-01-31,전라북도,익산시,춘포면,창평리,360,183,177,0,0,0,-360,-183,-177
4514042027,2024-01-31,전라북도,익산시,춘포면,천서리,286,143,143,0,0,0,-286,-143,-143
4514042028,2024-01-31,전라북도,익산시,춘포면,천동리,207,108,99,0,0,0,-207,-108,-99
4514042029,2024-01-31,전라북도,익산시,춘포면,쌍정리,975,522,453,0,0,0,-975,-522,-453
4514042030,2024-01-31,전라북도,익산시,춘포면,인수리,331,164,167,0,0,0,-331,-164,-167
4514042031,2024-01-31,전라북도,익산시,춘포면,용연리,475,244,231,0,0,0,-475,-244,-231
4514042032,2024-01-31,전라북도,익산시,춘포면,춘포리,783,398,385,0,0,0,-783,-398,-385
4514043021,2024-01-31,전라북도,익산시,삼기면,간촌리,474,236,238,0,0,0,-474,-236,-238
4514043022,2024-01-31,전라북도,익산시,삼기면,서두리,429,203,226,0,0,0,-429,-203,-226
4514043023,2024-01-31,전라북도,익산시,삼기면,오룡리,382,196,186,0,0,0,-382,-196,-186
4514043024,2024-01-31,전라북도,익산시,삼기면,연동리,341,191,150,0,0,0,-341,-191,-150
4514043025,2024-01-31,전라북도,익산시,삼기면,기산리,474,244,230,0,0,0,-474,-244,-230
4514043026,2024-01-31,전라북도,익산시,삼기면,용연리,398,212,186,0,0,0,-398,-212,-186
4514044021,2024-01-31,전라북도,익산시,용동면,흥왕리,217,116,101,0,0,0,-217,-116,-101
4514044022,2024-01-31,전라북도,익산시,용동면,구산리,146,70,76,0,0,0,-146,-70,-76
4514044023,2024-01-31,전라북도,익산시,용동면,용성리,190,88,102,0,0,0,-190,-88,-102
4514044024,2024-01-31,전라북도,익산시,용동면,대조리,451,225,226,0,0,0,-451,-225,-226
4514044025,2024-01-31,전라북도,익산시,용동면,화실리,272,136,136,0,0,0,-272,-136,-136
4514044026,2024-01-31,전라북도,익산시,용동면,화배리,164,79,85,0,0,0,-164,-79,-85
4518010100,2024-01-31,전라북도,정읍시,수성동,수성동,16027,8105,7922,0,0,0,-16027,-8105,-7922
4518010200,2024-01-31,전라북도,정읍시,장명동,장명동,648,301,347,0,0,0,-648,-301,-347
4518010300,2024-01-31,전라북도,정읍시,상동,상동,18675,8986,9689,0,0,0,-18675,-8986,-9689
4518010400,2024-01-31,전라북도,정읍시,시기동,시기동,12992,6374,6618,0,0,0,-12992,-6374,-6618
4518010500,2024-01-31,전라북도,정읍시,연지동,연지동,5723,2828,2895,0,0,0,-5723,-2828,-2895
4518010600,2024-01-31,전라북도,정읍시,농소동,농소동,1920,898,1022,0,0,0,-1920,-898,-1022
4518010700,2024-01-31,전라북도,정읍시,하모동,하모동,297,147,150,0,0,0,-297,-147,-150
4518010800,2024-01-31,전라북도,정읍시,상평동,상평동,1356,671,685,0,0,0,-1356,-671,-685
4518010900,2024-01-31,전라북도,정읍시,과교동,과교동,370,181,189,0,0,0,-370,-181,-189
4518011000,2024-01-31,전라북도,정읍시,삼산동,삼산동,163,78,85,0,0,0,-163,-78,-85
4518011100,2024-01-31,전라북도,정읍시,진산동,진산동,166,82,84,0,0,0,-166,-82,-84
4518011200,2024-01-31,전라북도,정읍시,금붕동,금붕동,1034,501,533,0,0,0,-1034,-501,-533
4518011300,2024-01-31,전라북도,정읍시,송산동,송산동,678,343,335,0,0,0,-678,-343,-335
4518011400,2024-01-31,전라북도,정읍시,신월동,신월동,208,107,101,0,0,0,-208,-107,-101
4518011500,2024-01-31,전라북도,정읍시,용산동,용산동,108,59,49,0,0,0,-108,-59,-49
4518011600,2024-01-31,전라북도,정읍시,교암동,교암동,330,174,156,0,0,0,-330,-174,-156
4518011700,2024-01-31,전라북도,정읍시,부전동,부전동,358,184,174,0,0,0,-358,-184,-174
4518011800,2024-01-31,전라북도,정읍시,쌍암동,쌍암동,293,148,145,0,0,0,-293,-148,-145
4518011900,2024-01-31,전라북도,정읍시,내장동,내장동,291,156,135,0,0,0,-291,-156,-135
4518012000,2024-01-31,전라북도,정읍시,영파동,영파동,89,51,38,0,0,0,-89,-51,-38
4518012100,2024-01-31,전라북도,정읍시,하북동,하북동,410,237,173,0,0,0,-410,-237,-173
4518012200,2024-01-31,전라북도,정읍시,구룡동,구룡동,1643,845,798,0,0,0,-1643,-845,-798
4518012300,2024-01-31,전라북도,정읍시,흑암동,흑암동,261,128,133,0,0,0,-261,-128,-133
4518012400,2024-01-31,전라북도,정읍시,용계동,용계동,407,210,197,0,0,0,-407,-210,-197
4518012500,2024-01-31,전라북도,정읍시,공평동,공평동,804,391,413,0,0,0,-804,-391,-413
4518012600,2024-01-31,전라북도,정읍시,망제동,망제동,324,172,152,0,0,0,-324,-172,-152
4518012700,2024-01-31,전라북도,정읍시,신정동,신정동,1225,687,538,0,0,0,-1225,-687,-538
4518025021,2024-01-31,전라북도,정읍시,신태인읍,신태인리,2423,1191,1232,0,0,0,-2423,-1191,-1232
4518025022,2024-01-31,전라북도,정읍시,신태인읍,우령리,241,118,123,0,0,0,-241,-118,-123
4518025023,2024-01-31,전라북도,정읍시,신태인읍,신덕리,156,76,80,0,0,0,-156,-76,-80
4518025024,2024-01-31,전라북도,정읍시,신태인읍,청천리,81,39,42,0,0,0,-81,-39,-42
4518025025,2024-01-31,전라북도,정읍시,신태인읍,화호리,370,170,200,0,0,0,-370,-170,-200
4518025026,2024-01-31,전라북도,정읍시,신태인읍,육리,98,41,57,0,0,0,-98,-41,-57
4518025027,2024-01-31,전라북도,정읍시,신태인읍,연정리,452,223,229,0,0,0,-452,-223,-229
4518025028,2024-01-31,전라북도,정읍시,신태인읍,신용리,164,83,81,0,0,0,-164,-83,-81
4518025029,2024-01-31,전라북도,정읍시,신태인읍,양괴리,367,183,184,0,0,0,-367,-183,-184
4518025030,2024-01-31,전라북도,정읍시,신태인읍,구석리,375,189,186,0,0,0,-375,-189,-186
4518025031,2024-01-31,전라북도,정읍시,신태인읍,백산리,359,189,170,0,0,0,-359,-189,-170
4518031021,2024-01-31,전라북도,정읍시,북면,한교리,557,305,252,0,0,0,-557,-305,-252
4518031022,2024-01-31,전라북도,정읍시,북면,승부리,301,147,154,0,0,0,-301,-147,-154
4518031023,2024-01-31,전라북도,정읍시,북면,신평리,199,92,107,0,0,0,-199,-92,-107
4518031024,2024-01-31,전라북도,정읍시,북면,복흥리,225,107,118,0,0,0,-225,-107,-118
4518031025,2024-01-31,전라북도,정읍시,북면,태곡리,239,124,115,0,0,0,-239,-124,-115
4518031026,2024-01-31,전라북도,정읍시,북면,보림리,189,100,89,0,0,0,-189,-100,-89
4518031027,2024-01-31,전라북도,정읍시,북면,마정리,441,226,215,0,0,0,-441,-226,-215
4518031028,2024-01-31,전라북도,정읍시,북면,화해리,1385,699,686,0,0,0,-1385,-699,-686
4518031029,2024-01-31,전라북도,정읍시,북면,남산리,296,151,145,0,0,0,-296,-151,-145
4518031030,2024-01-31,전라북도,정읍시,북면,장학리,130,63,67,0,0,0,-130,-63,-67
4518032021,2024-01-31,전라북도,정읍시,입암면,지선리,56,26,30,0,0,0,-56,-26,-30
4518032022,2024-01-31,전라북도,정읍시,입암면,단곡리,401,195,206,0,0,0,-401,-195,-206
4518032023,2024-01-31,전라북도,정읍시,입암면,연월리,158,89,69,0,0,0,-158,-89,-69
4518032024,2024-01-31,전라북도,정읍시,입암면,천원리,250,132,118,0,0,0,-250,-132,-118
4518032025,2024-01-31,전라북도,정읍시,입암면,등천리,144,73,71,0,0,0,-144,-73,-71
4518032026,2024-01-31,전라북도,정읍시,입암면,하부리,385,185,200,0,0,0,-385,-185,-200
4518032027,2024-01-31,전라북도,정읍시,입암면,접지리,195,95,100,0,0,0,-195,-95,-100
4518032028,2024-01-31,전라북도,정읍시,입암면,신면리,319,163,156,0,0,0,-319,-163,-156
4518032029,2024-01-31,전라북도,정읍시,입암면,마석리,44,21,23,0,0,0,-44,-21,-23
4518032030,2024-01-31,전라북도,정읍시,입암면,봉양리,176,87,89,0,0,0,-176,-87,-89
4518032031,2024-01-31,전라북도,정읍시,입암면,대흥리,522,255,267,0,0,0,-522,-255,-267
4518033021,2024-01-31,전라북도,정읍시,소성면,주천리,230,129,101,0,0,0,-230,-129,-101
4518033022,2024-01-31,전라북도,정읍시,소성면,보화리,322,159,163,0,0,0,-322,-159,-163
4518033023,2024-01-31,전라북도,정읍시,소성면,등계리,191,104,87,0,0,0,-191,-104,-87
4518033024,2024-01-31,전라북도,정읍시,소성면,용정리,126,69,57,0,0,0,-126,-69,-57
4518033025,2024-01-31,전라북도,정읍시,소성면,화룡리,133,59,74,0,0,0,-133,-59,-74
4518033026,2024-01-31,전라북도,정읍시,소성면,고교리,203,106,97,0,0,0,-203,-106,-97
4518033027,2024-01-31,전라북도,정읍시,소성면,애당리,157,78,79,0,0,0,-157,-78,-79
4518033028,2024-01-31,전라북도,정읍시,소성면,중광리,219,111,108,0,0,0,-219,-111,-108
4518033029,2024-01-31,전라북도,정읍시,소성면,신천리,324,165,159,0,0,0,-324,-165,-159
4518033030,2024-01-31,전라북도,정읍시,소성면,기린리,89,45,44,0,0,0,-89,-45,-44
4518034021,2024-01-31,전라북도,정읍시,고부면,관청리,278,132,146,0,0,0,-278,-132,-146
4518034022,2024-01-31,전라북도,정읍시,고부면,백운리,166,84,82,0,0,0,-166,-84,-82
4518034023,2024-01-31,전라북도,정읍시,고부면,만화리,90,50,40,0,0,0,-90,-50,-40
4518034024,2024-01-31,전라북도,정읍시,고부면,신중리,181,95,86,0,0,0,-181,-95,-86
4518034025,2024-01-31,전라북도,정읍시,고부면,고부리,163,82,81,0,0,0,-163,-82,-81
4518034026,2024-01-31,전라북도,정읍시,고부면,덕안리,377,203,174,0,0,0,-377,-203,-174
4518034027,2024-01-31,전라북도,정읍시,고부면,신흥리,108,49,59,0,0,0,-108,-49,-59
4518034028,2024-01-31,전라북도,정읍시,고부면,강고리,206,101,105,0,0,0,-206,-101,-105
4518034029,2024-01-31,전라북도,정읍시,고부면,남복리,143,65,78,0,0,0,-143,-65,-78
4518034030,2024-01-31,전라북도,정읍시,고부면,장문리,210,100,110,0,0,0,-210,-100,-110
4518034031,2024-01-31,전라북도,정읍시,고부면,용흥리,197,92,105,0,0,0,-197,-92,-105
4518034032,2024-01-31,전라북도,정읍시,고부면,입석리,217,111,106,0,0,0,-217,-111,-106
4518034033,2024-01-31,전라북도,정읍시,고부면,만수리,339,171,168,0,0,0,-339,-171,-168
4518035021,2024-01-31,전라북도,정읍시,영원면,은선리,156,69,87,0,0,0,-156,-69,-87
4518035022,2024-01-31,전라북도,정읍시,영원면,신영리,99,40,59,0,0,0,-99,-40,-59
4518035023,2024-01-31,전라북도,정읍시,영원면,장재리,295,152,143,0,0,0,-295,-152,-143
4518035024,2024-01-31,전라북도,정읍시,영원면,풍월리,398,205,193,0,0,0,-398,-205,-193
4518035025,2024-01-31,전라북도,정읍시,영원면,앵성리,297,147,150,0,0,0,-297,-147,-150
4518035026,2024-01-31,전라북도,정읍시,영원면,운학리,259,134,125,0,0,0,-259,-134,-125
4518035027,2024-01-31,전라북도,정읍시,영원면,후지리,156,82,74,0,0,0,-156,-82,-74
4518036021,2024-01-31,전라북도,정읍시,덕천면,하학리,247,128,119,0,0,0,-247,-128,-119
4518036022,2024-01-31,전라북도,정읍시,덕천면,상학리,213,117,96,0,0,0,-213,-117,-96
4518036023,2024-01-31,전라북도,정읍시,덕천면,신월리,267,135,132,0,0,0,-267,-135,-132
4518036024,2024-01-31,전라북도,정읍시,덕천면,우덕리,406,199,207,0,0,0,-406,-199,-207
4518036025,2024-01-31,전라북도,정읍시,덕천면,달천리,277,139,138,0,0,0,-277,-139,-138
4518036026,2024-01-31,전라북도,정읍시,덕천면,도계리,277,147,130,0,0,0,-277,-147,-130
4518037021,2024-01-31,전라북도,정읍시,이평면,장내리,143,70,73,0,0,0,-143,-70,-73
4518037022,2024-01-31,전라북도,정읍시,이평면,청량리,126,67,59,0,0,0,-126,-67,-59
4518037023,2024-01-31,전라북도,정읍시,이평면,팔선리,148,63,85,0,0,0,-148,-63,-85
4518037024,2024-01-31,전라북도,정읍시,이평면,산매리,105,58,47,0,0,0,-105,-58,-47
4518037025,2024-01-31,전라북도,정읍시,이평면,두지리,182,84,98,0,0,0,-182,-84,-98
4518037026,2024-01-31,전라북도,정읍시,이평면,평령리,188,92,96,0,0,0,-188,-92,-96
4518037027,2024-01-31,전라북도,정읍시,이평면,창동리,259,136,123,0,0,0,-259,-136,-123
4518037028,2024-01-31,전라북도,정읍시,이평면,하송리,125,56,69,0,0,0,-125,-56,-69
4518037029,2024-01-31,전라북도,정읍시,이평면,마항리,161,80,81,0,0,0,-161,-80,-81
4518037030,2024-01-31,전라북도,정읍시,이평면,두전리,221,109,112,0,0,0,-221,-109,-112
4518037031,2024-01-31,전라북도,정읍시,이평면,오금리,235,116,119,0,0,0,-235,-116,-119
4518038021,2024-01-31,전라북도,정읍시,정우면,우일리,202,112,90,0,0,0,-202,-112,-90
4518038022,2024-01-31,전라북도,정읍시,정우면,산북리,241,119,122,0,0,0,-241,-119,-122
4518038023,2024-01-31,전라북도,정읍시,정우면,대사리,189,106,83,0,0,0,-189,-106,-83
4518038024,2024-01-31,전라북도,정읍시,정우면,화천리,186,94,92,0,0,0,-186,-94,-92
4518038025,2024-01-31,전라북도,정읍시,정우면,회룡리,211,114,97,0,0,0,-211,-114,-97
4518038026,2024-01-31,전라북도,정읍시,정우면,장순리,316,157,159,0,0,0,-316,-157,-159
4518038027,2024-01-31,전라북도,정읍시,정우면,초강리,339,159,180,0,0,0,-339,-159,-180
4518038028,2024-01-31,전라북도,정읍시,정우면,대산리,135,64,71,0,0,0,-135,-64,-71
4518038030,2024-01-31,전라북도,정읍시,정우면,수금리,214,99,115,0,0,0,-214,-99,-115
4518038031,2024-01-31,전라북도,정읍시,정우면,우산리,331,171,160,0,0,0,-331,-171,-160
4518039021,2024-01-31,전라북도,정읍시,태인면,박산리,173,84,89,0,0,0,-173,-84,-89
4518039022,2024-01-31,전라북도,정읍시,태인면,오봉리,248,130,118,0,0,0,-248,-130,-118
4518039023,2024-01-31,전라북도,정읍시,태인면,궁사리,164,83,81,0,0,0,-164,-83,-81
4518039024,2024-01-31,전라북도,정읍시,태인면,태성리,400,208,192,0,0,0,-400,-208,-192
4518039025,2024-01-31,전라북도,정읍시,태인면,거산리,154,80,74,0,0,0,-154,-80,-74
4518039026,2024-01-31,전라북도,정읍시,태인면,증산리,155,81,74,0,0,0,-155,-81,-74
4518039027,2024-01-31,전라북도,정읍시,태인면,태흥리,360,166,194,0,0,0,-360,-166,-194
4518039028,2024-01-31,전라북도,정읍시,태인면,고천리,173,85,88,0,0,0,-173,-85,-88
4518039029,2024-01-31,전라북도,정읍시,태인면,낙양리,180,87,93,0,0,0,-180,-87,-93
4518039030,2024-01-31,전라북도,정읍시,태인면,태창리,648,315,333,0,0,0,-648,-315,-333
4518039031,2024-01-31,전라북도,정읍시,태인면,태남리,137,68,69,0,0,0,-137,-68,-69
4518039032,2024-01-31,전라북도,정읍시,태인면,매계리,162,84,78,0,0,0,-162,-84,-78
4518039033,2024-01-31,전라북도,정읍시,태인면,오류리,49,29,20,0,0,0,-49,-29,-20
4518039034,2024-01-31,전라북도,정읍시,태인면,태서리,265,137,128,0,0,0,-265,-137,-128
4518040021,2024-01-31,전라북도,정읍시,감곡면,승방리,203,108,95,0,0,0,-203,-108,-95
4518040022,2024-01-31,전라북도,정읍시,감곡면,계룡리,186,97,89,0,0,0,-186,-97,-89
4518040023,2024-01-31,전라북도,정읍시,감곡면,삼평리,146,75,71,0,0,0,-146,-75,-71
4518040024,2024-01-31,전라북도,정읍시,감곡면,방교리,410,207,203,0,0,0,-410,-207,-203
4518040025,2024-01-31,전라북도,정읍시,감곡면,오주리,173,87,86,0,0,0,-173,-87,-86
4518040026,2024-01-31,전라북도,정읍시,감곡면,진흥리,405,205,200,0,0,0,-405,-205,-200
4518040027,2024-01-31,전라북도,정읍시,감곡면,통석리,332,170,162,0,0,0,-332,-170,-162
4518040028,2024-01-31,전라북도,정읍시,감곡면,화봉리,177,89,88,0,0,0,-177,-89,-88
4518040029,2024-01-31,전라북도,정읍시,감곡면,용곽리,196,101,95,0,0,0,-196,-101,-95
4518040030,2024-01-31,전라북도,정읍시,감곡면,유정리,298,149,149,0,0,0,-298,-149,-149
4518040031,2024-01-31,전라북도,정읍시,감곡면,대신리,139,68,71,0,0,0,-139,-68,-71
4518041021,2024-01-31,전라북도,정읍시,옹동면,비봉리,162,80,82,0,0,0,-162,-80,-82
4518041022,2024-01-31,전라북도,정읍시,옹동면,매정리,292,156,136,0,0,0,-292,-156,-136
4518041023,2024-01-31,전라북도,정읍시,옹동면,산성리,267,138,129,0,0,0,-267,-138,-129
4518041024,2024-01-31,전라북도,정읍시,옹동면,상산리,90,45,45,0,0,0,-90,-45,-45
4518041025,2024-01-31,전라북도,정읍시,옹동면,칠석리,315,155,160,0,0,0,-315,-155,-160
4518041026,2024-01-31,전라북도,정읍시,옹동면,용호리,157,77,80,0,0,0,-157,-77,-80
4518041027,2024-01-31,전라북도,정읍시,옹동면,오성리,303,171,132,0,0,0,-303,-171,-132
4518042021,2024-01-31,전라북도,정읍시,칠보면,백암리,395,216,179,0,0,0,-395,-216,-179
4518042022,2024-01-31,전라북도,정읍시,칠보면,축현리,115,53,62,0,0,0,-115,-53,-62
4518042023,2024-01-31,전라북도,정읍시,칠보면,와우리,180,89,91,0,0,0,-180,-89,-91
4518042024,2024-01-31,전라북도,정읍시,칠보면,무성리,367,190,177,0,0,0,-367,-190,-177
4518042025,2024-01-31,전라북도,정읍시,칠보면,시산리,679,337,342,0,0,0,-679,-337,-342
4518042026,2024-01-31,전라북도,정읍시,칠보면,반곡리,379,200,179,0,0,0,-379,-200,-179
4518042027,2024-01-31,전라북도,정읍시,칠보면,수청리,49,28,21,0,0,0,-49,-28,-21
4518043000,2024-01-31,전라북도,정읍시,산내면,산내면,2,1,1,0,0,0,-2,-1,-1
4518043021,2024-01-31,전라북도,정읍시,산내면,두월리,177,92,85,0,0,0,-177,-92,-85
4518043022,2024-01-31,전라북도,정읍시,산내면,장금리,212,110,102,0,0,0,-212,-110,-102
4518043023,2024-01-31,전라북도,정읍시,산내면,매죽리,154,82,72,0,0,0,-154,-82,-72
4518043024,2024-01-31,전라북도,정읍시,산내면,예덕리,151,69,82,0,0,0,-151,-69,-82
4518043025,2024-01-31,전라북도,정읍시,산내면,능교리,338,175,163,0,0,0,-338,-175,-163
4518043026,2024-01-31,전라북도,정읍시,산내면,종성리,165,84,81,0,0,0,-165,-84,-81
4518044021,2024-01-31,전라북도,정읍시,산외면,정량리,366,192,174,0,0,0,-366,-192,-174
4518044022,2024-01-31,전라북도,정읍시,산외면,평사리,330,165,165,0,0,0,-330,-165,-165
4518044023,2024-01-31,전라북도,정읍시,산외면,화죽리,258,137,121,0,0,0,-258,-137,-121
4518044024,2024-01-31,전라북도,정읍시,산외면,동곡리,227,116,111,0,0,0,-227,-116,-111
4518044025,2024-01-31,전라북도,정읍시,산외면,상두리,277,151,126,0,0,0,-277,-151,-126
4518044026,2024-01-31,전라북도,정읍시,산외면,오공리,284,145,139,0,0,0,-284,-145,-139
4518044027,2024-01-31,전라북도,정읍시,산외면,목욕리,93,45,48,0,0,0,-93,-45,-48
4518044028,2024-01-31,전라북도,정읍시,산외면,종산리,132,71,61,0,0,0,-132,-71,-61
4519010100,2024-01-31,전라북도,남원시,동충동,동충동,3092,1481,1611,0,0,0,-3092,-1481,-1611
4519010200,2024-01-31,전라북도,남원시,하정동,하정동,774,395,379,0,0,0,-774,-395,-379
4519010300,2024-01-31,전라북도,남원시,죽항동,죽항동,1715,793,922,0,0,0,-1715,-793,-922
4519010400,2024-01-31,전라북도,남원시,쌍교동,쌍교동,545,256,289,0,0,0,-545,-256,-289
4519010500,2024-01-31,전라북도,남원시,천거동,천거동,232,105,127,0,0,0,-232,-105,-127
4519010600,2024-01-31,전라북도,남원시,금동,금동,3553,1677,1876,0,0,0,-3553,-1677,-1876
4519010700,2024-01-31,전라북도,남원시,조산동,조산동,2406,1182,1224,0,0,0,-2406,-1182,-1224
4519010800,2024-01-31,전라북도,남원시,왕정동,왕정동,3301,1601,1700,0,0,0,-3301,-1601,-1700
4519010900,2024-01-31,전라북도,남원시,신정동,신정동,1347,659,688,0,0,0,-1347,-659,-688
4519011000,2024-01-31,전라북도,남원시,화정동,화정동,339,165,174,0,0,0,-339,-165,-174
4519011100,2024-01-31,전라북도,남원시,향교동,향교동,5329,2599,2730,0,0,0,-5329,-2599,-2730
4519011200,2024-01-31,전라북도,남원시,용정동,용정동,241,132,109,0,0,0,-241,-132,-109
4519011300,2024-01-31,전라북도,남원시,광치동,광치동,583,356,227,0,0,0,-583,-356,-227
4519011400,2024-01-31,전라북도,남원시,내척동,내척동,423,243,180,0,0,0,-423,-243,-180
4519011500,2024-01-31,전라북도,남원시,산곡동,산곡동,96,48,48,0,0,0,-96,-48,-48
4519011600,2024-01-31,전라북도,남원시,도통동,도통동,7484,3604,3880,0,0,0,-7484,-3604,-3880
4519011700,2024-01-31,전라북도,남원시,월락동,월락동,7211,3532,3679,0,0,0,-7211,-3532,-3679
4519011800,2024-01-31,전라북도,남원시,고죽동,고죽동,1399,687,712,0,0,0,-1399,-687,-712
4519011900,2024-01-31,전라북도,남원시,식정동,식정동,326,165,161,0,0,0,-326,-165,-161
4519012000,2024-01-31,전라북도,남원시,갈치동,갈치동,184,96,88,0,0,0,-184,-96,-88
4519012100,2024-01-31,전라북도,남원시,노암동,노암동,5445,2628,2817,0,0,0,-5445,-2628,-2817
4519012200,2024-01-31,전라북도,남원시,어현동,어현동,236,128,108,0,0,0,-236,-128,-108
4519012300,2024-01-31,전라북도,남원시,신촌동,신촌동,299,151,148,0,0,0,-299,-151,-148
4519025021,2024-01-31,전라북도,남원시,운봉읍,주촌리,170,77,93,0,0,0,-170,-77,-93
4519025022,2024-01-31,전라북도,남원시,운봉읍,덕산리,151,68,83,0,0,0,-151,-68,-83
4519025023,2024-01-31,전라북도,남원시,운봉읍,공안리,258,128,130,0,0,0,-258,-128,-130
4519025024,2024-01-31,전라북도,남원시,운봉읍,행정리,121,59,62,0,0,0,-121,-59,-62
4519025025,2024-01-31,전라북도,남원시,운봉읍,산덕리,193,97,96,0,0,0,-193,-97,-96
4519025026,2024-01-31,전라북도,남원시,운봉읍,동천리,444,218,226,0,0,0,-444,-218,-226
4519025027,2024-01-31,전라북도,남원시,운봉읍,용산리,143,69,74,0,0,0,-143,-69,-74
4519025028,2024-01-31,전라북도,남원시,운봉읍,북천리,145,69,76,0,0,0,-145,-69,-76
4519025029,2024-01-31,전라북도,남원시,운봉읍,서천리,535,267,268,0,0,0,-535,-267,-268
4519025030,2024-01-31,전라북도,남원시,운봉읍,준향리,177,98,79,0,0,0,-177,-98,-79
4519025031,2024-01-31,전라북도,남원시,운봉읍,장교리,263,129,134,0,0,0,-263,-129,-134
4519025032,2024-01-31,전라북도,남원시,운봉읍,권포리,208,96,112,0,0,0,-208,-96,-112
4519025033,2024-01-31,전라북도,남원시,운봉읍,임리,80,38,42,0,0,0,-80,-38,-42
4519025034,2024-01-31,전라북도,남원시,운봉읍,신기리,155,75,80,0,0,0,-155,-75,-80
4519025035,2024-01-31,전라북도,남원시,운봉읍,매요리,139,58,81,0,0,0,-139,-58,-81
4519025036,2024-01-31,전라북도,남원시,운봉읍,가산리,114,50,64,0,0,0,-114,-50,-64
4519025037,2024-01-31,전라북도,남원시,운봉읍,화수리,372,183,189,0,0,0,-372,-183,-189
4519031021,2024-01-31,전라북도,남원시,주천면,주천리,309,145,164,0,0,0,-309,-145,-164
4519031022,2024-01-31,전라북도,남원시,주천면,배덕리,100,51,49,0,0,0,-100,-51,-49
4519031023,2024-01-31,전라북도,남원시,주천면,송치리,443,231,212,0,0,0,-443,-231,-212
4519031024,2024-01-31,전라북도,남원시,주천면,용담리,261,125,136,0,0,0,-261,-125,-136
4519031025,2024-01-31,전라북도,남원시,주천면,호기리,199,102,97,0,0,0,-199,-102,-97
4519031026,2024-01-31,전라북도,남원시,주천면,장안리,401,207,194,0,0,0,-401,-207,-194
4519031027,2024-01-31,전라북도,남원시,주천면,은송리,224,114,110,0,0,0,-224,-114,-110
4519031028,2024-01-31,전라북도,남원시,주천면,호경리,144,70,74,0,0,0,-144,-70,-74
4519031029,2024-01-31,전라북도,남원시,주천면,용궁리,124,65,59,0,0,0,-124,-65,-59
4519031030,2024-01-31,전라북도,남원시,주천면,고기리,180,94,86,0,0,0,-180,-94,-86
4519031031,2024-01-31,전라북도,남원시,주천면,덕치리,134,61,73,0,0,0,-134,-61,-73
4519032021,2024-01-31,전라북도,남원시,수지면,남창리,200,98,102,0,0,0,-200,-98,-102
4519032022,2024-01-31,전라북도,남원시,수지면,초리,83,45,38,0,0,0,-83,-45,-38
4519032023,2024-01-31,전라북도,남원시,수지면,산정리,183,96,87,0,0,0,-183,-96,-87
4519032024,2024-01-31,전라북도,남원시,수지면,유암리,114,53,61,0,0,0,-114,-53,-61
4519032025,2024-01-31,전라북도,남원시,수지면,호곡리,238,115,123,0,0,0,-238,-115,-123
4519032026,2024-01-31,전라북도,남원시,수지면,고평리,230,118,112,0,0,0,-230,-118,-112
4519033021,2024-01-31,전라북도,남원시,송동면,신평리,257,121,136,0,0,0,-257,-121,-136
4519033022,2024-01-31,전라북도,남원시,송동면,송내리,154,79,75,0,0,0,-154,-79,-75
4519033023,2024-01-31,전라북도,남원시,송동면,사촌리,90,42,48,0,0,0,-90,-42,-48
4519033024,2024-01-31,전라북도,남원시,송동면,송상리,133,67,66,0,0,0,-133,-67,-66
4519033025,2024-01-31,전라북도,남원시,송동면,장국리,253,139,114,0,0,0,-253,-139,-114
4519033026,2024-01-31,전라북도,남원시,송동면,흑송리,202,107,95,0,0,0,-202,-107,-95
4519033027,2024-01-31,전라북도,남원시,송동면,송기리,143,73,70,0,0,0,-143,-73,-70
4519033028,2024-01-31,전라북도,남원시,송동면,장포리,87,48,39,0,0,0,-87,-48,-39
4519033029,2024-01-31,전라북도,남원시,송동면,영동리,64,30,34,0,0,0,-64,-30,-34
4519033030,2024-01-31,전라북도,남원시,송동면,연산리,54,30,24,0,0,0,-54,-30,-24
4519033031,2024-01-31,전라북도,남원시,송동면,양평리,94,37,57,0,0,0,-94,-37,-57
4519033032,2024-01-31,전라북도,남원시,송동면,두신리,102,55,47,0,0,0,-102,-55,-47
4519033033,2024-01-31,전라북도,남원시,송동면,세전리,241,115,126,0,0,0,-241,-115,-126
4519034021,2024-01-31,전라북도,남원시,주생면,상동리,196,98,98,0,0,0,-196,-98,-98
4519034022,2024-01-31,전라북도,남원시,주생면,중동리,132,64,68,0,0,0,-132,-64,-68
4519034023,2024-01-31,전라북도,남원시,주생면,지당리,287,142,145,0,0,0,-287,-142,-145
4519034024,2024-01-31,전라북도,남원시,주생면,정송리,248,113,135,0,0,0,-248,-113,-135
4519034025,2024-01-31,전라북도,남원시,주생면,영천리,165,83,82,0,0,0,-165,-83,-82
4519034026,2024-01-31,전라북도,남원시,주생면,제천리,242,127,115,0,0,0,-242,-127,-115
4519034027,2024-01-31,전라북도,남원시,주생면,낙동리,111,52,59,0,0,0,-111,-52,-59
4519034028,2024-01-31,전라북도,남원시,주생면,내동리,153,81,72,0,0,0,-153,-81,-72
4519034029,2024-01-31,전라북도,남원시,주생면,도산리,219,100,119,0,0,0,-219,-100,-119
4519035021,2024-01-31,전라북도,남원시,금지면,옹정리,307,140,167,0,0,0,-307,-140,-167
4519035022,2024-01-31,전라북도,남원시,금지면,입암리,305,143,162,0,0,0,-305,-143,-162
4519035023,2024-01-31,전라북도,남원시,금지면,서매리,243,128,115,0,0,0,-243,-128,-115
4519035024,2024-01-31,전라북도,남원시,금지면,방촌리,197,94,103,0,0,0,-197,-94,-103
4519035025,2024-01-31,전라북도,남원시,금지면,택내리,172,83,89,0,0,0,-172,-83,-89
4519035026,2024-01-31,전라북도,남원시,금지면,창산리,132,66,66,0,0,0,-132,-66,-66
4519035027,2024-01-31,전라북도,남원시,금지면,상신리,90,43,47,0,0,0,-90,-43,-47
4519035028,2024-01-31,전라북도,남원시,금지면,신월리,176,78,98,0,0,0,-176,-78,-98
4519035029,2024-01-31,전라북도,남원시,금지면,상귀리,126,61,65,0,0,0,-126,-61,-65
4519035030,2024-01-31,전라북도,남원시,금지면,귀석리,115,54,61,0,0,0,-115,-54,-61
4519035031,2024-01-31,전라북도,남원시,금지면,하도리,281,133,148,0,0,0,-281,-133,-148
4519036021,2024-01-31,전라북도,남원시,대강면,풍산리,66,32,34,0,0,0,-66,-32,-34
4519036022,2024-01-31,전라북도,남원시,대강면,수홍리,111,52,59,0,0,0,-111,-52,-59
4519036023,2024-01-31,전라북도,남원시,대강면,옥택리,88,42,46,0,0,0,-88,-42,-46
4519036024,2024-01-31,전라북도,남원시,대강면,평촌리,101,42,59,0,0,0,-101,-42,-59
4519036025,2024-01-31,전라북도,남원시,대강면,입암리,60,30,30,0,0,0,-60,-30,-30
4519036026,2024-01-31,전라북도,남원시,대강면,송대리,86,46,40,0,0,0,-86,-46,-40
4519036027,2024-01-31,전라북도,남원시,대강면,강석리,92,45,47,0,0,0,-92,-45,-47
4519036028,2024-01-31,전라북도,남원시,대강면,사석리,317,166,151,0,0,0,-317,-166,-151
4519036029,2024-01-31,전라북도,남원시,대강면,방동리,186,78,108,0,0,0,-186,-78,-108
4519036030,2024-01-31,전라북도,남원시,대강면,월탄리,78,30,48,0,0,0,-78,-30,-48
4519036031,2024-01-31,전라북도,남원시,대강면,생암리,94,52,42,0,0,0,-94,-52,-42
4519036032,2024-01-31,전라북도,남원시,대강면,신덕리,135,67,68,0,0,0,-135,-67,-68
4519036033,2024-01-31,전라북도,남원시,대강면,방산리,59,31,28,0,0,0,-59,-31,-28
4519037021,2024-01-31,전라북도,남원시,대산면,금성리,247,116,131,0,0,0,-247,-116,-131
4519037022,2024-01-31,전라북도,남원시,대산면,수덕리,143,81,62,0,0,0,-143,-81,-62
4519037023,2024-01-31,전라북도,남원시,대산면,대곡리,185,93,92,0,0,0,-185,-93,-92
4519037024,2024-01-31,전라북도,남원시,대산면,풍촌리,143,76,67,0,0,0,-143,-76,-67
4519037025,2024-01-31,전라북도,남원시,대산면,신계리,317,169,148,0,0,0,-317,-169,-148
4519037026,2024-01-31,전라북도,남원시,대산면,운교리,260,124,136,0,0,0,-260,-124,-136
4519037027,2024-01-31,전라북도,남원시,대산면,옥율리,133,66,67,0,0,0,-133,-66,-67
4519037028,2024-01-31,전라북도,남원시,대산면,길곡리,136,69,67,0,0,0,-136,-69,-67
4519038021,2024-01-31,전라북도,남원시,사매면,서도리,238,114,124,0,0,0,-238,-114,-124
4519038022,2024-01-31,전라북도,남원시,사매면,계수리,133,74,59,0,0,0,-133,-74,-59
4519038023,2024-01-31,전라북도,남원시,사매면,인화리,89,42,47,0,0,0,-89,-42,-47
4519038024,2024-01-31,전라북도,남원시,사매면,화정리,95,48,47,0,0,0,-95,-48,-47
4519038025,2024-01-31,전라북도,남원시,사매면,대율리,138,70,68,0,0,0,-138,-70,-68
4519038026,2024-01-31,전라북도,남원시,사매면,월평리,177,89,88,0,0,0,-177,-89,-88
4519038027,2024-01-31,전라북도,남원시,사매면,오신리,297,161,136,0,0,0,-297,-161,-136
4519038028,2024-01-31,전라북도,남원시,사매면,관풍리,148,86,62,0,0,0,-148,-86,-62
4519038029,2024-01-31,전라북도,남원시,사매면,대신리,137,65,72,0,0,0,-137,-65,-72
4519039021,2024-01-31,전라북도,남원시,덕과면,만도리,99,51,48,0,0,0,-99,-51,-48
4519039022,2024-01-31,전라북도,남원시,덕과면,신양리,112,58,54,0,0,0,-112,-58,-54
4519039023,2024-01-31,전라북도,남원시,덕과면,사율리,191,94,97,0,0,0,-191,-94,-97
4519039024,2024-01-31,전라북도,남원시,덕과면,고정리,225,116,109,0,0,0,-225,-116,-109
4519039025,2024-01-31,전라북도,남원시,덕과면,덕촌리,171,84,87,0,0,0,-171,-84,-87
4519039026,2024-01-31,전라북도,남원시,덕과면,용산리,119,66,53,0,0,0,-119,-66,-53
4519040021,2024-01-31,전라북도,남원시,보절면,서치리,103,55,48,0,0,0,-103,-55,-48
4519040022,2024-01-31,전라북도,남원시,보절면,괴양리,156,88,68,0,0,0,-156,-88,-68
4519040023,2024-01-31,전라북도,남원시,보절면,진기리,191,94,97,0,0,0,-191,-94,-97
4519040024,2024-01-31,전라북도,남원시,보절면,금다리,113,51,62,0,0,0,-113,-51,-62
4519040025,2024-01-31,전라북도,남원시,보절면,신파리,233,120,113,0,0,0,-233,-120,-113
4519040026,2024-01-31,전라북도,남원시,보절면,황벌리,209,105,104,0,0,0,-209,-105,-104
4519040027,2024-01-31,전라북도,남원시,보절면,도룡리,146,80,66,0,0,0,-146,-80,-66
4519040028,2024-01-31,전라북도,남원시,보절면,사촌리,111,54,57,0,0,0,-111,-54,-57
4519040029,2024-01-31,전라북도,남원시,보절면,성시리,105,53,52,0,0,0,-105,-53,-52
4519041021,2024-01-31,전라북도,남원시,산동면,목동리,159,80,79,0,0,0,-159,-80,-79
4519041022,2024-01-31,전라북도,남원시,산동면,식련리,87,44,43,0,0,0,-87,-44,-43
4519041023,2024-01-31,전라북도,남원시,산동면,부절리,431,211,220,0,0,0,-431,-211,-220
4519041024,2024-01-31,전라북도,남원시,산동면,태평리,295,147,148,0,0,0,-295,-147,-148
4519041025,2024-01-31,전라북도,남원시,산동면,대기리,285,144,141,0,0,0,-285,-144,-141
4519041026,2024-01-31,전라북도,남원시,산동면,월석리,160,84,76,0,0,0,-160,-84,-76
4519041027,2024-01-31,전라북도,남원시,산동면,대상리,258,136,122,0,0,0,-258,-136,-122
4519042021,2024-01-31,전라북도,남원시,이백면,초촌리,240,121,119,0,0,0,-240,-121,-119
4519042022,2024-01-31,전라북도,남원시,이백면,척문리,446,232,214,0,0,0,-446,-232,-214
4519042023,2024-01-31,전라북도,남원시,이백면,서곡리,312,152,160,0,0,0,-312,-152,-160
4519042024,2024-01-31,전라북도,남원시,이백면,내동리,111,53,58,0,0,0,-111,-53,-58
4519042025,2024-01-31,전라북도,남원시,이백면,남계리,272,124,148,0,0,0,-272,-124,-148
4519042026,2024-01-31,전라북도,남원시,이백면,강기리,104,49,55,0,0,0,-104,-49,-55
4519042027,2024-01-31,전라북도,남원시,이백면,양가리,121,54,67,0,0,0,-121,-54,-67
4519042028,2024-01-31,전라북도,남원시,이백면,평촌리,75,39,36,0,0,0,-75,-39,-36
4519042029,2024-01-31,전라북도,남원시,이백면,과립리,210,100,110,0,0,0,-210,-100,-110
4519042030,2024-01-31,전라북도,남원시,이백면,효기리,270,139,131,0,0,0,-270,-139,-131
4519045000,2024-01-31,전라북도,남원시,아영면,아영면,1,1,0,0,0,0,-1,-1,0
4519045021,2024-01-31,전라북도,남원시,아영면,아곡리,130,70,60,0,0,0,-130,-70,-60
4519045022,2024-01-31,전라북도,남원시,아영면,봉대리,122,68,54,0,0,0,-122,-68,-54
4519045023,2024-01-31,전라북도,남원시,아영면,인풍리,208,98,110,0,0,0,-208,-98,-110
4519045024,2024-01-31,전라북도,남원시,아영면,갈계리,128,57,71,0,0,0,-128,-57,-71
4519045025,2024-01-31,전라북도,남원시,아영면,청계리,235,120,115,0,0,0,-235,-120,-115
4519045026,2024-01-31,전라북도,남원시,아영면,월산리,189,94,95,0,0,0,-189,-94,-95
4519045027,2024-01-31,전라북도,남원시,아영면,성리,136,71,65,0,0,0,-136,-71,-65
4519045028,2024-01-31,전라북도,남원시,아영면,구상리,142,72,70,0,0,0,-142,-72,-70
4519045029,2024-01-31,전라북도,남원시,아영면,일대리,213,103,110,0,0,0,-213,-103,-110
4519045030,2024-01-31,전라북도,남원시,아영면,의지리,179,90,89,0,0,0,-179,-90,-89
4519045031,2024-01-31,전라북도,남원시,아영면,두락리,157,81,76,0,0,0,-157,-81,-76
4519046021,2024-01-31,전라북도,남원시,산내면,중황리,335,156,179,0,0,0,-335,-156,-179
4519046022,2024-01-31,전라북도,남원시,산내면,백일리,344,171,173,0,0,0,-344,-171,-173
4519046023,2024-01-31,전라북도,남원시,산내면,대정리,465,220,245,0,0,0,-465,-220,-245
4519046024,2024-01-31,전라북도,남원시,산내면,장항리,308,144,164,0,0,0,-308,-144,-164
4519046025,2024-01-31,전라북도,남원시,산내면,입석리,214,117,97,0,0,0,-214,-117,-97
4519046026,2024-01-31,전라북도,남원시,산내면,내령리,95,52,43,0,0,0,-95,-52,-43
4519046027,2024-01-31,전라북도,남원시,산내면,부운리,132,68,64,0,0,0,-132,-68,-64
4519046028,2024-01-31,전라북도,남원시,산내면,덕동리,147,74,73,0,0,0,-147,-74,-73
4519047021,2024-01-31,전라북도,남원시,인월면,중군리,134,67,67,0,0,0,-134,-67,-67
4519047022,2024-01-31,전라북도,남원시,인월면,인월리,668,322,346,0,0,0,-668,-322,-346
4519047023,2024-01-31,전라북도,남원시,인월면,서무리,873,427,446,0,0,0,-873,-427,-446
4519047024,2024-01-31,전라북도,남원시,인월면,취암리,172,79,93,0,0,0,-172,-79,-93
4519047025,2024-01-31,전라북도,남원시,인월면,건지리,189,93,96,0,0,0,-189,-93,-96
4519047026,2024-01-31,전라북도,남원시,인월면,유곡리,158,79,79,0,0,0,-158,-79,-79
4519047027,2024-01-31,전라북도,남원시,인월면,상우리,268,138,130,0,0,0,-268,-138,-130
4519047028,2024-01-31,전라북도,남원시,인월면,성산리,153,74,79,0,0,0,-153,-74,-79
4519047029,2024-01-31,전라북도,남원시,인월면,자래리,111,56,55,0,0,0,-111,-56,-55
4521010100,2024-01-31,전라북도,김제시,요촌동,요촌동,6263,3207,3056,0,0,0,-6263,-3207,-3056
4521010200,2024-01-31,전라북도,김제시,신풍동,신풍동,10982,5346,5636,0,0,0,-10982,-5346,-5636
4521010300,2024-01-31,전라북도,김제시,용동,용동,234,117,117,0,0,0,-234,-117,-117
4521010400,2024-01-31,전라북도,김제시,검산동,검산동,10814,5195,5619,0,0,0,-10814,-5195,-5619
4521010500,2024-01-31,전라북도,김제시,순동,순동,506,265,241,0,0,0,-506,-265,-241
4521010600,2024-01-31,전라북도,김제시,백학동,백학동,515,330,185,0,0,0,-515,-330,-185
4521010700,2024-01-31,전라북도,김제시,서암동,서암동,2235,1079,1156,0,0,0,-2235,-1079,-1156
4521010800,2024-01-31,전라북도,김제시,신곡동,신곡동,139,71,68,0,0,0,-139,-71,-68
4521010900,2024-01-31,전라북도,김제시,교동,교동,1717,837,880,0,0,0,-1717,-837,-880
4521011000,2024-01-31,전라북도,김제시,옥산동,옥산동,1989,981,1008,0,0,0,-1989,-981,-1008
4521011100,2024-01-31,전라북도,김제시,갈공동,갈공동,143,78,65,0,0,0,-143,-78,-65
4521011200,2024-01-31,전라북도,김제시,하동,하동,1812,836,976,0,0,0,-1812,-836,-976
4521011300,2024-01-31,전라북도,김제시,흥사동,흥사동,329,173,156,0,0,0,-329,-173,-156
4521011400,2024-01-31,전라북도,김제시,상동동,상동동,240,137,103,0,0,0,-240,-137,-103
4521011500,2024-01-31,전라북도,김제시,월성동,월성동,238,113,125,0,0,0,-238,-113,-125
4521011600,2024-01-31,전라북도,김제시,황산동,황산동,366,180,186,0,0,0,-366,-180,-186
4521011700,2024-01-31,전라북도,김제시,난봉동,난봉동,227,115,112,0,0,0,-227,-115,-112
4521011800,2024-01-31,전라북도,김제시,오정동,오정동,167,82,85,0,0,0,-167,-82,-85
4521011900,2024-01-31,전라북도,김제시,복죽동,복죽동,319,181,138,0,0,0,-319,-181,-138
4521012000,2024-01-31,전라북도,김제시,입석동,입석동,414,201,213,0,0,0,-414,-201,-213
4521012100,2024-01-31,전라북도,김제시,장화동,장화동,235,120,115,0,0,0,-235,-120,-115
4521012200,2024-01-31,전라북도,김제시,신덕동,신덕동,153,73,80,0,0,0,-153,-73,-80
4521012300,2024-01-31,전라북도,김제시,월봉동,월봉동,224,112,112,0,0,0,-224,-112,-112
4521012400,2024-01-31,전라북도,김제시,신월동,신월동,179,92,87,0,0,0,-179,-92,-87
4521012500,2024-01-31,전라북도,김제시,연정동,연정동,428,230,198,0,0,0,-428,-230,-198
4521012600,2024-01-31,전라북도,김제시,명덕동,명덕동,233,114,119,0,0,0,-233,-114,-119
4521012700,2024-01-31,전라북도,김제시,제월동,제월동,240,118,122,0,0,0,-240,-118,-122
4521012800,2024-01-31,전라북도,김제시,도장동,도장동,197,99,98,0,0,0,-197,-99,-98
4521012900,2024-01-31,전라북도,김제시,서정동,서정동,170,74,96,0,0,0,-170,-74,-96
4521013000,2024-01-31,전라북도,김제시,양전동,양전동,220,115,105,0,0,0,-220,-115,-105
4521025021,2024-01-31,전라북도,김제시,만경읍,만경리,648,323,325,0,0,0,-648,-323,-325
4521025022,2024-01-31,전라북도,김제시,만경읍,장산리,255,141,114,0,0,0,-255,-141,-114
4521025023,2024-01-31,전라북도,김제시,만경읍,대동리,233,117,116,0,0,0,-233,-117,-116
4521025024,2024-01-31,전라북도,김제시,만경읍,송상리,183,79,104,0,0,0,-183,-79,-104
4521025025,2024-01-31,전라북도,김제시,만경읍,소토리,190,98,92,0,0,0,-190,-98,-92
4521025026,2024-01-31,전라북도,김제시,만경읍,화포리,325,160,165,0,0,0,-325,-160,-165
4521025027,2024-01-31,전라북도,김제시,만경읍,몽산리,771,401,370,0,0,0,-771,-401,-370
4521032021,2024-01-31,전라북도,김제시,죽산면,죽산리,623,309,314,0,0,0,-623,-309,-314
4521032022,2024-01-31,전라북도,김제시,죽산면,홍산리,270,133,137,0,0,0,-270,-133,-137
4521032023,2024-01-31,전라북도,김제시,죽산면,옥성리,394,190,204,0,0,0,-394,-190,-204
4521032024,2024-01-31,전라북도,김제시,죽산면,종신리,104,50,54,0,0,0,-104,-50,-54
4521032025,2024-01-31,전라북도,김제시,죽산면,대창리,228,119,109,0,0,0,-228,-119,-109
4521032026,2024-01-31,전라북도,김제시,죽산면,서포리,315,149,166,0,0,0,-315,-149,-166
4521032027,2024-01-31,전라북도,김제시,죽산면,연포리,274,136,138,0,0,0,-274,-136,-138
4521032028,2024-01-31,전라북도,김제시,죽산면,신흥리,160,77,83,0,0,0,-160,-77,-83
4521033021,2024-01-31,전라북도,김제시,백산면,하정리,393,201,192,0,0,0,-393,-201,-192
4521033025,2024-01-31,전라북도,김제시,백산면,상정리,381,200,181,0,0,0,-381,-200,-181
4521033026,2024-01-31,전라북도,김제시,백산면,상리,353,185,168,0,0,0,-353,-185,-168
4521033027,2024-01-31,전라북도,김제시,백산면,조종리,316,165,151,0,0,0,-316,-165,-151
4521033028,2024-01-31,전라북도,김제시,백산면,수록리,191,107,84,0,0,0,-191,-107,-84
4521033029,2024-01-31,전라북도,김제시,백산면,부거리,1037,536,501,0,0,0,-1037,-536,-501
4521033030,2024-01-31,전라북도,김제시,백산면,석교리,338,181,157,0,0,0,-338,-181,-157
4521033031,2024-01-31,전라북도,김제시,백산면,하서리,133,74,59,0,0,0,-133,-74,-59
4521034021,2024-01-31,전라북도,김제시,용지면,구암리,271,130,141,0,0,0,-271,-130,-141
4521034022,2024-01-31,전라북도,김제시,용지면,예촌리,352,186,166,0,0,0,-352,-186,-166
4521034023,2024-01-31,전라북도,김제시,용지면,송산리,115,63,52,0,0,0,-115,-63,-52
4521034024,2024-01-31,전라북도,김제시,용지면,봉의리,275,150,125,0,0,0,-275,-150,-125
4521034025,2024-01-31,전라북도,김제시,용지면,와룡리,242,118,124,0,0,0,-242,-118,-124
4521034026,2024-01-31,전라북도,김제시,용지면,효정리,197,99,98,0,0,0,-197,-99,-98
4521034027,2024-01-31,전라북도,김제시,용지면,반교리,224,103,121,0,0,0,-224,-103,-121
4521034028,2024-01-31,전라북도,김제시,용지면,용암리,255,116,139,0,0,0,-255,-116,-139
4521034029,2024-01-31,전라북도,김제시,용지면,부교리,270,151,119,0,0,0,-270,-151,-119
4521034030,2024-01-31,전라북도,김제시,용지면,신정리,279,160,119,0,0,0,-279,-160,-119
4521034031,2024-01-31,전라북도,김제시,용지면,용수리,346,177,169,0,0,0,-346,-177,-169
4521034032,2024-01-31,전라북도,김제시,용지면,장신리,540,282,258,0,0,0,-540,-282,-258
4521035021,2024-01-31,전라북도,김제시,백구면,월봉리,477,232,245,0,0,0,-477,-232,-245
4521035022,2024-01-31,전라북도,김제시,백구면,부용리,527,261,266,0,0,0,-527,-261,-266
4521035023,2024-01-31,전라북도,김제시,백구면,유강리,471,226,245,0,0,0,-471,-226,-245
4521035024,2024-01-31,전라북도,김제시,백구면,삼정리,63,32,31,0,0,0,-63,-32,-31
4521035025,2024-01-31,전라북도,김제시,백구면,백구리,375,183,192,0,0,0,-375,-183,-192
4521035026,2024-01-31,전라북도,김제시,백구면,반월리,341,182,159,0,0,0,-341,-182,-159
4521035027,2024-01-31,전라북도,김제시,백구면,석담리,189,98,91,0,0,0,-189,-98,-91
4521035028,2024-01-31,전라북도,김제시,백구면,학동리,411,222,189,0,0,0,-411,-222,-189
4521035029,2024-01-31,전라북도,김제시,백구면,마산리,255,118,137,0,0,0,-255,-118,-137
4521035030,2024-01-31,전라북도,김제시,백구면,영상리,561,270,291,0,0,0,-561,-270,-291
4521036021,2024-01-31,전라북도,김제시,부량면,대평리,217,99,118,0,0,0,-217,-99,-118
4521036022,2024-01-31,전라북도,김제시,부량면,월승리,169,87,82,0,0,0,-169,-87,-82
4521036023,2024-01-31,전라북도,김제시,부량면,신두리,234,118,116,0,0,0,-234,-118,-116
4521036024,2024-01-31,전라북도,김제시,부량면,신용리,88,40,48,0,0,0,-88,-40,-48
4521036025,2024-01-31,전라북도,김제시,부량면,용성리,239,124,115,0,0,0,-239,-124,-115
4521036026,2024-01-31,전라북도,김제시,부량면,금강리,147,75,72,0,0,0,-147,-75,-72
4521036027,2024-01-31,전라북도,김제시,부량면,옥정리,197,89,108,0,0,0,-197,-89,-108
4521038021,2024-01-31,전라북도,김제시,공덕면,마현리,371,193,178,0,0,0,-371,-193,-178
4521038022,2024-01-31,전라북도,김제시,공덕면,황산리,504,261,243,0,0,0,-504,-261,-243
4521038023,2024-01-31,전라북도,김제시,공덕면,공덕리,401,226,175,0,0,0,-401,-226,-175
4521038024,2024-01-31,전라북도,김제시,공덕면,동계리,404,210,194,0,0,0,-404,-210,-194
4521038025,2024-01-31,전라북도,김제시,공덕면,저산리,240,110,130,0,0,0,-240,-110,-130
4521038026,2024-01-31,전라북도,김제시,공덕면,제말리,239,118,121,0,0,0,-239,-118,-121
4521038027,2024-01-31,전라북도,김제시,공덕면,회룡리,310,159,151,0,0,0,-310,-159,-151
4521039000,2024-01-31,전라북도,김제시,청하면,청하면,1,1,0,0,0,0,-1,-1,0
4521039021,2024-01-31,전라북도,김제시,청하면,동지산리,572,293,279,0,0,0,-572,-293,-279
4521039022,2024-01-31,전라북도,김제시,청하면,장산리,334,165,169,0,0,0,-334,-165,-169
4521039023,2024-01-31,전라북도,김제시,청하면,대청리,179,92,87,0,0,0,-179,-92,-87
4521039024,2024-01-31,전라북도,김제시,청하면,관상리,333,166,167,0,0,0,-333,-166,-167
4521039025,2024-01-31,전라북도,김제시,청하면,월현리,262,132,130,0,0,0,-262,-132,-130
4521040021,2024-01-31,전라북도,김제시,성덕면,석동리,239,116,123,0,0,0,-239,-116,-123
4521040022,2024-01-31,전라북도,김제시,성덕면,대목리,430,233,197,0,0,0,-430,-233,-197
4521040023,2024-01-31,전라북도,김제시,성덕면,대석리,296,157,139,0,0,0,-296,-157,-139
4521040024,2024-01-31,전라북도,김제시,성덕면,묘라리,198,100,98,0,0,0,-198,-100,-98
4521040025,2024-01-31,전라북도,김제시,성덕면,성덕리,232,113,119,0,0,0,-232,-113,-119
4521040026,2024-01-31,전라북도,김제시,성덕면,남포리,316,153,163,0,0,0,-316,-153,-163
4521041021,2024-01-31,전라북도,김제시,진봉면,고사리,717,349,368,0,0,0,-717,-349,-368
4521041022,2024-01-31,전라북도,김제시,진봉면,정당리,422,202,220,0,0,0,-422,-202,-220
4521041023,2024-01-31,전라북도,김제시,진봉면,가실리,274,130,144,0,0,0,-274,-130,-144
4521041024,2024-01-31,전라북도,김제시,진봉면,상궐리,357,173,184,0,0,0,-357,-173,-184
4521041025,2024-01-31,전라북도,김제시,진봉면,심포리,687,325,362,0,0,0,-687,-325,-362
4521042021,2024-01-31,전라북도,김제시,금구면,금구리,1112,551,561,0,0,0,-1112,-551,-561
4521042023,2024-01-31,전라북도,김제시,금구면,용복리,219,121,98,0,0,0,-219,-121,-98
4521042024,2024-01-31,전라북도,김제시,금구면,선암리,314,158,156,0,0,0,-314,-158,-156
4521042025,2024-01-31,전라북도,김제시,금구면,월전리,492,230,262,0,0,0,-492,-230,-262
4521042026,2024-01-31,전라북도,김제시,금구면,오봉리,371,186,185,0,0,0,-371,-186,-185
4521042027,2024-01-31,전라북도,김제시,금구면,대화리,305,152,153,0,0,0,-305,-152,-153
4521042028,2024-01-31,전라북도,김제시,금구면,산동리,373,195,178,0,0,0,-373,-195,-178
4521042029,2024-01-31,전라북도,김제시,금구면,낙성리,436,227,209,0,0,0,-436,-227,-209
4521042030,2024-01-31,전라북도,김제시,금구면,청운리,308,167,141,0,0,0,-308,-167,-141
4521042031,2024-01-31,전라북도,김제시,금구면,용지리,97,56,41,0,0,0,-97,-56,-41
4521042032,2024-01-31,전라북도,김제시,금구면,옥성리,279,145,134,0,0,0,-279,-145,-134
4521042033,2024-01-31,전라북도,김제시,금구면,하신리,212,105,107,0,0,0,-212,-105,-107
4521042034,2024-01-31,전라북도,김제시,금구면,서도리,378,196,182,0,0,0,-378,-196,-182
4521043021,2024-01-31,전라북도,김제시,봉남면,대송리,458,226,232,0,0,0,-458,-226,-232
4521043022,2024-01-31,전라북도,김제시,봉남면,평사리,410,191,219,0,0,0,-410,-191,-219
4521043023,2024-01-31,전라북도,김제시,봉남면,화봉리,126,61,65,0,0,0,-126,-61,-65
4521043024,2024-01-31,전라북도,김제시,봉남면,신호리,165,80,85,0,0,0,-165,-80,-85
4521043029,2024-01-31,전라북도,김제시,봉남면,신응리,126,63,63,0,0,0,-126,-63,-63
4521043030,2024-01-31,전라북도,김제시,봉남면,종덕리,167,86,81,0,0,0,-167,-86,-81
4521043031,2024-01-31,전라북도,김제시,봉남면,행촌리,140,67,73,0,0,0,-140,-67,-73
4521043032,2024-01-31,전라북도,김제시,봉남면,구정리,111,58,53,0,0,0,-111,-58,-53
4521043033,2024-01-31,전라북도,김제시,봉남면,회성리,191,90,101,0,0,0,-191,-90,-101
4521043034,2024-01-31,전라북도,김제시,봉남면,내광리,133,64,69,0,0,0,-133,-64,-69
4521043035,2024-01-31,전라북도,김제시,봉남면,용신리,125,66,59,0,0,0,-125,-66,-59
4521044021,2024-01-31,전라북도,김제시,황산면,봉월리,478,246,232,0,0,0,-478,-246,-232
4521044022,2024-01-31,전라북도,김제시,황산면,용마리,281,145,136,0,0,0,-281,-145,-136
4521044023,2024-01-31,전라북도,김제시,황산면,홍정리,154,82,72,0,0,0,-154,-82,-72
4521044026,2024-01-31,전라북도,김제시,황산면,쌍감리,307,154,153,0,0,0,-307,-154,-153
4521044027,2024-01-31,전라북도,김제시,황산면,남산리,300,157,143,0,0,0,-300,-157,-143
4521044028,2024-01-31,전라북도,김제시,황산면,진흥리,367,193,174,0,0,0,-367,-193,-174
4521045021,2024-01-31,전라북도,김제시,금산면,성계리,688,349,339,0,0,0,-688,-349,-339
4521045022,2024-01-31,전라북도,김제시,금산면,쌍용리,593,307,286,0,0,0,-593,-307,-286
4521045023,2024-01-31,전라북도,김제시,금산면,원평리,323,159,164,0,0,0,-323,-159,-164
4521045024,2024-01-31,전라북도,김제시,금산면,용호리,270,140,130,0,0,0,-270,-140,-130
4521045025,2024-01-31,전라북도,김제시,금산면,선동리,116,60,56,0,0,0,-116,-60,-56
4521045026,2024-01-31,전라북도,김제시,금산면,금성리,181,96,85,0,0,0,-181,-96,-85
4521045027,2024-01-31,전라북도,김제시,금산면,화율리,138,70,68,0,0,0,-138,-70,-68
4521045028,2024-01-31,전라북도,김제시,금산면,장흥리,132,73,59,0,0,0,-132,-73,-59
4521045029,2024-01-31,전라북도,김제시,금산면,금산리,425,213,212,0,0,0,-425,-213,-212
4521045030,2024-01-31,전라북도,김제시,금산면,청도리,454,220,234,0,0,0,-454,-220,-234
4521045031,2024-01-31,전라북도,김제시,금산면,삼봉리,283,139,144,0,0,0,-283,-139,-144
4521045032,2024-01-31,전라북도,김제시,금산면,용산리,536,267,269,0,0,0,-536,-267,-269
4521045033,2024-01-31,전라북도,김제시,금산면,구월리,372,188,184,0,0,0,-372,-188,-184
4521046021,2024-01-31,전라북도,김제시,광활면,옥포리,535,282,253,0,0,0,-535,-282,-253
4521046022,2024-01-31,전라북도,김제시,광활면,은파리,471,236,235,0,0,0,-471,-236,-235
4521046023,2024-01-31,전라북도,김제시,광활면,창제리,290,144,146,0,0,0,-290,-144,-146
4571025021,2024-01-31,전라북도,완주군,삼례읍,삼례리,6593,3417,3176,0,0,0,-6593,-3417,-3176
4571025022,2024-01-31,전라북도,완주군,삼례읍,후정리,2937,1453,1484,0,0,0,-2937,-1453,-1484
4571025023,2024-01-31,전라북도,완주군,삼례읍,어전리,153,74,79,0,0,0,-153,-74,-79
4571025024,2024-01-31,전라북도,완주군,삼례읍,해전리,255,130,125,0,0,0,-255,-130,-125
4571025025,2024-01-31,전라북도,완주군,삼례읍,신금리,501,246,255,0,0,0,-501,-246,-255
4571025026,2024-01-31,전라북도,완주군,삼례읍,석전리,702,372,330,0,0,0,-702,-372,-330
4571025027,2024-01-31,전라북도,완주군,삼례읍,구와리,400,196,204,0,0,0,-400,-196,-204
4571025028,2024-01-31,전라북도,완주군,삼례읍,신탁리,238,122,116,0,0,0,-238,-122,-116
4571025029,2024-01-31,전라북도,완주군,삼례읍,수계리,7661,4074,3587,0,0,0,-7661,-4074,-3587
4571025030,2024-01-31,전라북도,완주군,삼례읍,하리,605,311,294,0,0,0,-605,-311,-294
4571025300,2024-01-31,전라북도,완주군,봉동읍,봉동읍,2,1,1,0,0,0,-2,-1,-1
4571025321,2024-01-31,전라북도,완주군,봉동읍,제내리,1316,649,667,0,0,0,-1316,-649,-667
4571025322,2024-01-31,전라북도,완주군,봉동읍,장구리,32,23,9,0,0,0,-32,-23,-9
4571025323,2024-01-31,전라북도,완주군,봉동읍,구암리,316,158,158,0,0,0,-316,-158,-158
4571025324,2024-01-31,전라북도,완주군,봉동읍,둔산리,10753,5615,5138,0,0,0,-10753,-5615,-5138
4571025325,2024-01-31,전라북도,완주군,봉동읍,용암리,756,503,253,0,0,0,-756,-503,-253
4571025326,2024-01-31,전라북도,완주군,봉동읍,은하리,736,397,339,0,0,0,-736,-397,-339
4571025327,2024-01-31,전라북도,완주군,봉동읍,율소리,440,219,221,0,0,0,-440,-219,-221
4571025328,2024-01-31,전라북도,완주군,봉동읍,장기리,2471,1269,1202,0,0,0,-2471,-1269,-1202
4571025329,2024-01-31,전라북도,완주군,봉동읍,낙평리,5118,2527,2591,0,0,0,-5118,-2527,-2591
4571025330,2024-01-31,전라북도,완주군,봉동읍,성덕리,452,240,212,0,0,0,-452,-240,-212
4571025331,2024-01-31,전라북도,완주군,봉동읍,구미리,540,289,251,0,0,0,-540,-289,-251
4571025332,2024-01-31,전라북도,완주군,봉동읍,고천리,203,111,92,0,0,0,-203,-111,-92
4571025333,2024-01-31,전라북도,완주군,봉동읍,신성리,1191,601,590,0,0,0,-1191,-601,-590
4571025334,2024-01-31,전라북도,완주군,봉동읍,구만리,328,179,149,0,0,0,-328,-179,-149
4571025621,2024-01-31,전라북도,완주군,용진읍,상삼리,724,368,356,0,0,0,-724,-368,-356
4571025622,2024-01-31,전라북도,완주군,용진읍,구억리,777,387,390,0,0,0,-777,-387,-390
4571025623,2024-01-31,전라북도,완주군,용진읍,상운리,589,296,293,0,0,0,-589,-296,-293
4571025624,2024-01-31,전라북도,완주군,용진읍,용흥리,563,313,250,0,0,0,-563,-313,-250
4571025625,2024-01-31,전라북도,완주군,용진읍,간중리,699,368,331,0,0,0,-699,-368,-331
4571025626,2024-01-31,전라북도,완주군,용진읍,운곡리,4455,2178,2277,0,0,0,-4455,-2178,-2277
4571025627,2024-01-31,전라북도,완주군,용진읍,신지리,2578,1331,1247,0,0,0,-2578,-1331,-1247
4571032021,2024-01-31,전라북도,완주군,상관면,신리,2822,1411,1411,0,0,0,-2822,-1411,-1411
4571032022,2024-01-31,전라북도,완주군,상관면,죽림리,521,294,227,0,0,0,-521,-294,-227
4571032023,2024-01-31,전라북도,완주군,상관면,용암리,307,164,143,0,0,0,-307,-164,-143
4571032024,2024-01-31,전라북도,완주군,상관면,의암리,227,122,105,0,0,0,-227,-122,-105
4571032025,2024-01-31,전라북도,완주군,상관면,마치리,202,101,101,0,0,0,-202,-101,-101
4571033023,2024-01-31,전라북도,완주군,이서면,금평리,175,86,89,0,0,0,-175,-86,-89
4571033024,2024-01-31,전라북도,완주군,이서면,갈산리,5916,2904,3012,0,0,0,-5916,-2904,-3012
4571033025,2024-01-31,전라북도,완주군,이서면,이성리,280,145,135,0,0,0,-280,-145,-135
4571033026,2024-01-31,전라북도,완주군,이서면,상개리,1219,661,558,0,0,0,-1219,-661,-558
4571033027,2024-01-31,전라북도,완주군,이서면,용서리,4222,2097,2125,0,0,0,-4222,-2097,-2125
4571033028,2024-01-31,전라북도,완주군,이서면,은교리,1456,742,714,0,0,0,-1456,-742,-714
4571033029,2024-01-31,전라북도,완주군,이서면,이문리,637,332,305,0,0,0,-637,-332,-305
4571033030,2024-01-31,전라북도,완주군,이서면,남계리,231,113,118,0,0,0,-231,-113,-118
4571033031,2024-01-31,전라북도,완주군,이서면,반교리,618,324,294,0,0,0,-618,-324,-294
4571033032,2024-01-31,전라북도,완주군,이서면,금계리,101,43,58,0,0,0,-101,-43,-58
4571034000,2024-01-31,전라북도,완주군,소양면,소양면,2,1,1,0,0,0,-2,-1,-1
4571034021,2024-01-31,전라북도,완주군,소양면,신교리,679,351,328,0,0,0,-679,-351,-328
4571034022,2024-01-31,전라북도,완주군,소양면,명덕리,792,394,398,0,0,0,-792,-394,-398
4571034023,2024-01-31,전라북도,완주군,소양면,죽절리,303,160,143,0,0,0,-303,-160,-143
4571034024,2024-01-31,전라북도,완주군,소양면,황운리,962,497,465,0,0,0,-962,-497,-465
4571034025,2024-01-31,전라북도,완주군,소양면,대흥리,1071,571,500,0,0,0,-1071,-571,-500
4571034026,2024-01-31,전라북도,완주군,소양면,해월리,779,366,413,0,0,0,-779,-366,-413
4571034027,2024-01-31,전라북도,완주군,소양면,화심리,468,236,232,0,0,0,-468,-236,-232
4571034028,2024-01-31,전라북도,완주군,소양면,신원리,451,248,203,0,0,0,-451,-248,-203
4571034029,2024-01-31,전라북도,완주군,소양면,신촌리,215,119,96,0,0,0,-215,-119,-96
4571035021,2024-01-31,전라북도,완주군,구이면,평촌리,438,220,218,0,0,0,-438,-220,-218
4571035022,2024-01-31,전라북도,완주군,구이면,광곡리,415,207,208,0,0,0,-415,-207,-208
4571035023,2024-01-31,전라북도,완주군,구이면,덕천리,916,476,440,0,0,0,-916,-476,-440
4571035024,2024-01-31,전라북도,완주군,구이면,두현리,437,220,217,0,0,0,-437,-220,-217
4571035025,2024-01-31,전라북도,완주군,구이면,원기리,901,442,459,0,0,0,-901,-442,-459
4571035026,2024-01-31,전라북도,완주군,구이면,항가리,1077,544,533,0,0,0,-1077,-544,-533
4571035027,2024-01-31,전라북도,완주군,구이면,계곡리,597,301,296,0,0,0,-597,-301,-296
4571035028,2024-01-31,전라북도,완주군,구이면,백여리,454,235,219,0,0,0,-454,-235,-219
4571035029,2024-01-31,전라북도,완주군,구이면,안덕리,308,172,136,0,0,0,-308,-172,-136
4571036021,2024-01-31,전라북도,완주군,고산면,읍내리,1384,697,687,0,0,0,-1384,-697,-687
4571036022,2024-01-31,전라북도,완주군,고산면,서봉리,277,149,128,0,0,0,-277,-149,-128
4571036023,2024-01-31,전라북도,완주군,고산면,율곡리,284,151,133,0,0,0,-284,-151,-133
4571036024,2024-01-31,전라북도,완주군,고산면,어우리,343,178,165,0,0,0,-343,-178,-165
4571036025,2024-01-31,전라북도,완주군,고산면,남봉리,218,114,104,0,0,0,-218,-114,-104
4571036026,2024-01-31,전라북도,완주군,고산면,화정리,199,99,100,0,0,0,-199,-99,-100
4571036027,2024-01-31,전라북도,완주군,고산면,양야리,271,144,127,0,0,0,-271,-144,-127
4571036028,2024-01-31,전라북도,완주군,고산면,성재리,229,124,105,0,0,0,-229,-124,-105
4571036029,2024-01-31,전라북도,완주군,고산면,오산리,304,157,147,0,0,0,-304,-157,-147
4571036030,2024-01-31,전라북도,완주군,고산면,삼기리,403,210,193,0,0,0,-403,-210,-193
4571036031,2024-01-31,전라북도,완주군,고산면,소향리,415,214,201,0,0,0,-415,-214,-201
4571037021,2024-01-31,전라북도,완주군,비봉면,봉산리,278,145,133,0,0,0,-278,-145,-133
4571037022,2024-01-31,전라북도,완주군,비봉면,소농리,312,159,153,0,0,0,-312,-159,-153
4571037023,2024-01-31,전라북도,완주군,비봉면,내월리,331,178,153,0,0,0,-331,-178,-153
4571037024,2024-01-31,전라북도,완주군,비봉면,대치리,138,76,62,0,0,0,-138,-76,-62
4571037025,2024-01-31,전라북도,완주군,비봉면,백도리,222,114,108,0,0,0,-222,-114,-108
4571037026,2024-01-31,전라북도,완주군,비봉면,이전리,231,120,111,0,0,0,-231,-120,-111
4571037027,2024-01-31,전라북도,완주군,비봉면,수선리,264,127,137,0,0,0,-264,-127,-137
4571038021,2024-01-31,전라북도,완주군,운주면,장선리,551,280,271,0,0,0,-551,-280,-271
4571038022,2024-01-31,전라북도,완주군,운주면,완창리,345,172,173,0,0,0,-345,-172,-173
4571038023,2024-01-31,전라북도,완주군,운주면,산북리,443,220,223,0,0,0,-443,-220,-223
4571038026,2024-01-31,전라북도,완주군,운주면,구제리,150,76,74,0,0,0,-150,-76,-74
4571038027,2024-01-31,전라북도,완주군,운주면,고당리,178,96,82,0,0,0,-178,-96,-82
4571038028,2024-01-31,전라북도,완주군,운주면,금당리,226,110,116,0,0,0,-226,-110,-116
4571039021,2024-01-31,전라북도,완주군,화산면,화평리,344,180,164,0,0,0,-344,-180,-164
4571039022,2024-01-31,전라북도,완주군,화산면,화월리,492,255,237,0,0,0,-492,-255,-237
4571039023,2024-01-31,전라북도,완주군,화산면,춘산리,167,92,75,0,0,0,-167,-92,-75
4571039024,2024-01-31,전라북도,완주군,화산면,운곡리,313,165,148,0,0,0,-313,-165,-148
4571039025,2024-01-31,전라북도,완주군,화산면,우월리,137,81,56,0,0,0,-137,-81,-56
4571039026,2024-01-31,전라북도,완주군,화산면,운산리,205,102,103,0,0,0,-205,-102,-103
4571039027,2024-01-31,전라북도,완주군,화산면,와룡리,181,99,82,0,0,0,-181,-99,-82
4571039028,2024-01-31,전라북도,완주군,화산면,종리,390,208,182,0,0,0,-390,-208,-182
4571039029,2024-01-31,전라북도,완주군,화산면,승치리,166,88,78,0,0,0,-166,-88,-78
4571039030,2024-01-31,전라북도,완주군,화산면,성북리,115,54,61,0,0,0,-115,-54,-61
4571039031,2024-01-31,전라북도,완주군,화산면,운제리,32,14,18,0,0,0,-32,-14,-18
4571040021,2024-01-31,전라북도,완주군,동상면,신월리,305,161,144,0,0,0,-305,-161,-144
4571040022,2024-01-31,전라북도,완주군,동상면,사봉리,283,146,137,0,0,0,-283,-146,-137
4571040023,2024-01-31,전라북도,완주군,동상면,수만리,239,118,121,0,0,0,-239,-118,-121
4571040024,2024-01-31,전라북도,완주군,동상면,대아리,221,111,110,0,0,0,-221,-111,-110
4571041021,2024-01-31,전라북도,완주군,경천면,용복리,275,140,135,0,0,0,-275,-140,-135
4571041022,2024-01-31,전라북도,완주군,경천면,가천리,381,200,181,0,0,0,-381,-200,-181
4571041023,2024-01-31,전라북도,완주군,경천면,경천리,302,152,150,0,0,0,-302,-152,-150
4572025021,2024-01-31,전라북도,진안군,진안읍,군상리,4337,2163,2174,0,0,0,-4337,-2163,-2174
4572025022,2024-01-31,전라북도,진안군,진안읍,군하리,1503,704,799,0,0,0,-1503,-704,-799
4572025023,2024-01-31,전라북도,진안군,진안읍,단양리,586,325,261,0,0,0,-586,-325,-261
4572025024,2024-01-31,전라북도,진안군,진안읍,가림리,344,181,163,0,0,0,-344,-181,-163
4572025025,2024-01-31,전라북도,진안군,진안읍,반월리,465,222,243,0,0,0,-465,-222,-243
4572025026,2024-01-31,전라북도,진안군,진안읍,죽산리,119,63,56,0,0,0,-119,-63,-56
4572025027,2024-01-31,전라북도,진안군,진안읍,오천리,255,130,125,0,0,0,-255,-130,-125
4572025028,2024-01-31,전라북도,진안군,진안읍,물곡리,414,231,183,0,0,0,-414,-231,-183
4572025029,2024-01-31,전라북도,진안군,진안읍,구룡리,330,178,152,0,0,0,-330,-178,-152
4572025030,2024-01-31,전라북도,진안군,진안읍,가막리,113,71,42,0,0,0,-113,-71,-42
4572025031,2024-01-31,전라북도,진안군,진안읍,정곡리,197,98,99,0,0,0,-197,-98,-99
4572025032,2024-01-31,전라북도,진안군,진안읍,연장리,681,360,321,0,0,0,-681,-360,-321
4572025033,2024-01-31,전라북도,진안군,진안읍,운산리,362,191,171,0,0,0,-362,-191,-171
4572031021,2024-01-31,전라북도,진안군,용담면,옥거리,70,35,35,0,0,0,-70,-35,-35
4572031022,2024-01-31,전라북도,진안군,용담면,수천리,6,3,3,0,0,0,-6,-3,-3
4572031023,2024-01-31,전라북도,진안군,용담면,호계리,45,22,23,0,0,0,-45,-22,-23
4572031024,2024-01-31,전라북도,진안군,용담면,월계리,29,15,14,0,0,0,-29,-15,-14
4572031025,2024-01-31,전라북도,진안군,용담면,송풍리,643,312,331,0,0,0,-643,-312,-331
4572031026,2024-01-31,전라북도,진안군,용담면,와룡리,47,26,21,0,0,0,-47,-26,-21
4572032021,2024-01-31,전라북도,진안군,안천면,노성리,370,178,192,0,0,0,-370,-178,-192
4572032022,2024-01-31,전라북도,진안군,안천면,백화리,373,188,185,0,0,0,-373,-188,-185
4572032023,2024-01-31,전라북도,진안군,안천면,신괴리,261,119,142,0,0,0,-261,-119,-142
4572032024,2024-01-31,전라북도,진안군,안천면,삼락리,52,29,23,0,0,0,-52,-29,-23
4572033021,2024-01-31,전라북도,진안군,동향면,대량리,281,124,157,0,0,0,-281,-124,-157
4572033022,2024-01-31,전라북도,진안군,동향면,학선리,191,87,104,0,0,0,-191,-87,-104
4572033023,2024-01-31,전라북도,진안군,동향면,능금리,318,153,165,0,0,0,-318,-153,-165
4572033024,2024-01-31,전라북도,진안군,동향면,자산리,265,131,134,0,0,0,-265,-131,-134
4572033025,2024-01-31,전라북도,진안군,동향면,신송리,120,69,51,0,0,0,-120,-69,-51
4572033026,2024-01-31,전라북도,진안군,동향면,성산리,156,84,72,0,0,0,-156,-84,-72
4572034021,2024-01-31,전라북도,진안군,상전면,갈현리,32,17,15,0,0,0,-32,-17,-15
4572034022,2024-01-31,전라북도,진안군,상전면,주평리,387,187,200,0,0,0,-387,-187,-200
4572034023,2024-01-31,전라북도,진안군,상전면,수동리,109,57,52,0,0,0,-109,-57,-52
4572034024,2024-01-31,전라북도,진안군,상전면,월포리,176,88,88,0,0,0,-176,-88,-88
4572034025,2024-01-31,전라북도,진안군,상전면,구룡리,56,26,30,0,0,0,-56,-26,-30
4572034026,2024-01-31,전라북도,진안군,상전면,용평리,71,39,32,0,0,0,-71,-39,-32
4572035021,2024-01-31,전라북도,진안군,백운면,동창리,308,166,142,0,0,0,-308,-166,-142
4572035022,2024-01-31,전라북도,진안군,백운면,평장리,210,111,99,0,0,0,-210,-111,-99
4572035023,2024-01-31,전라북도,진안군,백운면,덕현리,225,121,104,0,0,0,-225,-121,-104
4572035024,2024-01-31,전라북도,진안군,백운면,남계리,111,63,48,0,0,0,-111,-63,-48
4572035025,2024-01-31,전라북도,진안군,백운면,반송리,165,82,83,0,0,0,-165,-82,-83
4572035026,2024-01-31,전라북도,진안군,백운면,신암리,180,96,84,0,0,0,-180,-96,-84
4572035027,2024-01-31,전라북도,진안군,백운면,백암리,361,186,175,0,0,0,-361,-186,-175
4572035028,2024-01-31,전라북도,진안군,백운면,노촌리,177,97,80,0,0,0,-177,-97,-80
4572035029,2024-01-31,전라북도,진안군,백운면,운교리,187,105,82,0,0,0,-187,-105,-82
4572036021,2024-01-31,전라북도,진안군,성수면,외궁리,227,117,110,0,0,0,-227,-117,-110
4572036022,2024-01-31,전라북도,진안군,성수면,좌산리,277,144,133,0,0,0,-277,-144,-133
4572036023,2024-01-31,전라북도,진안군,성수면,신기리,71,37,34,0,0,0,-71,-37,-34
4572036024,2024-01-31,전라북도,진안군,성수면,구신리,165,85,80,0,0,0,-165,-85,-80
4572036025,2024-01-31,전라북도,진안군,성수면,용포리,176,91,85,0,0,0,-176,-91,-85
4572036026,2024-01-31,전라북도,진안군,성수면,도통리,255,134,121,0,0,0,-255,-134,-121
4572036027,2024-01-31,전라북도,진안군,성수면,좌포리,334,170,164,0,0,0,-334,-170,-164
4572036028,2024-01-31,전라북도,진안군,성수면,중길리,189,94,95,0,0,0,-189,-94,-95
4572037021,2024-01-31,전라북도,진안군,마령면,평지리,538,284,254,0,0,0,-538,-284,-254
4572037022,2024-01-31,전라북도,진안군,마령면,동촌리,145,77,68,0,0,0,-145,-77,-68
4572037023,2024-01-31,전라북도,진안군,마령면,계서리,332,160,172,0,0,0,-332,-160,-172
4572037024,2024-01-31,전라북도,진안군,마령면,덕천리,500,273,227,0,0,0,-500,-273,-227
4572037025,2024-01-31,전라북도,진안군,마령면,강정리,216,106,110,0,0,0,-216,-106,-110
4572038021,2024-01-31,전라북도,진안군,부귀면,거석리,583,295,288,0,0,0,-583,-295,-288
4572038022,2024-01-31,전라북도,진안군,부귀면,오룡리,140,75,65,0,0,0,-140,-75,-65
4572038023,2024-01-31,전라북도,진안군,부귀면,세동리,477,258,219,0,0,0,-477,-258,-219
4572038024,2024-01-31,전라북도,진안군,부귀면,신정리,289,145,144,0,0,0,-289,-145,-144
4572038025,2024-01-31,전라북도,진안군,부귀면,수항리,358,196,162,0,0,0,-358,-196,-162
4572038026,2024-01-31,전라북도,진안군,부귀면,두남리,222,121,101,0,0,0,-222,-121,-101
4572038027,2024-01-31,전라북도,진안군,부귀면,황금리,276,148,128,0,0,0,-276,-148,-128
4572038028,2024-01-31,전라북도,진안군,부귀면,궁항리,239,131,108,0,0,0,-239,-131,-108
4572038029,2024-01-31,전라북도,진안군,부귀면,봉암리,278,129,149,0,0,0,-278,-129,-149
4572039021,2024-01-31,전라북도,진안군,정천면,봉학리,494,255,239,0,0,0,-494,-255,-239
4572039022,2024-01-31,전라북도,진안군,정천면,갈용리,225,119,106,0,0,0,-225,-119,-106
4572039023,2024-01-31,전라북도,진안군,정천면,모정리,91,49,42,0,0,0,-91,-49,-42
4572039025,2024-01-31,전라북도,진안군,정천면,월평리,227,128,99,0,0,0,-227,-128,-99
4572040021,2024-01-31,전라북도,진안군,주천면,주양리,323,162,161,0,0,0,-323,-162,-161
4572040022,2024-01-31,전라북도,진안군,주천면,대불리,369,189,180,0,0,0,-369,-189,-180
4572040023,2024-01-31,전라북도,진안군,주천면,운봉리,270,134,136,0,0,0,-270,-134,-136
4572040024,2024-01-31,전라북도,진안군,주천면,신양리,182,95,87,0,0,0,-182,-95,-87
4572040025,2024-01-31,전라북도,진안군,주천면,용덕리,146,79,67,0,0,0,-146,-79,-67
4572040026,2024-01-31,전라북도,진안군,주천면,무릉리,163,84,79,0,0,0,-163,-84,-79
4573025021,2024-01-31,전라북도,무주군,무주읍,읍내리,6107,3040,3067,0,0,0,-6107,-3040,-3067
4573025022,2024-01-31,전라북도,무주군,무주읍,당산리,1294,660,634,0,0,0,-1294,-660,-634
4573025023,2024-01-31,전라북도,무주군,무주읍,오산리,301,169,132,0,0,0,-301,-169,-132
4573025024,2024-01-31,전라북도,무주군,무주읍,장백리,126,61,65,0,0,0,-126,-61,-65
4573025025,2024-01-31,전라북도,무주군,무주읍,내도리,525,250,275,0,0,0,-525,-250,-275
4573025026,2024-01-31,전라북도,무주군,무주읍,대차리,388,191,197,0,0,0,-388,-191,-197
4573025027,2024-01-31,전라북도,무주군,무주읍,용포리,343,174,169,0,0,0,-343,-174,-169
4573025028,2024-01-31,전라북도,무주군,무주읍,가옥리,264,130,134,0,0,0,-264,-130,-134
4573031021,2024-01-31,전라북도,무주군,무풍면,현내리,520,248,272,0,0,0,-520,-248,-272
4573031022,2024-01-31,전라북도,무주군,무풍면,금평리,251,125,126,0,0,0,-251,-125,-126
4573031023,2024-01-31,전라북도,무주군,무풍면,지성리,236,116,120,0,0,0,-236,-116,-120
4573031024,2024-01-31,전라북도,무주군,무풍면,철목리,185,96,89,0,0,0,-185,-96,-89
4573031025,2024-01-31,전라북도,무주군,무풍면,증산리,188,94,94,0,0,0,-188,-94,-94
4573031026,2024-01-31,전라북도,무주군,무풍면,은산리,210,104,106,0,0,0,-210,-104,-106
4573031027,2024-01-31,전라북도,무주군,무풍면,덕지리,297,156,141,0,0,0,-297,-156,-141
4573031028,2024-01-31,전라북도,무주군,무풍면,삼거리,227,125,102,0,0,0,-227,-125,-102
4573032021,2024-01-31,전라북도,무주군,설천면,기곡리,169,81,88,0,0,0,-169,-81,-88
4573032022,2024-01-31,전라북도,무주군,설천면,길산리,136,70,66,0,0,0,-136,-70,-66
4573032023,2024-01-31,전라북도,무주군,설천면,청량리,303,142,161,0,0,0,-303,-142,-161
4573032024,2024-01-31,전라북도,무주군,설천면,소천리,1321,642,679,0,0,0,-1321,-642,-679
4573032025,2024-01-31,전라북도,무주군,설천면,대불리,198,95,103,0,0,0,-198,-95,-103
4573032026,2024-01-31,전라북도,무주군,설천면,미천리,86,45,41,0,0,0,-86,-45,-41
4573032027,2024-01-31,전라북도,무주군,설천면,장덕리,110,51,59,0,0,0,-110,-51,-59
4573032028,2024-01-31,전라북도,무주군,설천면,두길리,321,179,142,0,0,0,-321,-179,-142
4573032029,2024-01-31,전라북도,무주군,설천면,심곡리,508,264,244,0,0,0,-508,-264,-244
4573032030,2024-01-31,전라북도,무주군,설천면,삼공리,699,368,331,0,0,0,-699,-368,-331
4573033021,2024-01-31,전라북도,무주군,적상면,사산리,329,160,169,0,0,0,-329,-160,-169
4573033022,2024-01-31,전라북도,무주군,적상면,사천리,400,198,202,0,0,0,-400,-198,-202
4573033023,2024-01-31,전라북도,무주군,적상면,삼가리,493,240,253,0,0,0,-493,-240,-253
4573033024,2024-01-31,전라북도,무주군,적상면,삼유리,308,155,153,0,0,0,-308,-155,-153
4573033025,2024-01-31,전라북도,무주군,적상면,방이리,151,79,72,0,0,0,-151,-79,-72
4573033026,2024-01-31,전라북도,무주군,적상면,북창리,180,84,96,0,0,0,-180,-84,-96
4573033027,2024-01-31,전라북도,무주군,적상면,포내리,253,130,123,0,0,0,-253,-130,-123
4573033028,2024-01-31,전라북도,무주군,적상면,괴목리,408,209,199,0,0,0,-408,-209,-199
4573034021,2024-01-31,전라북도,무주군,안성면,장기리,1162,579,583,0,0,0,-1162,-579,-583
4573034022,2024-01-31,전라북도,무주군,안성면,공진리,304,148,156,0,0,0,-304,-148,-156
4573034023,2024-01-31,전라북도,무주군,안성면,죽천리,382,189,193,0,0,0,-382,-189,-193
4573034024,2024-01-31,전라북도,무주군,안성면,공정리,618,309,309,0,0,0,-618,-309,-309
4573034025,2024-01-31,전라북도,무주군,안성면,덕산리,352,177,175,0,0,0,-352,-177,-175
4573034026,2024-01-31,전라북도,무주군,안성면,금평리,309,146,163,0,0,0,-309,-146,-163
4573034027,2024-01-31,전라북도,무주군,안성면,사전리,507,249,258,0,0,0,-507,-249,-258
4573034028,2024-01-31,전라북도,무주군,안성면,진도리,415,209,206,0,0,0,-415,-209,-206
4573035021,2024-01-31,전라북도,무주군,부남면,대유리,178,87,91,0,0,0,-178,-87,-91
4573035022,2024-01-31,전라북도,무주군,부남면,대소리,323,169,154,0,0,0,-323,-169,-154
4573035023,2024-01-31,전라북도,무주군,부남면,고창리,80,38,42,0,0,0,-80,-38,-42
4573035024,2024-01-31,전라북도,무주군,부남면,장안리,260,134,126,0,0,0,-260,-134,-126
4573035025,2024-01-31,전라북도,무주군,부남면,굴암리,194,95,99,0,0,0,-194,-95,-99
4573035026,2024-01-31,전라북도,무주군,부남면,가당리,332,169,163,0,0,0,-332,-169,-163
4574025021,2024-01-31,전라북도,장수군,장수읍,장수리,2926,1407,1519,0,0,0,-2926,-1407,-1519
4574025022,2024-01-31,전라북도,장수군,장수읍,노하리,874,437,437,0,0,0,-874,-437,-437
4574025023,2024-01-31,전라북도,장수군,장수읍,선창리,371,186,185,0,0,0,-371,-186,-185
4574025024,2024-01-31,전라북도,장수군,장수읍,노곡리,438,215,223,0,0,0,-438,-215,-223
4574025025,2024-01-31,전라북도,장수군,장수읍,동촌리,196,103,93,0,0,0,-196,-103,-93
4574025026,2024-01-31,전라북도,장수군,장수읍,덕산리,106,61,45,0,0,0,-106,-61,-45
4574025027,2024-01-31,전라북도,장수군,장수읍,두산리,248,128,120,0,0,0,-248,-128,-120
4574025028,2024-01-31,전라북도,장수군,장수읍,개정리,347,175,172,0,0,0,-347,-175,-172
4574025029,2024-01-31,전라북도,장수군,장수읍,수분리,174,93,81,0,0,0,-174,-93,-81
4574025030,2024-01-31,전라북도,장수군,장수읍,송천리,605,296,309,0,0,0,-605,-296,-309
4574025031,2024-01-31,전라북도,장수군,장수읍,용계리,324,167,157,0,0,0,-324,-167,-157
4574025032,2024-01-31,전라북도,장수군,장수읍,대성리,312,166,146,0,0,0,-312,-166,-146
4574025033,2024-01-31,전라북도,장수군,장수읍,식천리,120,53,67,0,0,0,-120,-53,-67
4574031021,2024-01-31,전라북도,장수군,산서면,오성리,149,81,68,0,0,0,-149,-81,-68
4574031022,2024-01-31,전라북도,장수군,산서면,쌍계리,95,51,44,0,0,0,-95,-51,-44
4574031023,2024-01-31,전라북도,장수군,산서면,사계리,96,47,49,0,0,0,-96,-47,-49
4574031024,2024-01-31,전라북도,장수군,산서면,봉서리,77,40,37,0,0,0,-77,-40,-37
4574031025,2024-01-31,전라북도,장수군,산서면,하월리,79,38,41,0,0,0,-79,-38,-41
4574031026,2024-01-31,전라북도,장수군,산서면,사상리,97,44,53,0,0,0,-97,-44,-53
4574031027,2024-01-31,전라북도,장수군,산서면,이룡리,154,77,77,0,0,0,-154,-77,-77
4574031028,2024-01-31,전라북도,장수군,산서면,신창리,162,84,78,0,0,0,-162,-84,-78
4574031029,2024-01-31,전라북도,장수군,산서면,오산리,185,90,95,0,0,0,-185,-90,-95
4574031030,2024-01-31,전라북도,장수군,산서면,건지리,85,46,39,0,0,0,-85,-46,-39
4574031031,2024-01-31,전라북도,장수군,산서면,마하리,120,66,54,0,0,0,-120,-66,-54
4574031032,2024-01-31,전라북도,장수군,산서면,백운리,141,72,69,0,0,0,-141,-72,-69
4574031033,2024-01-31,전라북도,장수군,산서면,학선리,185,96,89,0,0,0,-185,-96,-89
4574031034,2024-01-31,전라북도,장수군,산서면,동화리,342,154,188,0,0,0,-342,-154,-188
4574032021,2024-01-31,전라북도,장수군,번암면,교동리,159,84,75,0,0,0,-159,-84,-75
4574032022,2024-01-31,전라북도,장수군,번암면,국포리,170,91,79,0,0,0,-170,-91,-79
4574032023,2024-01-31,전라북도,장수군,번암면,죽산리,137,71,66,0,0,0,-137,-71,-66
4574032024,2024-01-31,전라북도,장수군,번암면,사암리,163,75,88,0,0,0,-163,-75,-88
4574032025,2024-01-31,전라북도,장수군,번암면,지지리,126,65,61,0,0,0,-126,-65,-61
4574032026,2024-01-31,전라북도,장수군,번암면,동화리,223,119,104,0,0,0,-223,-119,-104
4574032027,2024-01-31,전라북도,장수군,번암면,죽림리,113,53,60,0,0,0,-113,-53,-60
4574032028,2024-01-31,전라북도,장수군,번암면,노단리,507,256,251,0,0,0,-507,-256,-251
4574032029,2024-01-31,전라북도,장수군,번암면,논곡리,191,94,97,0,0,0,-191,-94,-97
4574032030,2024-01-31,전라북도,장수군,번암면,대론리,223,118,105,0,0,0,-223,-118,-105
4574032031,2024-01-31,전라북도,장수군,번암면,유정리,175,90,85,0,0,0,-175,-90,-85
4574033521,2024-01-31,전라북도,장수군,장계면,장계리,2336,1165,1171,0,0,0,-2336,-1165,-1171
4574033522,2024-01-31,전라북도,장수군,장계면,금곡리,208,109,99,0,0,0,-208,-109,-99
4574033523,2024-01-31,전라북도,장수군,장계면,무농리,141,81,60,0,0,0,-141,-81,-60
4574033524,2024-01-31,전라북도,장수군,장계면,금덕리,232,124,108,0,0,0,-232,-124,-108
4574033525,2024-01-31,전라북도,장수군,장계면,송천리,152,71,81,0,0,0,-152,-71,-81
4574033526,2024-01-31,전라북도,장수군,장계면,월강리,142,75,67,0,0,0,-142,-75,-67
4574033527,2024-01-31,전라북도,장수군,장계면,삼봉리,225,114,111,0,0,0,-225,-114,-111
4574033528,2024-01-31,전라북도,장수군,장계면,명덕리,433,219,214,0,0,0,-433,-219,-214
4574033529,2024-01-31,전라북도,장수군,장계면,오동리,135,73,62,0,0,0,-135,-73,-62
4574033530,2024-01-31,전라북도,장수군,장계면,대곡리,205,106,99,0,0,0,-205,-106,-99
4574034021,2024-01-31,전라북도,장수군,천천면,장판리,149,76,73,0,0,0,-149,-76,-73
4574034022,2024-01-31,전라북도,장수군,천천면,월곡리,195,86,109,0,0,0,-195,-86,-109
4574034024,2024-01-31,전라북도,장수군,천천면,남양리,218,110,108,0,0,0,-218,-110,-108
4574034025,2024-01-31,전라북도,장수군,천천면,삼고리,177,79,98,0,0,0,-177,-79,-98
4574034026,2024-01-31,전라북도,장수군,천천면,봉덕리,112,58,54,0,0,0,-112,-58,-54
4574034027,2024-01-31,전라북도,장수군,천천면,춘송리,492,246,246,0,0,0,-492,-246,-246
4574034028,2024-01-31,전라북도,장수군,천천면,용광리,180,89,91,0,0,0,-180,-89,-91
4574034029,2024-01-31,전라북도,장수군,천천면,오봉리,159,79,80,0,0,0,-159,-79,-80
4574034030,2024-01-31,전라북도,장수군,천천면,연평리,202,96,106,0,0,0,-202,-96,-106
4574034031,2024-01-31,전라북도,장수군,천천면,비룡리,122,65,57,0,0,0,-122,-65,-57
4574035021,2024-01-31,전라북도,장수군,계남면,침곡리,337,164,173,0,0,0,-337,-164,-173
4574035022,2024-01-31,전라북도,장수군,계남면,화양리,255,123,132,0,0,0,-255,-123,-132
4574035023,2024-01-31,전라북도,장수군,계남면,신전리,361,185,176,0,0,0,-361,-185,-176
4574035024,2024-01-31,전라북도,장수군,계남면,호덕리,217,114,103,0,0,0,-217,-114,-103
4574035025,2024-01-31,전라북도,장수군,계남면,화음리,412,217,195,0,0,0,-412,-217,-195
4574035026,2024-01-31,전라북도,장수군,계남면,가곡리,128,62,66,0,0,0,-128,-62,-66
4574035027,2024-01-31,전라북도,장수군,계남면,궁양리,184,88,96,0,0,0,-184,-88,-96
4574035028,2024-01-31,전라북도,장수군,계남면,장안리,171,85,86,0,0,0,-171,-85,-86
4574036021,2024-01-31,전라북도,장수군,계북면,월현리,107,52,55,0,0,0,-107,-52,-55
4574036022,2024-01-31,전라북도,장수군,계북면,매계리,114,63,51,0,0,0,-114,-63,-51
4574036023,2024-01-31,전라북도,장수군,계북면,농소리,247,127,120,0,0,0,-247,-127,-120
4574036024,2024-01-31,전라북도,장수군,계북면,어전리,362,188,174,0,0,0,-362,-188,-174
4574036025,2024-01-31,전라북도,장수군,계북면,임평리,191,107,84,0,0,0,-191,-107,-84
4574036026,2024-01-31,전라북도,장수군,계북면,원촌리,267,138,129,0,0,0,-267,-138,-129
4574036027,2024-01-31,전라북도,장수군,계북면,양악리,220,112,108,0,0,0,-220,-112,-108
4575025021,2024-01-31,전라북도,임실군,임실읍,성가리,428,224,204,0,0,0,-428,-224,-204
4575025022,2024-01-31,전라북도,임실군,임실읍,이도리,4502,2218,2284,0,0,0,-4502,-2218,-2284
4575025023,2024-01-31,전라북도,임실군,임실읍,오정리,173,93,80,0,0,0,-173,-93,-80
4575025024,2024-01-31,전라북도,임실군,임실읍,두곡리,246,133,113,0,0,0,-246,-133,-113
4575025025,2024-01-31,전라북도,임실군,임실읍,갈마리,231,123,108,0,0,0,-231,-123,-108
4575025026,2024-01-31,전라북도,임실군,임실읍,감성리,95,44,51,0,0,0,-95,-44,-51
4575025027,2024-01-31,전라북도,임실군,임실읍,대곡리,383,223,160,0,0,0,-383,-223,-160
4575025028,2024-01-31,전라북도,임실군,임실읍,정월리,217,116,101,0,0,0,-217,-116,-101
4575025029,2024-01-31,전라북도,임실군,임실읍,이인리,74,45,29,0,0,0,-74,-45,-29
4575025030,2024-01-31,전라북도,임실군,임실읍,두만리,88,46,42,0,0,0,-88,-46,-42
4575025031,2024-01-31,전라북도,임실군,임실읍,장재리,111,54,57,0,0,0,-111,-54,-57
4575025032,2024-01-31,전라북도,임실군,임실읍,신안리,164,80,84,0,0,0,-164,-80,-84
4575025033,2024-01-31,전라북도,임실군,임실읍,현곡리,125,68,57,0,0,0,-125,-68,-57
4575025034,2024-01-31,전라북도,임실군,임실읍,금성리,189,96,93,0,0,0,-189,-96,-93
4575025035,2024-01-31,전라북도,임실군,임실읍,신정리,74,38,36,0,0,0,-74,-38,-36
4575025036,2024-01-31,전라북도,임실군,임실읍,망전리,80,47,33,0,0,0,-80,-47,-33
4575031021,2024-01-31,전라북도,임실군,청웅면,두복리,51,27,24,0,0,0,-51,-27,-24
4575031022,2024-01-31,전라북도,임실군,청웅면,구고리,451,220,231,0,0,0,-451,-220,-231
4575031023,2024-01-31,전라북도,임실군,청웅면,향교리,140,71,69,0,0,0,-140,-71,-69
4575031024,2024-01-31,전라북도,임실군,청웅면,옥전리,192,100,92,0,0,0,-192,-100,-92
4575031025,2024-01-31,전라북도,임실군,청웅면,석두리,106,45,61,0,0,0,-106,-45,-61
4575031026,2024-01-31,전라북도,임실군,청웅면,청계리,39,24,15,0,0,0,-39,-24,-15
4575031027,2024-01-31,전라북도,임실군,청웅면,남산리,142,74,68,0,0,0,-142,-74,-68
4575031028,2024-01-31,전라북도,임실군,청웅면,옥석리,109,57,52,0,0,0,-109,-57,-52
4575032021,2024-01-31,전라북도,임실군,운암면,학암리,174,91,83,0,0,0,-174,-91,-83
4575032022,2024-01-31,전라북도,임실군,운암면,선거리,135,71,64,0,0,0,-135,-71,-64
4575032023,2024-01-31,전라북도,임실군,운암면,월면리,39,15,24,0,0,0,-39,-15,-24
4575032024,2024-01-31,전라북도,임실군,운암면,지천리,28,14,14,0,0,0,-28,-14,-14
4575032025,2024-01-31,전라북도,임실군,운암면,사양리,95,43,52,0,0,0,-95,-43,-52
4575032026,2024-01-31,전라북도,임실군,운암면,쌍암리,271,144,127,0,0,0,-271,-144,-127
4575032027,2024-01-31,전라북도,임실군,운암면,입석리,39,22,17,0,0,0,-39,-22,-17
4575032028,2024-01-31,전라북도,임실군,운암면,용운리,48,25,23,0,0,0,-48,-25,-23
4575032029,2024-01-31,전라북도,임실군,운암면,청운리,55,35,20,0,0,0,-55,-35,-20
4575032030,2024-01-31,전라북도,임실군,운암면,마암리,241,117,124,0,0,0,-241,-117,-124
4575032031,2024-01-31,전라북도,임실군,운암면,운종리,127,72,55,0,0,0,-127,-72,-55
4575032032,2024-01-31,전라북도,임실군,운암면,운암리,243,127,116,0,0,0,-243,-127,-116
4575032033,2024-01-31,전라북도,임실군,운암면,금기리,23,14,9,0,0,0,-23,-14,-9
4575032034,2024-01-31,전라북도,임실군,운암면,운정리,47,20,27,0,0,0,-47,-20,-27
4575033021,2024-01-31,전라북도,임실군,신평면,창인리,114,64,50,0,0,0,-114,-64,-50
4575033022,2024-01-31,전라북도,임실군,신평면,대리,408,222,186,0,0,0,-408,-222,-186
4575033023,2024-01-31,전라북도,임실군,신평면,호암리,170,87,83,0,0,0,-170,-87,-83
4575033024,2024-01-31,전라북도,임실군,신평면,원천리,371,192,179,0,0,0,-371,-192,-179
4575033025,2024-01-31,전라북도,임실군,신평면,가덕리,109,55,54,0,0,0,-109,-55,-54
4575033026,2024-01-31,전라북도,임실군,신평면,덕암리,137,65,72,0,0,0,-137,-65,-72
4575033027,2024-01-31,전라북도,임실군,신평면,용암리,101,54,47,0,0,0,-101,-54,-47
4575034021,2024-01-31,전라북도,임실군,성수면,도인리,179,94,85,0,0,0,-179,-94,-85
4575034022,2024-01-31,전라북도,임실군,성수면,양지리,264,135,129,0,0,0,-264,-135,-129
4575034023,2024-01-31,전라북도,임실군,성수면,삼봉리,130,67,63,0,0,0,-130,-67,-63
4575034024,2024-01-31,전라북도,임실군,성수면,태평리,124,77,47,0,0,0,-124,-77,-47
4575034025,2024-01-31,전라북도,임실군,성수면,성수리,84,47,37,0,0,0,-84,-47,-37
4575034026,2024-01-31,전라북도,임실군,성수면,왕방리,124,66,58,0,0,0,-124,-66,-58
4575034027,2024-01-31,전라북도,임실군,성수면,오봉리,132,71,61,0,0,0,-132,-71,-61
4575034028,2024-01-31,전라북도,임실군,성수면,삼청리,78,42,36,0,0,0,-78,-42,-36
4575034029,2024-01-31,전라북도,임실군,성수면,월평리,192,96,96,0,0,0,-192,-96,-96
4575034030,2024-01-31,전라북도,임실군,성수면,봉강리,102,50,52,0,0,0,-102,-50,-52
4575034031,2024-01-31,전라북도,임실군,성수면,오류리,157,81,76,0,0,0,-157,-81,-76
4575035521,2024-01-31,전라북도,임실군,오수면,오수리,1607,815,792,0,0,0,-1607,-815,-792
4575035522,2024-01-31,전라북도,임실군,오수면,용정리,78,40,38,0,0,0,-78,-40,-38
4575035523,2024-01-31,전라북도,임실군,오수면,신기리,65,34,31,0,0,0,-65,-34,-31
4575035524,2024-01-31,전라북도,임실군,오수면,둔덕리,89,42,47,0,0,0,-89,-42,-47
4575035525,2024-01-31,전라북도,임실군,오수면,용두리,111,54,57,0,0,0,-111,-54,-57
4575035526,2024-01-31,전라북도,임실군,오수면,둔기리,63,30,33,0,0,0,-63,-30,-33
4575035527,2024-01-31,전라북도,임실군,오수면,대정리,115,54,61,0,0,0,-115,-54,-61
4575035528,2024-01-31,전라북도,임실군,오수면,대명리,299,147,152,0,0,0,-299,-147,-152
4575035529,2024-01-31,전라북도,임실군,오수면,오산리,129,62,67,0,0,0,-129,-62,-67
4575035530,2024-01-31,전라북도,임실군,오수면,주천리,94,51,43,0,0,0,-94,-51,-43
4575035531,2024-01-31,전라북도,임실군,오수면,오암리,181,98,83,0,0,0,-181,-98,-83
4575035532,2024-01-31,전라북도,임실군,오수면,봉천리,149,80,69,0,0,0,-149,-80,-69
4575035533,2024-01-31,전라북도,임실군,오수면,군평리,136,66,70,0,0,0,-136,-66,-70
4575035534,2024-01-31,전라북도,임실군,오수면,금암리,294,153,141,0,0,0,-294,-153,-141
4575036021,2024-01-31,전라북도,임실군,신덕면,수천리,206,104,102,0,0,0,-206,-104,-102
4575036022,2024-01-31,전라북도,임실군,신덕면,삼길리,251,125,126,0,0,0,-251,-125,-126
4575036023,2024-01-31,전라북도,임실군,신덕면,신흥리,103,49,54,0,0,0,-103,-49,-54
4575036024,2024-01-31,전라북도,임실군,신덕면,신덕리,172,97,75,0,0,0,-172,-97,-75
4575036025,2024-01-31,전라북도,임실군,신덕면,조월리,101,57,44,0,0,0,-101,-57,-44
4575036026,2024-01-31,전라북도,임실군,신덕면,월성리,69,34,35,0,0,0,-69,-34,-35
4575036027,2024-01-31,전라북도,임실군,신덕면,지장리,117,66,51,0,0,0,-117,-66,-51
4575036028,2024-01-31,전라북도,임실군,신덕면,금정리,118,65,53,0,0,0,-118,-65,-53
4575036029,2024-01-31,전라북도,임실군,신덕면,오궁리,142,75,67,0,0,0,-142,-75,-67
4575037021,2024-01-31,전라북도,임실군,삼계면,후천리,145,79,66,0,0,0,-145,-79,-66
4575037022,2024-01-31,전라북도,임실군,삼계면,봉현리,103,52,51,0,0,0,-103,-52,-51
4575037023,2024-01-31,전라북도,임실군,삼계면,세심리,146,76,70,0,0,0,-146,-76,-70
4575037024,2024-01-31,전라북도,임실군,삼계면,학정리,111,58,53,0,0,0,-111,-58,-53
4575037025,2024-01-31,전라북도,임실군,삼계면,죽계리,56,27,29,0,0,0,-56,-27,-29
4575037026,2024-01-31,전라북도,임실군,삼계면,홍곡리,114,53,61,0,0,0,-114,-53,-61
4575037027,2024-01-31,전라북도,임실군,삼계면,산수리,67,37,30,0,0,0,-67,-37,-30
4575037028,2024-01-31,전라북도,임실군,삼계면,삼계리,144,78,66,0,0,0,-144,-78,-66
4575037031,2024-01-31,전라북도,임실군,삼계면,오지리,161,84,77,0,0,0,-161,-84,-77
4575037032,2024-01-31,전라북도,임실군,삼계면,덕계리,82,48,34,0,0,0,-82,-48,-34
4575037033,2024-01-31,전라북도,임실군,삼계면,두월리,88,43,45,0,0,0,-88,-43,-45
4575037034,2024-01-31,전라북도,임실군,삼계면,뇌천리,63,35,28,0,0,0,-63,-35,-28
4575037035,2024-01-31,전라북도,임실군,삼계면,삼은리,68,37,31,0,0,0,-68,-37,-31
4575037036,2024-01-31,전라북도,임실군,삼계면,어은리,77,40,37,0,0,0,-77,-40,-37
4575038022,2024-01-31,전라북도,임실군,관촌면,용산리,96,49,47,0,0,0,-96,-49,-47
4575038023,2024-01-31,전라북도,임실군,관촌면,도봉리,168,83,85,0,0,0,-168,-83,-85
4575038024,2024-01-31,전라북도,임실군,관촌면,병암리,247,130,117,0,0,0,-247,-130,-117
4575038025,2024-01-31,전라북도,임실군,관촌면,덕천리,320,163,157,0,0,0,-320,-163,-157
4575038026,2024-01-31,전라북도,임실군,관촌면,관촌리,1284,667,617,0,0,0,-1284,-667,-617
4575038027,2024-01-31,전라북도,임실군,관촌면,슬치리,106,61,45,0,0,0,-106,-61,-45
4575038028,2024-01-31,전라북도,임실군,관촌면,방현리,177,81,96,0,0,0,-177,-81,-96
4575038029,2024-01-31,전라북도,임실군,관촌면,신전리,214,117,97,0,0,0,-214,-117,-97
4575038030,2024-01-31,전라북도,임실군,관촌면,상월리,93,54,39,0,0,0,-93,-54,-39
4575038031,2024-01-31,전라북도,임실군,관촌면,회봉리,87,47,40,0,0,0,-87,-47,-40
4575038032,2024-01-31,전라북도,임실군,관촌면,방수리,191,89,102,0,0,0,-191,-89,-102
4575038033,2024-01-31,전라북도,임실군,관촌면,복흥리,137,71,66,0,0,0,-137,-71,-66
4575038034,2024-01-31,전라북도,임실군,관촌면,운수리,45,21,24,0,0,0,-45,-21,-24
4575039021,2024-01-31,전라북도,임실군,강진면,백련리,126,75,51,0,0,0,-126,-75,-51
4575039022,2024-01-31,전라북도,임실군,강진면,부흥리,187,99,88,0,0,0,-187,-99,-88
4575039023,2024-01-31,전라북도,임실군,강진면,갈담리,398,202,196,0,0,0,-398,-202,-196
4575039024,2024-01-31,전라북도,임실군,강진면,회진리,90,49,41,0,0,0,-90,-49,-41
4575039025,2024-01-31,전라북도,임실군,강진면,용수리,118,64,54,0,0,0,-118,-64,-54
4575039026,2024-01-31,전라북도,임실군,강진면,옥정리,59,37,22,0,0,0,-59,-37,-22
4575039027,2024-01-31,전라북도,임실군,강진면,문방리,105,54,51,0,0,0,-105,-54,-51
4575039028,2024-01-31,전라북도,임실군,강진면,필봉리,116,59,57,0,0,0,-116,-59,-57
4575039029,2024-01-31,전라북도,임실군,강진면,학석리,153,81,72,0,0,0,-153,-81,-72
4575039030,2024-01-31,전라북도,임실군,강진면,방현리,49,26,23,0,0,0,-49,-26,-23
4575040021,2024-01-31,전라북도,임실군,덕치면,두지리,68,34,34,0,0,0,-68,-34,-34
4575040022,2024-01-31,전라북도,임실군,덕치면,사곡리,170,99,71,0,0,0,-170,-99,-71
4575040023,2024-01-31,전라북도,임실군,덕치면,가곡리,75,40,35,0,0,0,-75,-40,-35
4575040024,2024-01-31,전라북도,임실군,덕치면,천담리,156,85,71,0,0,0,-156,-85,-71
4575040025,2024-01-31,전라북도,임실군,덕치면,장암리,164,92,72,0,0,0,-164,-92,-72
4575040026,2024-01-31,전라북도,임실군,덕치면,일중리,127,62,65,0,0,0,-127,-62,-65
4575040027,2024-01-31,전라북도,임실군,덕치면,물우리,144,68,76,0,0,0,-144,-68,-76
4575040028,2024-01-31,전라북도,임실군,덕치면,회문리,247,125,122,0,0,0,-247,-125,-122
4575041021,2024-01-31,전라북도,임실군,지사면,관기리,82,44,38,0,0,0,-82,-44,-38
4575041022,2024-01-31,전라북도,임실군,지사면,원산리,144,73,71,0,0,0,-144,-73,-71
4575041023,2024-01-31,전라북도,임실군,지사면,안하리,151,76,75,0,0,0,-151,-76,-75
4575041024,2024-01-31,전라북도,임실군,지사면,금평리,140,75,65,0,0,0,-140,-75,-65
4575041025,2024-01-31,전라북도,임실군,지사면,영천리,208,98,110,0,0,0,-208,-98,-110
4575041026,2024-01-31,전라북도,임실군,지사면,방계리,216,107,109,0,0,0,-216,-107,-109
4575041027,2024-01-31,전라북도,임실군,지사면,계산리,233,111,122,0,0,0,-233,-111,-122
4577025021,2024-01-31,전라북도,순창군,순창읍,순화리,3399,1657,1742,0,0,0,-3399,-1657,-1742
4577025022,2024-01-31,전라북도,순창군,순창읍,남계리,3334,1605,1729,0,0,0,-3334,-1605,-1729
4577025023,2024-01-31,전라북도,순창군,순창읍,장덕리,158,78,80,0,0,0,-158,-78,-80
4577025024,2024-01-31,전라북도,순창군,순창읍,복실리,335,166,169,0,0,0,-335,-166,-169
4577025025,2024-01-31,전라북도,순창군,순창읍,백산리,393,184,209,0,0,0,-393,-184,-209
4577025026,2024-01-31,전라북도,순창군,순창읍,교성리,2259,1100,1159,0,0,0,-2259,-1100,-1159
4577025027,2024-01-31,전라북도,순창군,순창읍,가남리,281,139,142,0,0,0,-281,-139,-142
4577025028,2024-01-31,전라북도,순창군,순창읍,신남리,191,96,95,0,0,0,-191,-96,-95
4577031021,2024-01-31,전라북도,순창군,인계면,갑동리,195,99,96,0,0,0,-195,-99,-96
4577031022,2024-01-31,전라북도,순창군,인계면,도룡리,327,152,175,0,0,0,-327,-152,-175
4577031023,2024-01-31,전라북도,순창군,인계면,쌍암리,128,65,63,0,0,0,-128,-65,-63
4577031024,2024-01-31,전라북도,순창군,인계면,탑리,62,30,32,0,0,0,-62,-30,-32
4577031025,2024-01-31,전라북도,순창군,인계면,심초리,66,33,33,0,0,0,-66,-33,-33
4577031026,2024-01-31,전라북도,순창군,인계면,세룡리,103,54,49,0,0,0,-103,-54,-49
4577031027,2024-01-31,전라북도,순창군,인계면,마흘리,90,43,47,0,0,0,-90,-43,-47
4577031028,2024-01-31,전라북도,순창군,인계면,가성리,133,66,67,0,0,0,-133,-66,-67
4577031029,2024-01-31,전라북도,순창군,인계면,중산리,76,39,37,0,0,0,-76,-39,-37
4577031030,2024-01-31,전라북도,순창군,인계면,지산리,135,66,69,0,0,0,-135,-66,-69
4577031031,2024-01-31,전라북도,순창군,인계면,노동리,112,57,55,0,0,0,-112,-57,-55
4577032021,2024-01-31,전라북도,순창군,동계면,현포리,357,173,184,0,0,0,-357,-173,-184
4577032022,2024-01-31,전라북도,순창군,동계면,서호리,197,110,87,0,0,0,-197,-110,-87
4577032023,2024-01-31,전라북도,순창군,동계면,어치리,158,76,82,0,0,0,-158,-76,-82
4577032024,2024-01-31,전라북도,순창군,동계면,구미리,167,82,85,0,0,0,-167,-82,-85
4577032025,2024-01-31,전라북도,순창군,동계면,동심리,188,91,97,0,0,0,-188,-91,-97
4577032026,2024-01-31,전라북도,순창군,동계면,관전리,101,47,54,0,0,0,-101,-47,-54
4577032027,2024-01-31,전라북도,순창군,동계면,신흥리,102,58,44,0,0,0,-102,-58,-44
4577032028,2024-01-31,전라북도,순창군,동계면,유산리,50,22,28,0,0,0,-50,-22,-28
4577032029,2024-01-31,전라북도,순창군,동계면,이동리,113,54,59,0,0,0,-113,-54,-59
4577032030,2024-01-31,전라북도,순창군,동계면,수정리,104,50,54,0,0,0,-104,-50,-54
4577032031,2024-01-31,전라북도,순창군,동계면,주월리,91,43,48,0,0,0,-91,-43,-48
4577032032,2024-01-31,전라북도,순창군,동계면,내령리,119,57,62,0,0,0,-119,-57,-62
4577032033,2024-01-31,전라북도,순창군,동계면,수장리,168,85,83,0,0,0,-168,-85,-83
4577033021,2024-01-31,전라북도,순창군,풍산면,반월리,150,80,70,0,0,0,-150,-80,-70
4577033022,2024-01-31,전라북도,순창군,풍산면,유정리,137,68,69,0,0,0,-137,-68,-69
4577033023,2024-01-31,전라북도,순창군,풍산면,삼촌리,146,77,69,0,0,0,-146,-77,-69
4577033024,2024-01-31,전라북도,순창군,풍산면,금곡리,111,51,60,0,0,0,-111,-51,-60
4577033025,2024-01-31,전라북도,순창군,풍산면,죽전리,98,43,55,0,0,0,-98,-43,-55
4577033026,2024-01-31,전라북도,순창군,풍산면,우곡리,104,55,49,0,0,0,-104,-55,-49
4577033027,2024-01-31,전라북도,순창군,풍산면,한내리,104,53,51,0,0,0,-104,-53,-51
4577033028,2024-01-31,전라북도,순창군,풍산면,대가리,309,142,167,0,0,0,-309,-142,-167
4577033029,2024-01-31,전라북도,순창군,풍산면,두승리,124,60,64,0,0,0,-124,-60,-64
4577033030,2024-01-31,전라북도,순창군,풍산면,상촌리,118,66,52,0,0,0,-118,-66,-52
4577033031,2024-01-31,전라북도,순창군,풍산면,용내리,87,39,48,0,0,0,-87,-39,-48
4577033032,2024-01-31,전라북도,순창군,풍산면,죽곡리,140,70,70,0,0,0,-140,-70,-70
4577034021,2024-01-31,전라북도,순창군,금과면,수양리,88,36,52,0,0,0,-88,-36,-52
4577034022,2024-01-31,전라북도,순창군,금과면,발산리,62,31,31,0,0,0,-62,-31,-31
4577034023,2024-01-31,전라북도,순창군,금과면,내동리,214,105,109,0,0,0,-214,-105,-109
4577034024,2024-01-31,전라북도,순창군,금과면,동전리,136,73,63,0,0,0,-136,-73,-63
4577034025,2024-01-31,전라북도,순창군,금과면,대성리,76,43,33,0,0,0,-76,-43,-33
4577034026,2024-01-31,전라북도,순창군,금과면,청용리,73,43,30,0,0,0,-73,-43,-30
4577034027,2024-01-31,전라북도,순창군,금과면,방성리,107,55,52,0,0,0,-107,-55,-52
4577034028,2024-01-31,전라북도,순창군,금과면,남계리,157,74,83,0,0,0,-157,-74,-83
4577034030,2024-01-31,전라북도,순창군,금과면,목동리,158,88,70,0,0,0,-158,-88,-70
4577034032,2024-01-31,전라북도,순창군,금과면,방축리,273,141,132,0,0,0,-273,-141,-132
4577034033,2024-01-31,전라북도,순창군,금과면,고례리,109,57,52,0,0,0,-109,-57,-52
4577034034,2024-01-31,전라북도,순창군,금과면,장장리,50,25,25,0,0,0,-50,-25,-25
4577034035,2024-01-31,전라북도,순창군,금과면,매우리,207,102,105,0,0,0,-207,-102,-105
4577035021,2024-01-31,전라북도,순창군,팔덕면,구룡리,145,71,74,0,0,0,-145,-71,-74
4577035022,2024-01-31,전라북도,순창군,팔덕면,용산리,174,87,87,0,0,0,-174,-87,-87
4577035023,2024-01-31,전라북도,순창군,팔덕면,월곡리,161,88,73,0,0,0,-161,-88,-73
4577035024,2024-01-31,전라북도,순창군,팔덕면,광암리,96,52,44,0,0,0,-96,-52,-44
4577035025,2024-01-31,전라북도,순창군,팔덕면,청계리,196,99,97,0,0,0,-196,-99,-97
4577035026,2024-01-31,전라북도,순창군,팔덕면,서흥리,97,57,40,0,0,0,-97,-57,-40
4577035027,2024-01-31,전라북도,순창군,팔덕면,산동리,161,77,84,0,0,0,-161,-77,-84
4577035028,2024-01-31,전라북도,순창군,팔덕면,장안리,104,51,53,0,0,0,-104,-51,-53
4577035029,2024-01-31,전라북도,순창군,팔덕면,창덕리,103,50,53,0,0,0,-103,-50,-53
4577035030,2024-01-31,전라북도,순창군,팔덕면,덕천리,130,72,58,0,0,0,-130,-72,-58
4577036021,2024-01-31,전라북도,순창군,쌍치면,방산리,89,44,45,0,0,0,-89,-44,-45
4577036023,2024-01-31,전라북도,순창군,쌍치면,신성리,35,15,20,0,0,0,-35,-15,-20
4577036024,2024-01-31,전라북도,순창군,쌍치면,탕곡리,29,15,14,0,0,0,-29,-15,-14
4577036025,2024-01-31,전라북도,순창군,쌍치면,중안리,11,7,4,0,0,0,-11,-7,-4
4577036026,2024-01-31,전라북도,순창군,쌍치면,둔전리,105,54,51,0,0,0,-105,-54,-51
4577036027,2024-01-31,전라북도,순창군,쌍치면,시산리,67,30,37,0,0,0,-67,-30,-37
4577036028,2024-01-31,전라북도,순창군,쌍치면,옥산리,187,95,92,0,0,0,-187,-95,-92
4577036029,2024-01-31,전라북도,순창군,쌍치면,종암리,52,28,24,0,0,0,-52,-28,-24
4577036030,2024-01-31,전라북도,순창군,쌍치면,학선리,102,46,56,0,0,0,-102,-46,-56
4577036031,2024-01-31,전라북도,순창군,쌍치면,도고리,61,31,30,0,0,0,-61,-31,-30
4577036032,2024-01-31,전라북도,순창군,쌍치면,금평리,130,63,67,0,0,0,-130,-63,-67
4577036033,2024-01-31,전라북도,순창군,쌍치면,쌍계리,289,145,144,0,0,0,-289,-145,-144
4577036034,2024-01-31,전라북도,순창군,쌍치면,전암리,88,50,38,0,0,0,-88,-50,-38
4577036035,2024-01-31,전라북도,순창군,쌍치면,양신리,78,43,35,0,0,0,-78,-43,-35
4577036036,2024-01-31,전라북도,순창군,쌍치면,운암리,104,48,56,0,0,0,-104,-48,-56
4577036037,2024-01-31,전라북도,순창군,쌍치면,용전리,113,58,55,0,0,0,-113,-58,-55
4577036038,2024-01-31,전라북도,순창군,쌍치면,금성리,207,96,111,0,0,0,-207,-96,-111
4577036039,2024-01-31,전라북도,순창군,쌍치면,오봉리,48,24,24,0,0,0,-48,-24,-24
4577036040,2024-01-31,전라북도,순창군,쌍치면,종곡리,84,48,36,0,0,0,-84,-48,-36
4577037021,2024-01-31,전라북도,순창군,복흥면,서마리,187,95,92,0,0,0,-187,-95,-92
4577037022,2024-01-31,전라북도,순창군,복흥면,동산리,157,74,83,0,0,0,-157,-74,-83
4577037023,2024-01-31,전라북도,순창군,복흥면,화양리,45,23,22,0,0,0,-45,-23,-22
4577037024,2024-01-31,전라북도,순창군,복흥면,반월리,171,88,83,0,0,0,-171,-88,-83
4577037025,2024-01-31,전라북도,순창군,복흥면,봉덕리,79,39,40,0,0,0,-79,-39,-40
4577037026,2024-01-31,전라북도,순창군,복흥면,농암리,78,39,39,0,0,0,-78,-39,-39
4577037027,2024-01-31,전라북도,순창군,복흥면,지선리,68,30,38,0,0,0,-68,-30,-38
4577037028,2024-01-31,전라북도,순창군,복흥면,금월리,129,54,75,0,0,0,-129,-54,-75
4577037029,2024-01-31,전라북도,순창군,복흥면,어은리,54,28,26,0,0,0,-54,-28,-26
4577037030,2024-01-31,전라북도,순창군,복흥면,대방리,91,41,50,0,0,0,-91,-41,-50
4577037031,2024-01-31,전라북도,순창군,복흥면,정산리,408,189,219,0,0,0,-408,-189,-219
4577037032,2024-01-31,전라북도,순창군,복흥면,산정리,40,19,21,0,0,0,-40,-19,-21
4577037033,2024-01-31,전라북도,순창군,복흥면,주평리,78,41,37,0,0,0,-78,-41,-37
4577037034,2024-01-31,전라북도,순창군,복흥면,상송리,44,23,21,0,0,0,-44,-23,-21
4577037035,2024-01-31,전라북도,순창군,복흥면,하리,136,63,73,0,0,0,-136,-63,-73
4577037036,2024-01-31,전라북도,순창군,복흥면,답동리,182,92,90,0,0,0,-182,-92,-90
4577037037,2024-01-31,전라북도,순창군,복흥면,석보리,82,42,40,0,0,0,-82,-42,-40
4577038000,2024-01-31,전라북도,순창군,적성면,적성면,1,0,1,0,0,0,-1,0,-1
4577038021,2024-01-31,전라북도,순창군,적성면,지북리,155,66,89,0,0,0,-155,-66,-89
4577038022,2024-01-31,전라북도,순창군,적성면,대산리,76,35,41,0,0,0,-76,-35,-41
4577038023,2024-01-31,전라북도,순창군,적성면,운림리,140,70,70,0,0,0,-140,-70,-70
4577038024,2024-01-31,전라북도,순창군,적성면,고원리,280,130,150,0,0,0,-280,-130,-150
4577038025,2024-01-31,전라북도,순창군,적성면,내월리,198,99,99,0,0,0,-198,-99,-99
4577038026,2024-01-31,전라북도,순창군,적성면,평남리,88,40,48,0,0,0,-88,-40,-48
4577038027,2024-01-31,전라북도,순창군,적성면,괴정리,194,106,88,0,0,0,-194,-106,-88
4577038028,2024-01-31,전라북도,순창군,적성면,석산리,89,45,44,0,0,0,-89,-45,-44
4577039021,2024-01-31,전라북도,순창군,유등면,창신리,119,60,59,0,0,0,-119,-60,-59
4577039022,2024-01-31,전라북도,순창군,유등면,건곡리,282,135,147,0,0,0,-282,-135,-147
4577039023,2024-01-31,전라북도,순창군,유등면,외이리,171,84,87,0,0,0,-171,-84,-87
4577039024,2024-01-31,전라북도,순창군,유등면,오교리,109,58,51,0,0,0,-109,-58,-51
4577039025,2024-01-31,전라북도,순창군,유등면,유촌리,212,100,112,0,0,0,-212,-100,-112
4577039026,2024-01-31,전라북도,순창군,유등면,무수리,123,62,61,0,0,0,-123,-62,-61
4577040021,2024-01-31,전라북도,순창군,구림면,운남리,372,178,194,0,0,0,-372,-178,-194
4577040022,2024-01-31,전라북도,순창군,구림면,구암리,165,78,87,0,0,0,-165,-78,-87
4577040023,2024-01-31,전라북도,순창군,구림면,구산리,161,78,83,0,0,0,-161,-78,-83
4577040024,2024-01-31,전라북도,순창군,구림면,성곡리,100,53,47,0,0,0,-100,-53,-47
4577040025,2024-01-31,전라북도,순창군,구림면,율북리,123,66,57,0,0,0,-123,-66,-57
4577040026,2024-01-31,전라북도,순창군,구림면,안정리,191,91,100,0,0,0,-191,-91,-100
4577040027,2024-01-31,전라북도,순창군,구림면,금천리,119,58,61,0,0,0,-119,-58,-61
4577040028,2024-01-31,전라북도,순창군,구림면,금창리,103,53,50,0,0,0,-103,-53,-50
4577040029,2024-01-31,전라북도,순창군,구림면,방화리,166,88,78,0,0,0,-166,-88,-78
4577040030,2024-01-31,전라북도,순창군,구림면,운북리,107,54,53,0,0,0,-107,-54,-53
4577040031,2024-01-31,전라북도,순창군,구림면,월정리,228,111,117,0,0,0,-228,-111,-117
4577040032,2024-01-31,전라북도,순창군,구림면,자양리,122,62,60,0,0,0,-122,-62,-60
4577040033,2024-01-31,전라북도,순창군,구림면,구곡리,100,44,56,0,0,0,-100,-44,-56
4577040034,2024-01-31,전라북도,순창군,구림면,화암리,165,79,86,0,0,0,-165,-79,-86
4579025021,2024-01-31,전라북도,고창군,고창읍,읍내리,7459,3620,3839,0,0,0,-7459,-3620,-3839
4579025022,2024-01-31,전라북도,고창군,고창읍,교촌리,3312,1655,1657,0,0,0,-3312,-1655,-1657
4579025023,2024-01-31,전라북도,고창군,고창읍,월곡리,3449,1697,1752,0,0,0,-3449,-1697,-1752
4579025024,2024-01-31,전라북도,고창군,고창읍,월암리,138,67,71,0,0,0,-138,-67,-71
4579025025,2024-01-31,전라북도,고창군,고창읍,석정리,1266,600,666,0,0,0,-1266,-600,-666
4579025026,2024-01-31,전라북도,고창군,고창읍,월산리,289,137,152,0,0,0,-289,-137,-152
4579025027,2024-01-31,전라북도,고창군,고창읍,노동리,91,45,46,0,0,0,-91,-45,-46
4579025028,2024-01-31,전라북도,고창군,고창읍,화산리,64,34,30,0,0,0,-64,-34,-30
4579025029,2024-01-31,전라북도,고창군,고창읍,내동리,155,79,76,0,0,0,-155,-79,-76
4579025030,2024-01-31,전라북도,고창군,고창읍,덕산리,1244,710,534,0,0,0,-1244,-710,-534
4579025031,2024-01-31,전라북도,고창군,고창읍,주곡리,284,145,139,0,0,0,-284,-145,-139
4579025032,2024-01-31,전라북도,고창군,고창읍,도산리,218,106,112,0,0,0,-218,-106,-112
4579025033,2024-01-31,전라북도,고창군,고창읍,죽림리,162,90,72,0,0,0,-162,-90,-72
4579025034,2024-01-31,전라북도,고창군,고창읍,신월리,242,113,129,0,0,0,-242,-113,-129
4579025035,2024-01-31,전라북도,고창군,고창읍,덕정리,211,109,102,0,0,0,-211,-109,-102
4579025036,2024-01-31,전라북도,고창군,고창읍,율계리,231,114,117,0,0,0,-231,-114,-117
4579025037,2024-01-31,전라북도,고창군,고창읍,석교리,1639,779,860,0,0,0,-1639,-779,-860
4579025038,2024-01-31,전라북도,고창군,고창읍,성두리,213,116,97,0,0,0,-213,-116,-97
4579031021,2024-01-31,전라북도,고창군,고수면,와촌리,120,53,67,0,0,0,-120,-53,-67
4579031022,2024-01-31,전라북도,고창군,고수면,황산리,520,268,252,0,0,0,-520,-268,-252
4579031023,2024-01-31,전라북도,고창군,고수면,봉산리,117,49,68,0,0,0,-117,-49,-68
4579031024,2024-01-31,전라북도,고창군,고수면,우평리,119,62,57,0,0,0,-119,-62,-57
4579031025,2024-01-31,전라북도,고창군,고수면,남산리,211,114,97,0,0,0,-211,-114,-97
4579031026,2024-01-31,전라북도,고창군,고수면,예지리,70,37,33,0,0,0,-70,-37,-33
4579031027,2024-01-31,전라북도,고창군,고수면,인성리,130,63,67,0,0,0,-130,-63,-67
4579031028,2024-01-31,전라북도,고창군,고수면,장두리,211,116,95,0,0,0,-211,-116,-95
4579031029,2024-01-31,전라북도,고창군,고수면,초내리,150,76,74,0,0,0,-150,-76,-74
4579031030,2024-01-31,전라북도,고창군,고수면,평지리,87,42,45,0,0,0,-87,-42,-45
4579031031,2024-01-31,전라북도,고창군,고수면,부곡리,220,113,107,0,0,0,-220,-113,-107
4579031032,2024-01-31,전라북도,고창군,고수면,상평리,138,69,69,0,0,0,-138,-69,-69
4579031033,2024-01-31,전라북도,고창군,고수면,두평리,90,43,47,0,0,0,-90,-43,-47
4579031034,2024-01-31,전라북도,고창군,고수면,은사리,107,65,42,0,0,0,-107,-65,-42
4579032021,2024-01-31,전라북도,고창군,아산면,봉덕리,96,45,51,0,0,0,-96,-45,-51
4579032022,2024-01-31,전라북도,고창군,아산면,중월리,161,91,70,0,0,0,-161,-91,-70
4579032023,2024-01-31,전라북도,고창군,아산면,목동리,137,71,66,0,0,0,-137,-71,-66
4579032024,2024-01-31,전라북도,고창군,아산면,상갑리,161,79,82,0,0,0,-161,-79,-82
4579032025,2024-01-31,전라북도,고창군,아산면,하갑리,207,112,95,0,0,0,-207,-112,-95
4579032026,2024-01-31,전라북도,고창군,아산면,대동리,133,68,65,0,0,0,-133,-68,-65
4579032027,2024-01-31,전라북도,고창군,아산면,주진리,93,47,46,0,0,0,-93,-47,-46
4579032028,2024-01-31,전라북도,고창군,아산면,남산리,220,115,105,0,0,0,-220,-115,-105
4579032029,2024-01-31,전라북도,고창군,아산면,성산리,302,149,153,0,0,0,-302,-149,-153
4579032030,2024-01-31,전라북도,고창군,아산면,학전리,177,95,82,0,0,0,-177,-95,-82
4579032032,2024-01-31,전라북도,고창군,아산면,용계리,50,25,25,0,0,0,-50,-25,-25
4579032033,2024-01-31,전라북도,고창군,아산면,계산리,137,72,65,0,0,0,-137,-72,-65
4579032034,2024-01-31,전라북도,고창군,아산면,구암리,129,62,67,0,0,0,-129,-62,-67
4579032035,2024-01-31,전라북도,고창군,아산면,반암리,267,137,130,0,0,0,-267,-137,-130
4579032036,2024-01-31,전라북도,고창군,아산면,삼인리,227,125,102,0,0,0,-227,-125,-102
4579033021,2024-01-31,전라북도,고창군,무장면,무장리,554,288,266,0,0,0,-554,-288,-266
4579033022,2024-01-31,전라북도,고창군,무장면,성내리,103,50,53,0,0,0,-103,-50,-53
4579033023,2024-01-31,전라북도,고창군,무장면,교흥리,161,91,70,0,0,0,-161,-91,-70
4579033024,2024-01-31,전라북도,고창군,무장면,송현리,84,39,45,0,0,0,-84,-39,-45
4579033025,2024-01-31,전라북도,고창군,무장면,원촌리,123,65,58,0,0,0,-123,-65,-58
4579033026,2024-01-31,전라북도,고창군,무장면,강남리,342,183,159,0,0,0,-342,-183,-159
4579033027,2024-01-31,전라북도,고창군,무장면,목우리,190,89,101,0,0,0,-190,-89,-101
4579033028,2024-01-31,전라북도,고창군,무장면,덕림리,109,48,61,0,0,0,-109,-48,-61
4579033029,2024-01-31,전라북도,고창군,무장면,옥산리,202,97,105,0,0,0,-202,-97,-105
4579033030,2024-01-31,전라북도,고창군,무장면,고라리,114,60,54,0,0,0,-114,-60,-54
4579033031,2024-01-31,전라북도,고창군,무장면,백양리,131,60,71,0,0,0,-131,-60,-71
4579033032,2024-01-31,전라북도,고창군,무장면,신촌리,124,63,61,0,0,0,-124,-63,-61
4579033033,2024-01-31,전라북도,고창군,무장면,만화리,110,55,55,0,0,0,-110,-55,-55
4579033034,2024-01-31,전라북도,고창군,무장면,월림리,112,62,50,0,0,0,-112,-62,-50
4579033035,2024-01-31,전라북도,고창군,무장면,도곡리,119,54,65,0,0,0,-119,-54,-65
4579033036,2024-01-31,전라북도,고창군,무장면,송계리,72,34,38,0,0,0,-72,-34,-38
4579034021,2024-01-31,전라북도,고창군,공음면,두암리,89,44,45,0,0,0,-89,-44,-45
4579034022,2024-01-31,전라북도,고창군,공음면,신대리,94,44,50,0,0,0,-94,-44,-50
4579034023,2024-01-31,전라북도,고창군,공음면,구암리,202,93,109,0,0,0,-202,-93,-109
4579034024,2024-01-31,전라북도,고창군,공음면,석교리,132,55,77,0,0,0,-132,-55,-77
4579034025,2024-01-31,전라북도,고창군,공음면,장곡리,165,79,86,0,0,0,-165,-79,-86
4579034026,2024-01-31,전라북도,고창군,공음면,칠암리,455,234,221,0,0,0,-455,-234,-221
4579034027,2024-01-31,전라북도,고창군,공음면,용수리,174,92,82,0,0,0,-174,-92,-82
4579034028,2024-01-31,전라북도,고창군,공음면,선동리,293,145,148,0,0,0,-293,-145,-148
4579034029,2024-01-31,전라북도,고창군,공음면,건동리,141,76,65,0,0,0,-141,-76,-65
4579034030,2024-01-31,전라북도,고창군,공음면,군유리,172,84,88,0,0,0,-172,-84,-88
4579034031,2024-01-31,전라북도,고창군,공음면,예전리,230,105,125,0,0,0,-230,-105,-125
4579034032,2024-01-31,전라북도,고창군,공음면,덕암리,176,86,90,0,0,0,-176,-86,-90
4579035021,2024-01-31,전라북도,고창군,상하면,장산리,157,78,79,0,0,0,-157,-78,-79
4579035022,2024-01-31,전라북도,고창군,상하면,장호리,236,112,124,0,0,0,-236,-112,-124
4579035023,2024-01-31,전라북도,고창군,상하면,용정리,246,125,121,0,0,0,-246,-125,-121
4579035024,2024-01-31,전라북도,고창군,상하면,자룡리,408,206,202,0,0,0,-408,-206,-202
4579035025,2024-01-31,전라북도,고창군,상하면,석남리,193,94,99,0,0,0,-193,-94,-99
4579035026,2024-01-31,전라북도,고창군,상하면,하장리,494,254,240,0,0,0,-494,-254,-240
4579035027,2024-01-31,전라북도,고창군,상하면,용대리,224,102,122,0,0,0,-224,-102,-122
4579035028,2024-01-31,전라북도,고창군,상하면,검산리,216,104,112,0,0,0,-216,-104,-112
4579035029,2024-01-31,전라북도,고창군,상하면,송곡리,105,54,51,0,0,0,-105,-54,-51
4579036021,2024-01-31,전라북도,고창군,해리면,하련리,565,283,282,0,0,0,-565,-283,-282
4579036022,2024-01-31,전라북도,고창군,해리면,평지리,155,81,74,0,0,0,-155,-81,-74
4579036023,2024-01-31,전라북도,고창군,해리면,고성리,117,54,63,0,0,0,-117,-54,-63
4579036024,2024-01-31,전라북도,고창군,해리면,송산리,151,74,77,0,0,0,-151,-74,-77
4579036025,2024-01-31,전라북도,고창군,해리면,안산리,174,86,88,0,0,0,-174,-86,-88
4579036026,2024-01-31,전라북도,고창군,해리면,왕촌리,217,107,110,0,0,0,-217,-107,-110
4579036027,2024-01-31,전라북도,고창군,해리면,라성리,154,72,82,0,0,0,-154,-72,-82
4579036028,2024-01-31,전라북도,고창군,해리면,사반리,170,78,92,0,0,0,-170,-78,-92
4579036029,2024-01-31,전라북도,고창군,해리면,방축리,54,24,30,0,0,0,-54,-24,-30
4579036030,2024-01-31,전라북도,고창군,해리면,금평리,188,91,97,0,0,0,-188,-91,-97
4579036031,2024-01-31,전라북도,고창군,해리면,광승리,281,136,145,0,0,0,-281,-136,-145
4579036032,2024-01-31,전라북도,고창군,해리면,동호리,322,174,148,0,0,0,-322,-174,-148
4579037021,2024-01-31,전라북도,고창군,성송면,산수리,150,75,75,0,0,0,-150,-75,-75
4579037022,2024-01-31,전라북도,고창군,성송면,하고리,187,97,90,0,0,0,-187,-97,-90
4579037023,2024-01-31,전라북도,고창군,성송면,무송리,134,69,65,0,0,0,-134,-69,-65
4579037024,2024-01-31,전라북도,고창군,성송면,암치리,165,85,80,0,0,0,-165,-85,-80
4579037025,2024-01-31,전라북도,고창군,성송면,계당리,241,114,127,0,0,0,-241,-114,-127
4579037026,2024-01-31,전라북도,고창군,성송면,판정리,156,85,71,0,0,0,-156,-85,-71
4579037027,2024-01-31,전라북도,고창군,성송면,괴치리,116,57,59,0,0,0,-116,-57,-59
4579037028,2024-01-31,전라북도,고창군,성송면,향산리,161,86,75,0,0,0,-161,-86,-75
4579037029,2024-01-31,전라북도,고창군,성송면,학천리,122,57,65,0,0,0,-122,-57,-65
4579037030,2024-01-31,전라북도,고창군,성송면,사내리,95,54,41,0,0,0,-95,-54,-41
4579037031,2024-01-31,전라북도,고창군,성송면,낙양리,152,76,76,0,0,0,-152,-76,-76
4579038021,2024-01-31,전라북도,고창군,대산면,성남리,162,84,78,0,0,0,-162,-84,-78
4579038022,2024-01-31,전라북도,고창군,대산면,광대리,164,84,80,0,0,0,-164,-84,-80
4579038023,2024-01-31,전라북도,고창군,대산면,덕천리,205,102,103,0,0,0,-205,-102,-103
4579038024,2024-01-31,전라북도,고창군,대산면,중산리,203,96,107,0,0,0,-203,-96,-107
4579038025,2024-01-31,전라북도,고창군,대산면,매산리,837,418,419,0,0,0,-837,-418,-419
4579038026,2024-01-31,전라북도,고창군,대산면,산정리,162,82,80,0,0,0,-162,-82,-80
4579038027,2024-01-31,전라북도,고창군,대산면,율촌리,152,80,72,0,0,0,-152,-80,-72
4579038028,2024-01-31,전라북도,고창군,대산면,춘산리,220,106,114,0,0,0,-220,-106,-114
4579038029,2024-01-31,전라북도,고창군,대산면,연동리,182,98,84,0,0,0,-182,-98,-84
4579038030,2024-01-31,전라북도,고창군,대산면,갈마리,101,52,49,0,0,0,-101,-52,-49
4579038031,2024-01-31,전라북도,고창군,대산면,해룡리,143,65,78,0,0,0,-143,-65,-78
4579038032,2024-01-31,전라북도,고창군,대산면,대장리,107,43,64,0,0,0,-107,-43,-64
4579038033,2024-01-31,전라북도,고창군,대산면,회룡리,99,48,51,0,0,0,-99,-48,-51
4579038034,2024-01-31,전라북도,고창군,대산면,지석리,109,44,65,0,0,0,-109,-44,-65
4579038035,2024-01-31,전라북도,고창군,대산면,상금리,162,91,71,0,0,0,-162,-91,-71
4579039021,2024-01-31,전라북도,고창군,심원면,궁산리,71,39,32,0,0,0,-71,-39,-32
4579039022,2024-01-31,전라북도,고창군,심원면,주산리,223,107,116,0,0,0,-223,-107,-116
4579039023,2024-01-31,전라북도,고창군,심원면,고전리,184,95,89,0,0,0,-184,-95,-89
4579039024,2024-01-31,전라북도,고창군,심원면,만돌리,364,186,178,0,0,0,-364,-186,-178
4579039025,2024-01-31,전라북도,고창군,심원면,두어리,117,58,59,0,0,0,-117,-58,-59
4579039026,2024-01-31,전라북도,고창군,심원면,도천리,134,71,63,0,0,0,-134,-71,-63
4579039027,2024-01-31,전라북도,고창군,심원면,연화리,318,146,172,0,0,0,-318,-146,-172
4579039028,2024-01-31,전라북도,고창군,심원면,월산리,361,188,173,0,0,0,-361,-188,-173
4579039029,2024-01-31,전라북도,고창군,심원면,하전리,447,240,207,0,0,0,-447,-240,-207
4579039030,2024-01-31,전라북도,고창군,심원면,용기리,129,62,67,0,0,0,-129,-62,-67
4579040021,2024-01-31,전라북도,고창군,흥덕면,흥덕리,872,451,421,0,0,0,-872,-451,-421
4579040022,2024-01-31,전라북도,고창군,흥덕면,동사리,280,134,146,0,0,0,-280,-134,-146
4579040023,2024-01-31,전라북도,고창군,흥덕면,치룡리,192,91,101,0,0,0,-192,-91,-101
4579040024,2024-01-31,전라북도,고창군,흥덕면,신송리,119,54,65,0,0,0,-119,-54,-65
4579040025,2024-01-31,전라북도,고창군,흥덕면,하남리,63,28,35,0,0,0,-63,-28,-35
4579040026,2024-01-31,전라북도,고창군,흥덕면,용반리,150,76,74,0,0,0,-150,-76,-74
4579040027,2024-01-31,전라북도,고창군,흥덕면,신덕리,188,95,93,0,0,0,-188,-95,-93
4579040028,2024-01-31,전라북도,고창군,흥덕면,후포리,148,65,83,0,0,0,-148,-65,-83
4579040029,2024-01-31,전라북도,고창군,흥덕면,사포리,116,61,55,0,0,0,-116,-61,-55
4579040030,2024-01-31,전라북도,고창군,흥덕면,교운리,58,32,26,0,0,0,-58,-32,-26
4579040031,2024-01-31,전라북도,고창군,흥덕면,석우리,69,33,36,0,0,0,-69,-33,-36
4579040032,2024-01-31,전라북도,고창군,흥덕면,오호리,111,62,49,0,0,0,-111,-62,-49
4579040033,2024-01-31,전라북도,고창군,흥덕면,석교리,50,22,28,0,0,0,-50,-22,-28
4579040034,2024-01-31,전라북도,고창군,흥덕면,사천리,213,106,107,0,0,0,-213,-106,-107
4579040035,2024-01-31,전라북도,고창군,흥덕면,제하리,127,54,73,0,0,0,-127,-54,-73
4579040036,2024-01-31,전라북도,고창군,흥덕면,송암리,185,89,96,0,0,0,-185,-89,-96
4579041021,2024-01-31,전라북도,고창군,성내면,양계리,240,118,122,0,0,0,-240,-118,-122
4579041022,2024-01-31,전라북도,고창군,성내면,월성리,138,77,61,0,0,0,-138,-77,-61
4579041023,2024-01-31,전라북도,고창군,성내면,조동리,171,90,81,0,0,0,-171,-90,-81
4579041024,2024-01-31,전라북도,고창군,성내면,부덕리,93,51,42,0,0,0,-93,-51,-42
4579041025,2024-01-31,전라북도,고창군,성내면,덕산리,94,52,42,0,0,0,-94,-52,-42
4579041026,2024-01-31,전라북도,고창군,성내면,신성리,278,143,135,0,0,0,-278,-143,-135
4579041027,2024-01-31,전라북도,고창군,성내면,동산리,111,56,55,0,0,0,-111,-56,-55
4579041028,2024-01-31,전라북도,고창군,성내면,월산리,144,70,74,0,0,0,-144,-70,-74
4579041029,2024-01-31,전라북도,고창군,성내면,옥제리,161,92,69,0,0,0,-161,-92,-69
4579041030,2024-01-31,전라북도,고창군,성내면,대흥리,67,37,30,0,0,0,-67,-37,-30
4579041031,2024-01-31,전라북도,고창군,성내면,신대리,111,59,52,0,0,0,-111,-59,-52
4579041032,2024-01-31,전라북도,고창군,성내면,용교리,111,64,47,0,0,0,-111,-64,-47
4579041033,2024-01-31,전라북도,고창군,성내면,산림리,128,63,65,0,0,0,-128,-63,-65
4579042021,2024-01-31,전라북도,고창군,신림면,무림리,246,113,133,0,0,0,-246,-113,-133
4579042022,2024-01-31,전라북도,고창군,신림면,외화리,168,79,89,0,0,0,-168,-79,-89
4579042023,2024-01-31,전라북도,고창군,신림면,도림리,166,84,82,0,0,0,-166,-84,-82
4579042024,2024-01-31,전라북도,고창군,신림면,덕화리,75,38,37,0,0,0,-75,-38,-37
4579042025,2024-01-31,전라북도,고창군,신림면,가평리,170,85,85,0,0,0,-170,-85,-85
4579042026,2024-01-31,전라북도,고창군,신림면,신평리,139,71,68,0,0,0,-139,-71,-68
4579042027,2024-01-31,전라북도,고창군,신림면,반룡리,141,64,77,0,0,0,-141,-64,-77
4579042028,2024-01-31,전라북도,고창군,신림면,세곡리,85,47,38,0,0,0,-85,-47,-38
4579042029,2024-01-31,전라북도,고창군,신림면,자포리,179,85,94,0,0,0,-179,-85,-94
4579042030,2024-01-31,전라북도,고창군,신림면,송용리,192,92,100,0,0,0,-192,-92,-100
4579042031,2024-01-31,전라북도,고창군,신림면,법지리,198,94,104,0,0,0,-198,-94,-104
4579042032,2024-01-31,전라북도,고창군,신림면,벽송리,195,104,91,0,0,0,-195,-104,-91
4579042033,2024-01-31,전라북도,고창군,신림면,부송리,126,63,63,0,0,0,-126,-63,-63
4579043021,2024-01-31,전라북도,고창군,부안면,중흥리,198,100,98,0,0,0,-198,-100,-98
4579043022,2024-01-31,전라북도,고창군,부안면,오산리,200,97,103,0,0,0,-200,-97,-103
4579043023,2024-01-31,전라북도,고창군,부안면,수남리,116,56,60,0,0,0,-116,-56,-60
4579043024,2024-01-31,전라북도,고창군,부안면,검산리,154,79,75,0,0,0,-154,-79,-75
4579043025,2024-01-31,전라북도,고창군,부안면,수동리,197,98,99,0,0,0,-197,-98,-99
4579043026,2024-01-31,전라북도,고창군,부안면,수앙리,225,110,115,0,0,0,-225,-110,-115
4579043027,2024-01-31,전라북도,고창군,부안면,상암리,311,153,158,0,0,0,-311,-153,-158
4579043028,2024-01-31,전라북도,고창군,부안면,봉암리,176,89,87,0,0,0,-176,-89,-87
4579043029,2024-01-31,전라북도,고창군,부안면,송현리,193,95,98,0,0,0,-193,-95,-98
4579043030,2024-01-31,전라북도,고창군,부안면,선운리,139,64,75,0,0,0,-139,-64,-75
4579043031,2024-01-31,전라북도,고창군,부안면,용산리,280,153,127,0,0,0,-280,-153,-127
4579043032,2024-01-31,전라북도,고창군,부안면,상등리,149,73,76,0,0,0,-149,-73,-76
4579043033,2024-01-31,전라북도,고창군,부안면,사창리,122,61,61,0,0,0,-122,-61,-61
4579043034,2024-01-31,전라북도,고창군,부안면,운양리,133,62,71,0,0,0,-133,-62,-71
4580025021,2024-01-31,전라북도,부안군,부안읍,동중리,1520,764,756,0,0,0,-1520,-764,-756
4580025022,2024-01-31,전라북도,부안군,부안읍,서외리,4435,2169,2266,0,0,0,-4435,-2169,-2266
4580025023,2024-01-31,전라북도,부안군,부안읍,선은리,2165,1058,1107,0,0,0,-2165,-1058,-1107
4580025024,2024-01-31,전라북도,부안군,부안읍,봉덕리,10421,5012,5409,0,0,0,-10421,-5012,-5409
4580025025,2024-01-31,전라북도,부안군,부안읍,신운리,237,122,115,0,0,0,-237,-122,-115
4580025026,2024-01-31,전라북도,부안군,부안읍,모산리,405,217,188,0,0,0,-405,-217,-188
4580025027,2024-01-31,전라북도,부안군,부안읍,행중리,208,100,108,0,0,0,-208,-100,-108
4580025028,2024-01-31,전라북도,부안군,부안읍,연곡리,217,118,99,0,0,0,-217,-118,-99
4580025029,2024-01-31,전라북도,부안군,부안읍,옹중리,275,130,145,0,0,0,-275,-130,-145
4580025030,2024-01-31,전라북도,부안군,부안읍,내요리,331,164,167,0,0,0,-331,-164,-167
4580025031,2024-01-31,전라북도,부안군,부안읍,외하리,128,60,68,0,0,0,-128,-60,-68
4580025032,2024-01-31,전라북도,부안군,부안읍,신흥리,227,118,109,0,0,0,-227,-118,-109
4580031021,2024-01-31,전라북도,부안군,주산면,소주리,221,104,117,0,0,0,-221,-104,-117
4580031022,2024-01-31,전라북도,부안군,주산면,덕림리,268,136,132,0,0,0,-268,-136,-132
4580031023,2024-01-31,전라북도,부안군,주산면,동정리,184,74,110,0,0,0,-184,-74,-110
4580031024,2024-01-31,전라북도,부안군,주산면,소산리,151,75,76,0,0,0,-151,-75,-76
4580031025,2024-01-31,전라북도,부안군,주산면,갈촌리,215,110,105,0,0,0,-215,-110,-105
4580031026,2024-01-31,전라북도,부안군,주산면,사산리,260,136,124,0,0,0,-260,-136,-124
4580031027,2024-01-31,전라북도,부안군,주산면,돈계리,221,117,104,0,0,0,-221,-117,-104
4580031028,2024-01-31,전라북도,부안군,주산면,백석리,239,123,116,0,0,0,-239,-123,-116
4580032021,2024-01-31,전라북도,부안군,동진면,봉황리,337,170,167,0,0,0,-337,-170,-167
4580032022,2024-01-31,전라북도,부안군,동진면,내기리,153,90,63,0,0,0,-153,-90,-63
4580032023,2024-01-31,전라북도,부안군,동진면,하장리,367,194,173,0,0,0,-367,-194,-173
4580032024,2024-01-31,전라북도,부안군,동진면,장등리,256,139,117,0,0,0,-256,-139,-117
4580032025,2024-01-31,전라북도,부안군,동진면,동전리,424,226,198,0,0,0,-424,-226,-198
4580032026,2024-01-31,전라북도,부안군,동진면,안성리,413,186,227,0,0,0,-413,-186,-227
4580032027,2024-01-31,전라북도,부안군,동진면,본덕리,185,97,88,0,0,0,-185,-97,-88
4580032028,2024-01-31,전라북도,부안군,동진면,증산리,204,98,106,0,0,0,-204,-98,-106
4580032029,2024-01-31,전라북도,부안군,동진면,당상리,259,128,131,0,0,0,-259,-128,-131
4580033021,2024-01-31,전라북도,부안군,행안면,역리,421,217,204,0,0,0,-421,-217,-204
4580033022,2024-01-31,전라북도,부안군,행안면,삼간리,475,242,233,0,0,0,-475,-242,-233
4580033023,2024-01-31,전라북도,부안군,행안면,진동리,516,268,248,0,0,0,-516,-268,-248
4580033024,2024-01-31,전라북도,부안군,행안면,대초리,276,151,125,0,0,0,-276,-151,-125
4580033025,2024-01-31,전라북도,부안군,행안면,신기리,350,187,163,0,0,0,-350,-187,-163
4580034000,2024-01-31,전라북도,부안군,계화면,계화면,4,2,2,0,0,0,-4,-2,-2
4580034021,2024-01-31,전라북도,부안군,계화면,계화리,703,361,342,0,0,0,-703,-361,-342
4580034022,2024-01-31,전라북도,부안군,계화면,창북리,1497,739,758,0,0,0,-1497,-739,-758
4580034023,2024-01-31,전라북도,부안군,계화면,양산리,279,139,140,0,0,0,-279,-139,-140
4580034024,2024-01-31,전라북도,부안군,계화면,궁안리,135,72,63,0,0,0,-135,-72,-63
4580034025,2024-01-31,전라북도,부안군,계화면,의복리,441,217,224,0,0,0,-441,-217,-224
4580035021,2024-01-31,전라북도,부안군,보안면,영전리,345,172,173,0,0,0,-345,-172,-173
4580035022,2024-01-31,전라북도,부안군,보안면,상입석리,145,67,78,0,0,0,-145,-67,-78
4580035023,2024-01-31,전라북도,부안군,보안면,남포리,306,152,154,0,0,0,-306,-152,-154
4580035024,2024-01-31,전라북도,부안군,보안면,우동리,279,148,131,0,0,0,-279,-148,-131
4580035025,2024-01-31,전라북도,부안군,보안면,신복리,199,102,97,0,0,0,-199,-102,-97
4580035026,2024-01-31,전라북도,부안군,보안면,유천리,290,145,145,0,0,0,-290,-145,-145
4580035027,2024-01-31,전라북도,부안군,보안면,하입석리,198,97,101,0,0,0,-198,-97,-101
4580035028,2024-01-31,전라북도,부안군,보안면,상림리,203,104,99,0,0,0,-203,-104,-99
4580035029,2024-01-31,전라북도,부안군,보안면,월천리,195,106,89,0,0,0,-195,-106,-89
4580035030,2024-01-31,전라북도,부안군,보안면,부곡리,131,64,67,0,0,0,-131,-64,-67
4580036021,2024-01-31,전라북도,부안군,변산면,도청리,617,319,298,0,0,0,-617,-319,-298
4580036022,2024-01-31,전라북도,부안군,변산면,격포리,1249,636,613,0,0,0,-1249,-636,-613
4580036023,2024-01-31,전라북도,부안군,변산면,마포리,573,293,280,0,0,0,-573,-293,-280
4580036024,2024-01-31,전라북도,부안군,변산면,운산리,630,320,310,0,0,0,-630,-320,-310
4580036025,2024-01-31,전라북도,부안군,변산면,지서리,696,353,343,0,0,0,-696,-353,-343
4580036026,2024-01-31,전라북도,부안군,변산면,대항리,311,154,157,0,0,0,-311,-154,-157
4580036027,2024-01-31,전라북도,부안군,변산면,중계리,94,58,36,0,0,0,-94,-58,-36
4580037021,2024-01-31,전라북도,부안군,진서면,진서리,493,246,247,0,0,0,-493,-246,-247
4580037022,2024-01-31,전라북도,부안군,진서면,석포리,498,270,228,0,0,0,-498,-270,-228
4580037023,2024-01-31,전라북도,부안군,진서면,운호리,361,191,170,0,0,0,-361,-191,-170
4580037024,2024-01-31,전라북도,부안군,진서면,곰소리,861,431,430,0,0,0,-861,-431,-430
4580038021,2024-01-31,전라북도,부안군,백산면,금판리,202,105,97,0,0,0,-202,-105,-97
4580038022,2024-01-31,전라북도,부안군,백산면,용계리,344,151,193,0,0,0,-344,-151,-193
4580038023,2024-01-31,전라북도,부안군,백산면,원천리,137,70,67,0,0,0,-137,-70,-67
4580038024,2024-01-31,전라북도,부안군,백산면,대수리,176,83,93,0,0,0,-176,-83,-93
4580038025,2024-01-31,전라북도,부안군,백산면,하청리,181,95,86,0,0,0,-181,-95,-86
4580038026,2024-01-31,전라북도,부안군,백산면,거룡리,151,78,73,0,0,0,-151,-78,-73
4580038027,2024-01-31,전라북도,부안군,백산면,대죽리,245,122,123,0,0,0,-245,-122,-123
4580038028,2024-01-31,전라북도,부안군,백산면,평교리,269,139,130,0,0,0,-269,-139,-130
4580038029,2024-01-31,전라북도,부안군,백산면,오곡리,260,124,136,0,0,0,-260,-124,-136
4580038030,2024-01-31,전라북도,부안군,백산면,덕신리,107,55,52,0,0,0,-107,-55,-52
4580038031,2024-01-31,전라북도,부안군,백산면,신평리,130,69,61,0,0,0,-130,-69,-61
4580038032,2024-01-31,전라북도,부안군,백산면,죽림리,167,86,81,0,0,0,-167,-86,-81
4580039021,2024-01-31,전라북도,부안군,상서면,감교리,555,276,279,0,0,0,-555,-276,-279
4580039022,2024-01-31,전라북도,부안군,상서면,가오리,453,230,223,0,0,0,-453,-230,-223
4580039023,2024-01-31,전라북도,부안군,상서면,고잔리,153,73,80,0,0,0,-153,-73,-80
4580039024,2024-01-31,전라북도,부안군,상서면,용서리,202,95,107,0,0,0,-202,-95,-107
4580039025,2024-01-31,전라북도,부안군,상서면,장동리,231,110,121,0,0,0,-231,-110,-121
4580039026,2024-01-31,전라북도,부안군,상서면,통정리,248,116,132,0,0,0,-248,-116,-132
4580039027,2024-01-31,전라북도,부안군,상서면,청림리,234,131,103,0,0,0,-234,-131,-103
4580040021,2024-01-31,전라북도,부안군,하서면,청호리,388,190,198,0,0,0,-388,-190,-198
4580040022,2024-01-31,전라북도,부안군,하서면,언독리,288,141,147,0,0,0,-288,-141,-147
4580040023,2024-01-31,전라북도,부안군,하서면,석상리,434,209,225,0,0,0,-434,-209,-225
4580040024,2024-01-31,전라북도,부안군,하서면,백련리,698,335,363,0,0,0,-698,-335,-363
4580040025,2024-01-31,전라북도,부안군,하서면,장신리,670,334,336,0,0,0,-670,-334,-336
4580041021,2024-01-31,전라북도,부안군,줄포면,줄포리,1210,594,616,0,0,0,-1210,-594,-616
4580041022,2024-01-31,전라북도,부안군,줄포면,장동리,279,142,137,0,0,0,-279,-142,-137
4580041023,2024-01-31,전라북도,부안군,줄포면,우포리,210,101,109,0,0,0,-210,-101,-109
4580041024,2024-01-31,전라북도,부안군,줄포면,신리,183,89,94,0,0,0,-183,-89,-94
4580041025,2024-01-31,전라북도,부안군,줄포면,난산리,181,85,96,0,0,0,-181,-85,-96
4580041026,2024-01-31,전라북도,부안군,줄포면,파산리,210,110,100,0,0,0,-210,-110,-100
4580041027,2024-01-31,전라북도,부안군,줄포면,대동리,198,100,98,0,0,0,-198,-100,-98
4580042021,2024-01-31,전라북도,부안군,위도면,진리,437,240,197,0,0,0,-437,-240,-197
4580042022,2024-01-31,전라북도,부안군,위도면,정금리,5,3,2,0,0,0,-5,-3,-2
4580042023,2024-01-31,전라북도,부안군,위도면,치도리,218,112,106,0,0,0,-218,-112,-106
4580042024,2024-01-31,전라북도,부안군,위도면,대리,209,102,107,0,0,0,-209,-102,-107
4580042025,2024-01-31,전라북도,부안군,위도면,거륜리,9,9,0,0,0,0,-9,-9,0
4580042026,2024-01-31,전라북도,부안군,위도면,식도리,146,84,62,0,0,0,-146,-84,-62
4580042027,2024-01-31,전라북도,부안군,위도면,상왕등리,50,33,17,0,0,0,-50,-33,-17
4580042028,2024-01-31,전라북도,부안군,위도면,하왕등리,22,17,5,0,0,0,-22,-17,-5
4611010100,2024-01-31,전라남도,목포시,용당동,용당동,12533,6318,6215,12477,6284,6193,-56,-34,-22
4611010200,2024-01-31,전라남도,목포시,산정동,산정동,41405,20542,20863,41280,20476,20804,-125,-66,-59
4611010300,2024-01-31,전라남도,목포시,연산동,연산동,13061,6331,6730,13039,6311,6728,-22,-20,-2
4611010400,2024-01-31,전라남도,목포시,대성동,대성동,3919,1933,1986,3899,1926,1973,-20,-7,-13
4611010500,2024-01-31,전라남도,목포시,양동,양동,1334,646,688,1318,637,681,-16,-9,-7
4611010600,2024-01-31,전라남도,목포시,북교동,북교동,871,421,450,875,422,453,4,1,3
4611010700,2024-01-31,전라남도,목포시,남교동,남교동,1343,709,634,1327,700,627,-16,-9,-7
4611010800,2024-01-31,전라남도,목포시,호남동,호남동,960,528,432,957,529,428,-3,1,-4
4611010900,2024-01-31,전라남도,목포시,대안동,대안동,152,68,84,152,69,83,0,1,-1
4611011000,2024-01-31,전라남도,목포시,창평동,창평동,175,103,72,178,106,72,3,3,0
4611011100,2024-01-31,전라남도,목포시,명륜동,명륜동,56,33,23,53,31,22,-3,-2,-1
4611011200,2024-01-31,전라남도,목포시,죽동,죽동,626,312,314,619,309,310,-7,-3,-4
4611011300,2024-01-31,전라남도,목포시,무안동,무안동,221,114,107,220,113,107,-1,-1,0
4611011400,2024-01-31,전라남도,목포시,측후동,측후동,182,81,101,183,81,102,1,0,1
4611011500,2024-01-31,전라남도,목포시,상락동1가,상락동1가,86,59,27,84,58,26,-2,-1,-1
4611011600,2024-01-31,전라남도,목포시,상락동2가,상락동2가,145,90,55,144,89,55,-1,-1,0
4611011700,2024-01-31,전라남도,목포시,복만동,복만동,65,31,34,65,31,34,0,0,0
4611011800,2024-01-31,전라남도,목포시,동명동,동명동,759,421,338,754,422,332,-5,1,-6
4611011900,2024-01-31,전라남도,목포시,광동1가,광동1가,26,10,16,26,11,15,0,1,-1
4611012000,2024-01-31,전라남도,목포시,광동2가,광동2가,104,47,57,104,47,57,0,0,0
4611012100,2024-01-31,전라남도,목포시,광동3가,광동3가,39,24,15,38,23,15,-1,-1,0
4611012200,2024-01-31,전라남도,목포시,영해동1가,영해동1가,86,44,42,86,44,42,0,0,0
4611012300,2024-01-31,전라남도,목포시,영해동2가,영해동2가,61,34,27,63,34,29,2,0,2
4611012400,2024-01-31,전라남도,목포시,행복동1가,행복동1가,118,66,52,114,63,51,-4,-3,-1
4611012500,2024-01-31,전라남도,목포시,행복동2가,행복동2가,72,28,44,79,32,47,7,4,3
4611012600,2024-01-31,전라남도,목포시,축복동1가,축복동1가,98,56,42,102,60,42,4,4,0
4611012700,2024-01-31,전라남도,목포시,축복동2가,축복동2가,56,35,21,58,37,21,2,2,0
4611012800,2024-01-31,전라남도,목포시,축복동3가,축복동3가,48,33,15,46,31,15,-2,-2,0
4611012900,2024-01-31,전라남도,목포시,보광동1가,보광동1가,43,28,15,43,28,15,0,0,0
4611013000,2024-01-31,전라남도,목포시,보광동2가,보광동2가,76,52,24,78,53,25,2,1,1
4611013100,2024-01-31,전라남도,목포시,보광동3가,보광동3가,90,65,25,92,67,25,2,2,0
4611013200,2024-01-31,전라남도,목포시,유달동,유달동,49,25,24,49,25,24,0,0,0
4611013300,2024-01-31,전라남도,목포시,대의동1가,대의동1가,34,18,16,35,18,17,1,0,1
4611013400,2024-01-31,전라남도,목포시,대의동2가,대의동2가,132,65,67,129,63,66,-3,-2,-1
4611013500,2024-01-31,전라남도,목포시,대의동3가,대의동3가,57,28,29,57,28,29,0,0,0
4611013600,2024-01-31,전라남도,목포시,중앙동1가,중앙동1가,48,21,27,48,21,27,0,0,0
4611013700,2024-01-31,전라남도,목포시,중앙동2가,중앙동2가,79,41,38,80,42,38,1,1,0
4611013800,2024-01-31,전라남도,목포시,중앙동3가,중앙동3가,48,26,22,47,25,22,-1,-1,0
4611013900,2024-01-31,전라남도,목포시,만호동,만호동,177,101,76,174,99,75,-3,-2,-1
4611014000,2024-01-31,전라남도,목포시,수강동1가,수강동1가,66,35,31,68,37,31,2,2,0
4611014100,2024-01-31,전라남도,목포시,수강동2가,수강동2가,60,27,33,60,27,33,0,0,0
4611014200,2024-01-31,전라남도,목포시,해안동1가,해안동1가,53,30,23,51,28,23,-2,-2,0
4611014300,2024-01-31,전라남도,목포시,해안동2가,해안동2가,39,24,15,39,24,15,0,0,0
4611014400,2024-01-31,전라남도,목포시,해안동3가,해안동3가,23,13,10,23,13,10,0,0,0
4611014500,2024-01-31,전라남도,목포시,해안동4가,해안동4가,516,255,261,512,251,261,-4,-4,0
4611014600,2024-01-31,전라남도,목포시,항동,항동,222,108,114,218,106,112,-4,-2,-2
4611014700,2024-01-31,전라남도,목포시,중동1가,중동1가,68,34,34,65,32,33,-3,-2,-1
4611014800,2024-01-31,전라남도,목포시,중동2가,중동2가,72,41,31,74,42,32,2,1,1
4611014900,2024-01-31,전라남도,목포시,유동,유동,93,45,48,94,46,48,1,1,0
4611015000,2024-01-31,전라남도,목포시,금동1가,금동1가,53,29,24,49,28,21,-4,-1,-3
4611015100,2024-01-31,전라남도,목포시,금동2가,금동2가,51,24,27,51,24,27,0,0,0
4611015200,2024-01-31,전라남도,목포시,경동1가,경동1가,102,42,60,101,41,60,-1,-1,0
4611015300,2024-01-31,전라남도,목포시,경동2가,경동2가,23,11,12,22,10,12,-1,-1,0
4611015400,2024-01-31,전라남도,목포시,서산동,서산동,975,511,464,970,511,459,-5,0,-5
4611015500,2024-01-31,전라남도,목포시,금화동,금화동,303,165,138,298,160,138,-5,-5,0
4611015600,2024-01-31,전라남도,목포시,온금동,온금동,620,312,308,618,311,307,-2,-1,-1
4611015700,2024-01-31,전라남도,목포시,죽교동,죽교동,5806,2955,2851,5797,2950,2847,-9,-5,-4
4611015800,2024-01-31,전라남도,목포시,상동,상동,34280,17240,17040,34198,17198,17000,-82,-42,-40
4611015900,2024-01-31,전라남도,목포시,용해동,용해동,26781,13147,13634,26681,13100,13581,-100,-47,-53
4611016000,2024-01-31,전라남도,목포시,석현동,석현동,18141,8863,9278,18620,9085,9535,479,222,257
4611016100,2024-01-31,전라남도,목포시,달동,달동,979,549,430,986,555,431,7,6,1
4611016200,2024-01-31,전라남도,목포시,율도동,율도동,190,111,79,188,110,78,-2,-1,-1
4611016300,2024-01-31,전라남도,목포시,대양동,대양동,3382,1704,1678,3362,1687,1675,-20,-17,-3
4611016400,2024-01-31,전라남도,목포시,옥암동,옥암동,41824,20554,21270,41666,20489,21177,-158,-65,-93
4613010100,2024-01-31,전라남도,여수시,종화동,종화동,1105,548,557,1093,541,552,-12,-7,-5
4613010200,2024-01-31,전라남도,여수시,수정동,수정동,1006,496,510,1011,498,513,5,2,3
4613010300,2024-01-31,전라남도,여수시,공화동,공화동,1754,869,885,1748,862,886,-6,-7,1
4613010400,2024-01-31,전라남도,여수시,관문동,관문동,2200,1103,1097,2185,1096,1089,-15,-7,-8
4613010500,2024-01-31,전라남도,여수시,고소동,고소동,2012,988,1024,2001,979,1022,-11,-9,-2
4613010600,2024-01-31,전라남도,여수시,동산동,동산동,858,435,423,853,434,419,-5,-1,-4
4613010700,2024-01-31,전라남도,여수시,중앙동,중앙동,619,329,290,622,329,293,3,0,3
4613010800,2024-01-31,전라남도,여수시,교동,교동,1242,611,631,1237,608,629,-5,-3,-2
4613010900,2024-01-31,전라남도,여수시,군자동,군자동,521,268,253,507,261,246,-14,-7,-7
4613011000,2024-01-31,전라남도,여수시,충무동,충무동,958,465,493,951,459,492,-7,-6,-1
4613011100,2024-01-31,전라남도,여수시,연등동,연등동,2084,1072,1012,2075,1069,1006,-9,-3,-6
4613011200,2024-01-31,전라남도,여수시,광무동,광무동,3222,1632,1590,3225,1634,1591,3,2,1
4613011300,2024-01-31,전라남도,여수시,서교동,서교동,1642,787,855,1666,795,871,24,8,16
4613011400,2024-01-31,전라남도,여수시,봉강동,봉강동,2167,1094,1073,2158,1091,1067,-9,-3,-6
4613011500,2024-01-31,전라남도,여수시,봉산동,봉산동,3532,1813,1719,3523,1810,1713,-9,-3,-6
4613011600,2024-01-31,전라남도,여수시,남산동,남산동,1207,571,636,1206,572,634,-1,1,-2
4613011700,2024-01-31,전라남도,여수시,국동,국동,10410,5214,5196,10408,5221,5187,-2,7,-9
4613011800,2024-01-31,전라남도,여수시,신월동,신월동,6549,3245,3304,6562,3248,3314,13,3,10
4613011900,2024-01-31,전라남도,여수시,여서동,여서동,16493,8083,8410,16456,8064,8392,-37,-19,-18
4613012000,2024-01-31,전라남도,여수시,문수동,문수동,19274,9704,9570,19241,9689,9552,-33,-15,-18
4613012100,2024-01-31,전라남도,여수시,오림동,오림동,2299,1250,1049,2302,1253,1049,3,3,0
4613012200,2024-01-31,전라남도,여수시,미평동,미평동,11289,6065,5224,11263,6046,5217,-26,-19,-7
4613012300,2024-01-31,전라남도,여수시,둔덕동,둔덕동,9571,4830,4741,9573,4821,4752,2,-9,11
4613012400,2024-01-31,전라남도,여수시,오천동,오천동,380,202,178,378,201,177,-2,-1,-1
4613012500,2024-01-31,전라남도,여수시,만흥동,만흥동,783,399,384,784,398,386,1,-1,2
4613012600,2024-01-31,전라남도,여수시,덕충동,덕충동,9077,4566,4511,9077,4557,4520,0,-9,9
4613012700,2024-01-31,전라남도,여수시,경호동,경호동,638,328,310,633,328,305,-5,0,-5
4613012800,2024-01-31,전라남도,여수시,학동,학동,12621,6521,6100,12640,6533,6107,19,12,7
4613012900,2024-01-31,전라남도,여수시,학용동,학용동,23,11,12,22,11,11,-1,0,-1
4613013000,2024-01-31,전라남도,여수시,안산동,안산동,8092,4138,3954,8094,4137,3957,2,-1,3
4613013100,2024-01-31,전라남도,여수시,소호동,소호동,11049,5587,5462,10994,5547,5447,-55,-40,-15
4613013200,2024-01-31,전라남도,여수시,시전동,시전동,1337,656,681,1333,655,678,-4,-1,-3
4613013300,2024-01-31,전라남도,여수시,신기동,신기동,12330,6218,6112,12335,6218,6117,5,0,5
4613013400,2024-01-31,전라남도,여수시,웅천동,웅천동,29627,14818,14809,29671,14834,14837,44,16,28
4613013500,2024-01-31,전라남도,여수시,선원동,선원동,10044,5234,4810,10014,5229,4785,-30,-5,-25
4613013600,2024-01-31,전라남도,여수시,여천동,여천동,238,130,108,237,130,107,-1,0,-1
4613013700,2024-01-31,전라남도,여수시,화장동,화장동,9519,5155,4364,9497,5138,4359,-22,-17,-5
4613013800,2024-01-31,전라남도,여수시,주삼동,주삼동,544,340,204,547,342,205,3,2,1
4613013900,2024-01-31,전라남도,여수시,봉계동,봉계동,6942,3514,3428,6944,3516,3428,2,2,0
4613014000,2024-01-31,전라남도,여수시,해산동,해산동,290,149,141,295,153,142,5,4,1
4613014100,2024-01-31,전라남도,여수시,화치동,화치동,9,7,2,9,7,2,0,0,0
4613014200,2024-01-31,전라남도,여수시,월하동,월하동,13,10,3,13,10,3,0,0,0
4613014300,2024-01-31,전라남도,여수시,평여동,평여동,1,1,0,1,1,0,0,0,0
4613014400,2024-01-31,전라남도,여수시,중흥동,중흥동,22,18,4,20,16,4,-2,-2,0
4613014500,2024-01-31,전라남도,여수시,적량동,적량동,1,1,0,1,1,0,0,0,0
4613014600,2024-01-31,전라남도,여수시,월내동,월내동,49,38,11,49,38,11,0,0,0
4613014700,2024-01-31,전라남도,여수시,묘도동,묘도동,1115,577,538,1107,573,534,-8,-4,-4
4613014800,2024-01-31,전라남도,여수시,낙포동,낙포동,4,3,1,4,3,1,0,0,0
4613014900,2024-01-31,전라남도,여수시,신덕동,신덕동,453,236,217,449,234,215,-4,-2,-2
4613015000,2024-01-31,전라남도,여수시,상암동,상암동,897,490,407,892,486,406,-5,-4,-1
4613015100,2024-01-31,전라남도,여수시,호명동,호명동,644,349,295,647,351,296,3,2,1
4613025000,2024-01-31,전라남도,여수시,돌산읍,돌산읍,6,3,3,0,0,0,-6,-3,-3
4613025021,2024-01-31,전라남도,여수시,돌산읍,군내리,742,378,364,744,381,363,2,3,-1
4613025022,2024-01-31,전라남도,여수시,돌산읍,신복리,593,311,282,594,313,281,1,2,-1
4613025023,2024-01-31,전라남도,여수시,돌산읍,금성리,406,198,208,408,199,209,2,1,1
4613025024,2024-01-31,전라남도,여수시,돌산읍,율림리,429,218,211,426,214,212,-3,-4,1
4613025025,2024-01-31,전라남도,여수시,돌산읍,죽포리,690,333,357,687,331,356,-3,-2,-1
4613025026,2024-01-31,전라남도,여수시,돌산읍,서덕리,259,119,140,262,122,140,3,3,0
4613025027,2024-01-31,전라남도,여수시,돌산읍,금봉리,686,356,330,677,349,328,-9,-7,-2
4613025028,2024-01-31,전라남도,여수시,돌산읍,둔전리,449,208,241,448,208,240,-1,0,-1
4613025029,2024-01-31,전라남도,여수시,돌산읍,평사리,1567,816,751,1560,810,750,-7,-6,-1
4613025030,2024-01-31,전라남도,여수시,돌산읍,우두리,6505,3400,3105,6507,3403,3104,2,3,-1
4613031021,2024-01-31,전라남도,여수시,소라면,덕양리,1999,1002,997,1991,1000,991,-8,-2,-6
4613031022,2024-01-31,전라남도,여수시,소라면,죽림리,15671,7914,7757,15659,7920,7739,-12,6,-18
4613031023,2024-01-31,전라남도,여수시,소라면,관기리,639,340,299,637,341,296,-2,1,-3
4613031024,2024-01-31,전라남도,여수시,소라면,현천리,664,346,318,660,343,317,-4,-3,-1
4613031025,2024-01-31,전라남도,여수시,소라면,복산리,930,480,450,932,482,450,2,2,0
4613031026,2024-01-31,전라남도,여수시,소라면,사곡리,660,354,306,663,356,307,3,2,1
4613031027,2024-01-31,전라남도,여수시,소라면,봉두리,390,201,189,391,202,189,1,1,0
4613031028,2024-01-31,전라남도,여수시,소라면,대포리,891,457,434,890,457,433,-1,0,-1
4613032021,2024-01-31,전라남도,여수시,율촌면,조화리,1185,632,553,1185,631,554,0,-1,1
4613032022,2024-01-31,전라남도,여수시,율촌면,월산리,1344,697,647,1330,688,642,-14,-9,-5
4613032023,2024-01-31,전라남도,여수시,율촌면,산수리,404,217,187,402,216,186,-2,-1,-1
4613032024,2024-01-31,전라남도,여수시,율촌면,가장리,409,205,204,411,205,206,2,0,2
4613032025,2024-01-31,전라남도,여수시,율촌면,봉전리,246,133,113,246,134,112,0,1,-1
4613032026,2024-01-31,전라남도,여수시,율촌면,반월리,163,80,83,161,79,82,-2,-1,-1
4613032027,2024-01-31,전라남도,여수시,율촌면,취적리,603,299,304,600,297,303,-3,-2,-1
4613032028,2024-01-31,전라남도,여수시,율촌면,신풍리,964,462,502,966,464,502,2,2,0
4613032029,2024-01-31,전라남도,여수시,율촌면,상봉리,252,137,115,249,135,114,-3,-2,-1
4613032030,2024-01-31,전라남도,여수시,율촌면,여동리,309,168,141,312,167,145,3,-1,4
4613033021,2024-01-31,전라남도,여수시,화양면,나진리,654,335,319,654,334,320,0,-1,1
4613033022,2024-01-31,전라남도,여수시,화양면,용주리,886,460,426,884,458,426,-2,-2,0
4613033023,2024-01-31,전라남도,여수시,화양면,창무리,578,292,286,577,293,284,-1,1,-2
4613033024,2024-01-31,전라남도,여수시,화양면,이천리,552,303,249,551,301,250,-1,-2,1
4613033025,2024-01-31,전라남도,여수시,화양면,옥적리,530,269,261,518,260,258,-12,-9,-3
4613033026,2024-01-31,전라남도,여수시,화양면,화동리,447,235,212,446,232,214,-1,-3,2
4613033027,2024-01-31,전라남도,여수시,화양면,서촌리,389,199,190,396,204,192,7,5,2
4613033028,2024-01-31,전라남도,여수시,화양면,이목리,621,322,299,624,324,300,3,2,1
4613033029,2024-01-31,전라남도,여수시,화양면,장수리,542,268,274,540,269,271,-2,1,-3
4613033030,2024-01-31,전라남도,여수시,화양면,안포리,941,496,445,943,498,445,2,2,0
4613034021,2024-01-31,전라남도,여수시,남면,우학리,454,233,221,452,233,219,-2,0,-2
4613034022,2024-01-31,전라남도,여수시,남면,심장리,330,166,164,329,166,163,-1,0,-1
4613034023,2024-01-31,전라남도,여수시,남면,두모리,214,111,103,213,110,103,-1,-1,0
4613034024,2024-01-31,전라남도,여수시,남면,유송리,362,186,176,360,186,174,-2,0,-2
4613034025,2024-01-31,전라남도,여수시,남면,안도리,337,184,153,339,186,153,2,2,0
4613034026,2024-01-31,전라남도,여수시,남면,연도리,411,210,201,409,212,197,-2,2,-4
4613034027,2024-01-31,전라남도,여수시,남면,두라리,176,90,86,175,89,86,-1,-1,0
4613034028,2024-01-31,전라남도,여수시,남면,화태리,304,157,147,296,153,143,-8,-4,-4
4613034029,2024-01-31,전라남도,여수시,남면,횡간리,110,56,54,110,57,53,0,1,-1
4613035021,2024-01-31,전라남도,여수시,화정면,백야리,382,186,196,375,183,192,-7,-3,-4
4613035022,2024-01-31,전라남도,여수시,화정면,월호리,166,86,80,167,85,82,1,-1,2
4613035023,2024-01-31,전라남도,여수시,화정면,개도리,600,306,294,599,306,293,-1,0,-1
4613035024,2024-01-31,전라남도,여수시,화정면,제도리,73,37,36,73,37,36,0,0,0
4613035025,2024-01-31,전라남도,여수시,화정면,상화리,69,40,29,70,40,30,1,0,1
4613035026,2024-01-31,전라남도,여수시,화정면,하화리,56,32,24,56,32,24,0,0,0
4613035027,2024-01-31,전라남도,여수시,화정면,낭도리,298,143,155,299,144,155,1,1,0
4613035028,2024-01-31,전라남도,여수시,화정면,조발리,72,35,37,71,34,37,-1,-1,0
4613035029,2024-01-31,전라남도,여수시,화정면,적금리,109,55,54,111,57,54,2,2,0
4613035030,2024-01-31,전라남도,여수시,화정면,여자리,234,120,114,234,121,113,0,1,-1
4613036021,2024-01-31,전라남도,여수시,삼산면,거문리,485,283,202,488,285,203,3,2,1
4613036022,2024-01-31,전라남도,여수시,삼산면,덕촌리,258,149,109,257,149,108,-1,0,-1
4613036023,2024-01-31,전라남도,여수시,삼산면,서도리,338,189,149,340,190,150,2,1,1
4613036024,2024-01-31,전라남도,여수시,삼산면,동도리,246,119,127,246,118,128,0,-1,1
4613036025,2024-01-31,전라남도,여수시,삼산면,초도리,365,200,165,365,200,165,0,0,0
4613036026,2024-01-31,전라남도,여수시,삼산면,손죽리,296,170,126,295,169,126,-1,-1,0
4615010100,2024-01-31,전라남도,순천시,삼거동,삼거동,111,53,58,110,53,57,-1,0,-1
4615010200,2024-01-31,전라남도,순천시,와룡동,와룡동,316,155,161,315,155,160,-1,0,-1
4615010300,2024-01-31,전라남도,순천시,영동,영동,202,86,116,200,85,115,-2,-1,-1
4615010400,2024-01-31,전라남도,순천시,옥천동,옥천동,1457,724,733,1454,724,730,-3,0,-3
4615010500,2024-01-31,전라남도,순천시,행동,행동,462,220,242,457,218,239,-5,-2,-3
4615010600,2024-01-31,전라남도,순천시,금곡동,금곡동,732,362,370,728,360,368,-4,-2,-2
4615010700,2024-01-31,전라남도,순천시,매곡동,매곡동,6472,3169,3303,6432,3140,3292,-40,-29,-11
4615010800,2024-01-31,전라남도,순천시,석현동,석현동,4982,2510,2472,4923,2496,2427,-59,-14,-45
4615010900,2024-01-31,전라남도,순천시,가곡동,가곡동,8733,4330,4403,8726,4331,4395,-7,1,-8
4615011000,2024-01-31,전라남도,순천시,용당동,용당동,15495,7563,7932,15520,7564,7956,25,1,24
4615011100,2024-01-31,전라남도,순천시,조곡동,조곡동,7227,3608,3619,7242,3618,3624,15,10,5
4615011200,2024-01-31,전라남도,순천시,생목동,생목동,4014,1995,2019,3988,1984,2004,-26,-11,-15
4615011300,2024-01-31,전라남도,순천시,덕암동,덕암동,2604,1321,1283,2589,1307,1282,-15,-14,-1
4615011400,2024-01-31,전라남도,순천시,연향동,연향동,34552,17136,17416,34508,17121,17387,-44,-15,-29
4615011500,2024-01-31,전라남도,순천시,풍덕동,풍덕동,7011,3499,3512,6964,3473,3491,-47,-26,-21
4615011600,2024-01-31,전라남도,순천시,남정동,남정동,4852,2474,2378,4841,2470,2371,-11,-4,-7
4615011700,2024-01-31,전라남도,순천시,인제동,인제동,3096,1563,1533,3090,1559,1531,-6,-4,-2
4615011800,2024-01-31,전라남도,순천시,저전동,저전동,2608,1272,1336,2583,1262,1321,-25,-10,-15
4615011900,2024-01-31,전라남도,순천시,장천동,장천동,1940,1035,905,1933,1030,903,-7,-5,-2
4615012000,2024-01-31,전라남도,순천시,남내동,남내동,170,85,85,171,86,85,1,1,0
4615012100,2024-01-31,전라남도,순천시,중앙동,중앙동,151,78,73,151,80,71,0,2,-2
4615012200,2024-01-31,전라남도,순천시,동외동,동외동,2337,1202,1135,2334,1198,1136,-3,-4,1
4615012300,2024-01-31,전라남도,순천시,교량동,교량동,335,176,159,335,176,159,0,0,0
4615012400,2024-01-31,전라남도,순천시,대룡동,대룡동,410,208,202,407,209,198,-3,1,-4
4615012500,2024-01-31,전라남도,순천시,홍내동,홍내동,327,160,167,324,159,165,-3,-1,-2
4615012600,2024-01-31,전라남도,순천시,오천동,오천동,10332,5069,5263,10338,5059,5279,6,-10,16
4615012700,2024-01-31,전라남도,순천시,덕월동,덕월동,4397,2290,2107,4357,2272,2085,-40,-18,-22
4615012800,2024-01-31,전라남도,순천시,야흥동,야흥동,192,99,93,193,100,93,1,1,0
4615012900,2024-01-31,전라남도,순천시,인월동,인월동,367,181,186,365,181,184,-2,0,-2
4615013000,2024-01-31,전라남도,순천시,안풍동,안풍동,371,176,195,371,175,196,0,-1,1
4615013100,2024-01-31,전라남도,순천시,대대동,대대동,651,325,326,649,324,325,-2,-1,-1
4615013200,2024-01-31,전라남도,순천시,왕지동,왕지동,8203,4028,4175,8187,4016,4171,-16,-12,-4
4615013300,2024-01-31,전라남도,순천시,조례동,조례동,48296,23896,24400,48540,24035,24505,244,139,105
4615025021,2024-01-31,전라남도,순천시,승주읍,두월리,98,50,48,99,51,48,1,1,0
4615025022,2024-01-31,전라남도,순천시,승주읍,신전리,130,62,68,130,62,68,0,0,0
4615025023,2024-01-31,전라남도,순천시,승주읍,유흥리,163,85,78,163,86,77,0,1,-1
4615025024,2024-01-31,전라남도,순천시,승주읍,봉덕리,116,52,64,114,52,62,-2,0,-2
4615025025,2024-01-31,전라남도,순천시,승주읍,평중리,301,150,151,301,151,150,0,1,-1
4615025026,2024-01-31,전라남도,순천시,승주읍,구강리,198,97,101,199,98,101,1,1,0
4615025027,2024-01-31,전라남도,순천시,승주읍,도정리,285,151,134,283,150,133,-2,-1,-1
4615025028,2024-01-31,전라남도,순천시,승주읍,월계리,304,144,160,304,145,159,0,1,-1
4615025029,2024-01-31,전라남도,순천시,승주읍,서평리,312,158,154,313,158,155,1,0,1
4615025030,2024-01-31,전라남도,순천시,승주읍,신성리,167,69,98,167,69,98,0,0,0
4615025031,2024-01-31,전라남도,순천시,승주읍,신학리,79,40,39,78,39,39,-1,-1,0
4615025032,2024-01-31,전라남도,순천시,승주읍,죽학리,242,124,118,241,125,116,-1,1,-2
4615025033,2024-01-31,전라남도,순천시,승주읍,유평리,23,11,12,23,11,12,0,0,0
4615025034,2024-01-31,전라남도,순천시,승주읍,남강리,85,43,42,85,43,42,0,0,0
4615031021,2024-01-31,전라남도,순천시,해룡면,복성리,2840,1462,1378,2838,1455,1383,-2,-7,5
4615031022,2024-01-31,전라남도,순천시,해룡면,신대리,33072,16796,16276,33082,16798,16284,10,2,8
4615031023,2024-01-31,전라남도,순천시,해룡면,상삼리,16045,7910,8135,15991,7891,8100,-54,-19,-35
4615031024,2024-01-31,전라남도,순천시,해룡면,대안리,518,271,247,525,271,254,7,0,7
4615031025,2024-01-31,전라남도,순천시,해룡면,남가리,419,206,213,416,205,211,-3,-1,-2
4615031026,2024-01-31,전라남도,순천시,해룡면,월전리,420,209,211,424,210,214,4,1,3
4615031027,2024-01-31,전라남도,순천시,해룡면,성산리,239,121,118,236,119,117,-3,-2,-1
4615031028,2024-01-31,전라남도,순천시,해룡면,선월리,201,105,96,198,102,96,-3,-3,0
4615031029,2024-01-31,전라남도,순천시,해룡면,신성리,334,186,148,332,187,145,-2,1,-3
4615031030,2024-01-31,전라남도,순천시,해룡면,호두리,527,284,243,525,284,241,-2,0,-2
4615031031,2024-01-31,전라남도,순천시,해룡면,용전리,164,92,72,161,92,69,-3,0,-3
4615031032,2024-01-31,전라남도,순천시,해룡면,도롱리,132,61,71,128,61,67,-4,0,-4
4615031033,2024-01-31,전라남도,순천시,해룡면,중흥리,132,64,68,132,65,67,0,1,-1
4615031034,2024-01-31,전라남도,순천시,해룡면,해창리,121,60,61,120,59,61,-1,-1,0
4615031035,2024-01-31,전라남도,순천시,해룡면,선학리,267,131,136,261,127,134,-6,-4,-2
4615031036,2024-01-31,전라남도,순천시,해룡면,농주리,207,101,106,203,98,105,-4,-3,-1
4615031037,2024-01-31,전라남도,순천시,해룡면,상내리,370,198,172,371,198,173,1,0,1
4615031038,2024-01-31,전라남도,순천시,해룡면,하사리,200,100,100,199,99,100,-1,-1,0
4615032021,2024-01-31,전라남도,순천시,서면,학구리,316,162,154,318,165,153,2,3,-1
4615032022,2024-01-31,전라남도,순천시,서면,대구리,200,88,112,200,88,112,0,0,0
4615032023,2024-01-31,전라남도,순천시,서면,구만리,278,132,146,277,132,145,-1,0,-1
4615032024,2024-01-31,전라남도,순천시,서면,비월리,167,80,87,166,79,87,-1,-1,0
4615032025,2024-01-31,전라남도,순천시,서면,동산리,720,367,353,717,367,350,-3,0,-3
4615032026,2024-01-31,전라남도,순천시,서면,운평리,513,257,256,512,257,255,-1,0,-1
4615032027,2024-01-31,전라남도,순천시,서면,죽평리,287,156,131,284,154,130,-3,-2,-1
4615032028,2024-01-31,전라남도,순천시,서면,선평리,10784,5466,5318,10788,5467,5321,4,1,3
4615032029,2024-01-31,전라남도,순천시,서면,압곡리,635,329,306,626,323,303,-9,-6,-3
4615032030,2024-01-31,전라남도,순천시,서면,구상리,158,90,68,157,89,68,-1,-1,0
4615032031,2024-01-31,전라남도,순천시,서면,흥대리,178,90,88,174,89,85,-4,-1,-3
4615032032,2024-01-31,전라남도,순천시,서면,지본리,704,342,362,703,343,360,-1,1,-2
4615032033,2024-01-31,전라남도,순천시,서면,판교리,287,133,154,287,133,154,0,0,0
4615032034,2024-01-31,전라남도,순천시,서면,청소리,205,115,90,206,114,92,1,-1,2
4615033021,2024-01-31,전라남도,순천시,황전면,죽청리,141,77,64,143,78,65,2,1,1
4615033022,2024-01-31,전라남도,순천시,황전면,평촌리,135,71,64,132,68,64,-3,-3,0
4615033023,2024-01-31,전라남도,순천시,황전면,수평리,192,98,94,188,96,92,-4,-2,-2
4615033024,2024-01-31,전라남도,순천시,황전면,괴목리,262,142,120,257,137,120,-5,-5,0
4615033025,2024-01-31,전라남도,순천시,황전면,죽내리,147,82,65,146,81,65,-1,-1,0
4615033026,2024-01-31,전라남도,순천시,황전면,황학리,162,80,82,161,79,82,-1,-1,0
4615033027,2024-01-31,전라남도,순천시,황전면,월산리,136,72,64,136,72,64,0,0,0
4615033028,2024-01-31,전라남도,순천시,황전면,내구리,99,55,44,99,55,44,0,0,0
4615033029,2024-01-31,전라남도,순천시,황전면,봉덕리,108,57,51,110,58,52,2,1,1
4615033030,2024-01-31,전라남도,순천시,황전면,선변리,333,161,172,331,161,170,-2,0,-2
4615033031,2024-01-31,전라남도,순천시,황전면,비촌리,305,152,153,303,150,153,-2,-2,0
4615033032,2024-01-31,전라남도,순천시,황전면,금평리,85,39,46,85,39,46,0,0,0
4615033033,2024-01-31,전라남도,순천시,황전면,대치리,126,67,59,124,65,59,-2,-2,0
4615033034,2024-01-31,전라남도,순천시,황전면,모전리,95,51,44,95,51,44,0,0,0
4615033035,2024-01-31,전라남도,순천시,황전면,회룡리,243,117,126,245,116,129,2,-1,3
4615033036,2024-01-31,전라남도,순천시,황전면,덕림리,173,92,81,172,91,81,-1,-1,0
4615034021,2024-01-31,전라남도,순천시,월등면,대평리,228,111,117,231,113,118,3,2,1
4615034022,2024-01-31,전라남도,순천시,월등면,농선리,254,133,121,252,131,121,-2,-2,0
4615034023,2024-01-31,전라남도,순천시,월등면,월용리,170,74,96,171,75,96,1,1,0
4615034024,2024-01-31,전라남도,순천시,월등면,신월리,171,85,86,172,86,86,1,1,0
4615034025,2024-01-31,전라남도,순천시,월등면,운월리,104,47,57,103,47,56,-1,0,-1
4615034026,2024-01-31,전라남도,순천시,월등면,갈평리,112,54,58,110,53,57,-2,-1,-1
4615034027,2024-01-31,전라남도,순천시,월등면,송천리,155,76,79,156,76,80,1,0,1
4615034028,2024-01-31,전라남도,순천시,월등면,망용리,131,58,73,131,58,73,0,0,0
4615034029,2024-01-31,전라남도,순천시,월등면,계월리,243,124,119,243,122,121,0,-2,2
4615034030,2024-01-31,전라남도,순천시,월등면,월림리,107,47,60,107,47,60,0,0,0
4615035021,2024-01-31,전라남도,순천시,주암면,행정리,130,59,71,130,60,70,0,1,-1
4615035022,2024-01-31,전라남도,순천시,주암면,갈마리,118,60,58,118,60,58,0,0,0
4615035023,2024-01-31,전라남도,순천시,주암면,주암리,88,42,46,92,46,46,4,4,0
4615035024,2024-01-31,전라남도,순천시,주암면,오산리,174,84,90,176,86,90,2,2,0
4615035025,2024-01-31,전라남도,순천시,주암면,창촌리,192,91,101,189,88,101,-3,-3,0
4615035026,2024-01-31,전라남도,순천시,주암면,복다리,305,153,152,304,153,151,-1,0,-1
4615035028,2024-01-31,전라남도,순천시,주암면,요곡리,78,43,35,78,43,35,0,0,0
4615035029,2024-01-31,전라남도,순천시,주암면,구산리,263,134,129,261,133,128,-2,-1,-1
4615035030,2024-01-31,전라남도,순천시,주암면,죽림리,150,83,67,151,83,68,1,0,1
4615035031,2024-01-31,전라남도,순천시,주암면,고산리,115,60,55,116,61,55,1,1,0
4615035032,2024-01-31,전라남도,순천시,주암면,대광리,15,9,6,15,9,6,0,0,0
4615035033,2024-01-31,전라남도,순천시,주암면,광천리,350,183,167,349,183,166,-1,0,-1
4615035034,2024-01-31,전라남도,순천시,주암면,비룡리,93,49,44,94,49,45,1,0,1
4615035035,2024-01-31,전라남도,순천시,주암면,한곡리,152,75,77,154,76,78,2,1,1
4615035036,2024-01-31,전라남도,순천시,주암면,어왕리,92,51,41,92,51,41,0,0,0
4615035037,2024-01-31,전라남도,순천시,주암면,백록리,129,63,66,125,63,62,-4,0,-4
4615035038,2024-01-31,전라남도,순천시,주암면,대구리,82,42,40,82,42,40,0,0,0
4615035039,2024-01-31,전라남도,순천시,주암면,궁각리,149,74,75,150,74,76,1,0,1
4615035040,2024-01-31,전라남도,순천시,주암면,운룡리,159,77,82,159,78,81,0,1,-1
4615035041,2024-01-31,전라남도,순천시,주암면,문길리,95,47,48,98,48,50,3,1,2
4615036021,2024-01-31,전라남도,순천시,송광면,오봉리,29,12,17,29,12,17,0,0,0
4615036022,2024-01-31,전라남도,순천시,송광면,신흥리,48,26,22,48,26,22,0,0,0
4615036023,2024-01-31,전라남도,순천시,송광면,신평리,242,173,69,242,173,69,0,0,0
4615036025,2024-01-31,전라남도,순천시,송광면,삼청리,67,40,27,66,40,26,-1,0,-1
4615036026,2024-01-31,전라남도,순천시,송광면,후곡리,84,33,51,83,32,51,-1,-1,0
4615036027,2024-01-31,전라남도,순천시,송광면,월산리,9,6,3,9,6,3,0,0,0
4615036029,2024-01-31,전라남도,순천시,송광면,우산리,63,41,22,64,41,23,1,0,1
4615036030,2024-01-31,전라남도,순천시,송광면,덕산리,82,42,40,79,39,40,-3,-3,0
4615036031,2024-01-31,전라남도,순천시,송광면,봉산리,106,48,58,106,48,58,0,0,0
4615036032,2024-01-31,전라남도,순천시,송광면,이읍리,293,140,153,292,139,153,-1,-1,0
4615036033,2024-01-31,전라남도,순천시,송광면,장안리,245,119,126,245,119,126,0,0,0
4615036034,2024-01-31,전라남도,순천시,송광면,구룡리,86,45,41,86,45,41,0,0,0
4615036035,2024-01-31,전라남도,순천시,송광면,대흥리,53,25,28,52,25,27,-1,0,-1
4615037021,2024-01-31,전라남도,순천시,외서면,신덕리,115,54,61,115,54,61,0,0,0
4615037022,2024-01-31,전라남도,순천시,외서면,쌍율리,100,50,50,99,49,50,-1,-1,0
4615037023,2024-01-31,전라남도,순천시,외서면,금성리,107,54,53,107,54,53,0,0,0
4615037024,2024-01-31,전라남도,순천시,외서면,월암리,178,88,90,176,87,89,-2,-1,-1
4615037025,2024-01-31,전라남도,순천시,외서면,도신리,92,45,47,90,45,45,-2,0,-2
4615037026,2024-01-31,전라남도,순천시,외서면,반용리,55,29,26,56,29,27,1,0,1
4615037027,2024-01-31,전라남도,순천시,외서면,화전리,76,37,39,77,38,39,1,1,0
4615037028,2024-01-31,전라남도,순천시,외서면,장산리,68,37,31,68,36,32,0,-1,1
4615038021,2024-01-31,전라남도,순천시,낙안면,동내리,215,102,113,213,101,112,-2,-1,-1
4615038022,2024-01-31,전라남도,순천시,낙안면,남내리,93,50,43,94,50,44,1,0,1
4615038023,2024-01-31,전라남도,순천시,낙안면,서내리,108,54,54,105,52,53,-3,-2,-1
4615038024,2024-01-31,전라남도,순천시,낙안면,성북리,116,61,55,117,62,55,1,1,0
4615038025,2024-01-31,전라남도,순천시,낙안면,상송리,93,50,43,92,49,43,-1,-1,0
4615038026,2024-01-31,전라남도,순천시,낙안면,하송리,108,53,55,109,53,56,1,0,1
4615038027,2024-01-31,전라남도,순천시,낙안면,검암리,176,78,98,176,78,98,0,0,0
4615038028,2024-01-31,전라남도,순천시,낙안면,옥산리,95,41,54,94,41,53,-1,0,-1
4615038029,2024-01-31,전라남도,순천시,낙안면,평촌리,142,61,81,142,61,81,0,0,0
4615038030,2024-01-31,전라남도,순천시,낙안면,교촌리,225,114,111,224,114,110,-1,0,-1
4615038031,2024-01-31,전라남도,순천시,낙안면,신기리,230,107,123,227,106,121,-3,-1,-2
4615038032,2024-01-31,전라남도,순천시,낙안면,이곡리,289,144,145,290,142,148,1,-2,3
4615038033,2024-01-31,전라남도,순천시,낙안면,용능리,124,61,63,121,60,61,-3,-1,-2
4615038034,2024-01-31,전라남도,순천시,낙안면,내운리,280,128,152,278,127,151,-2,-1,-1
4615038035,2024-01-31,전라남도,순천시,낙안면,창녕리,222,116,106,220,114,106,-2,-2,0
4615038036,2024-01-31,전라남도,순천시,낙안면,금산리,123,61,62,124,62,62,1,1,0
4615038037,2024-01-31,전라남도,순천시,낙안면,평사리,75,36,39,75,36,39,0,0,0
4615038038,2024-01-31,전라남도,순천시,낙안면,목촌리,106,53,53,108,53,55,2,0,2
4615038039,2024-01-31,전라남도,순천시,낙안면,석흥리,140,67,73,140,68,72,0,1,-1
4615039021,2024-01-31,전라남도,순천시,별량면,봉림리,723,372,351,729,375,354,6,3,3
4615039022,2024-01-31,전라남도,순천시,별량면,운천리,254,126,128,254,126,128,0,0,0
4615039023,2024-01-31,전라남도,순천시,별량면,송학리,167,84,83,169,84,85,2,0,2
4615039024,2024-01-31,전라남도,순천시,별량면,덕정리,377,178,199,377,177,200,0,-1,1
4615039025,2024-01-31,전라남도,순천시,별량면,우산리,283,140,143,283,140,143,0,0,0
4615039026,2024-01-31,전라남도,순천시,별량면,쌍림리,256,130,126,258,131,127,2,1,1
4615039027,2024-01-31,전라남도,순천시,별량면,학산리,317,174,143,320,177,143,3,3,0
4615039028,2024-01-31,전라남도,순천시,별량면,대곡리,198,101,97,200,102,98,2,1,1
4615039029,2024-01-31,전라남도,순천시,별량면,무풍리,204,101,103,203,101,102,-1,0,-1
4615039030,2024-01-31,전라남도,순천시,별량면,마산리,334,169,165,334,169,165,0,0,0
4615039031,2024-01-31,전라남도,순천시,별량면,동송리,379,201,178,374,201,173,-5,0,-5
4615039032,2024-01-31,전라남도,순천시,별량면,원창리,224,100,124,223,100,123,-1,0,-1
4615039033,2024-01-31,전라남도,순천시,별량면,두고리,302,167,135,304,169,135,2,2,0
4615039034,2024-01-31,전라남도,순천시,별량면,구룡리,390,200,190,392,199,193,2,-1,3
4615039035,2024-01-31,전라남도,순천시,별량면,송기리,200,89,111,201,91,110,1,2,-1
4615039036,2024-01-31,전라남도,순천시,별량면,죽산리,154,79,75,149,76,73,-5,-3,-2
4615039037,2024-01-31,전라남도,순천시,별량면,금치리,261,127,134,257,125,132,-4,-2,-2
4615039038,2024-01-31,전라남도,순천시,별량면,대룡리,253,119,134,249,116,133,-4,-3,-1
4615040021,2024-01-31,전라남도,순천시,상사면,흘산리,502,264,238,501,261,240,-1,-3,2
4615040022,2024-01-31,전라남도,순천시,상사면,응령리,482,254,228,479,251,228,-3,-3,0
4615040023,2024-01-31,전라남도,순천시,상사면,용계리,95,53,42,95,53,42,0,0,0
4615040024,2024-01-31,전라남도,순천시,상사면,도월리,68,34,34,69,35,34,1,1,0
4615040025,2024-01-31,전라남도,순천시,상사면,봉래리,40,19,21,40,19,21,0,0,0
4615040026,2024-01-31,전라남도,순천시,상사면,쌍지리,278,139,139,280,142,138,2,3,-1
4615040027,2024-01-31,전라남도,순천시,상사면,초곡리,151,83,68,151,83,68,0,0,0
4615040028,2024-01-31,전라남도,순천시,상사면,용암리,196,88,108,198,91,107,2,3,-1
4615040029,2024-01-31,전라남도,순천시,상사면,비촌리,258,132,126,260,132,128,2,0,2
4615040030,2024-01-31,전라남도,순천시,상사면,오곡리,327,155,172,331,156,175,4,1,3
4615040031,2024-01-31,전라남도,순천시,상사면,마륜리,412,206,206,414,208,206,2,2,0
4617010100,2024-01-31,전라남도,나주시,토계동,토계동,296,150,146,296,149,147,0,-1,1
4617010200,2024-01-31,전라남도,나주시,송월동,송월동,7608,3829,3779,7603,3821,3782,-5,-8,3
4617010300,2024-01-31,전라남도,나주시,안창동,안창동,148,81,67,147,79,68,-1,-2,1
4617010400,2024-01-31,전라남도,나주시,삼영동,삼영동,2450,1220,1230,2441,1224,1217,-9,4,-13
4617010500,2024-01-31,전라남도,나주시,교동,교동,299,143,156,294,141,153,-5,-2,-3
4617010600,2024-01-31,전라남도,나주시,서내동,서내동,184,89,95,179,88,91,-5,-1,-4
4617010700,2024-01-31,전라남도,나주시,산정동,산정동,202,111,91,201,110,91,-1,-1,0
4617010800,2024-01-31,전라남도,나주시,경현동,경현동,290,159,131,290,160,130,0,1,-1
4617010900,2024-01-31,전라남도,나주시,보산동,보산동,192,104,88,191,104,87,-1,0,-1
4617011000,2024-01-31,전라남도,나주시,금계동,금계동,849,400,449,856,403,453,7,3,4
4617011100,2024-01-31,전라남도,나주시,금성동,금성동,113,65,48,115,66,49,2,1,1
4617011200,2024-01-31,전라남도,나주시,남내동,남내동,695,361,334,685,356,329,-10,-5,-5
4617011300,2024-01-31,전라남도,나주시,과원동,과원동,154,89,65,149,85,64,-5,-4,-1
4617011400,2024-01-31,전라남도,나주시,성북동,성북동,966,484,482,964,484,480,-2,0,-2
4617011500,2024-01-31,전라남도,나주시,중앙동,중앙동,202,104,98,199,104,95,-3,0,-3
4617011600,2024-01-31,전라남도,나주시,대호동,대호동,6339,3163,3176,6282,3137,3145,-57,-26,-31
4617011700,2024-01-31,전라남도,나주시,송촌동,송촌동,256,136,120,253,134,119,-3,-2,-1
4617011800,2024-01-31,전라남도,나주시,석현동,석현동,258,121,137,256,120,136,-2,-1,-1
4617011900,2024-01-31,전라남도,나주시,청동,청동,251,125,126,249,124,125,-2,-1,-1
4617012000,2024-01-31,전라남도,나주시,남외동,남외동,646,311,335,641,310,331,-5,-1,-4
4617012100,2024-01-31,전라남도,나주시,죽림동,죽림동,925,454,471,914,446,468,-11,-8,-3
4617012200,2024-01-31,전라남도,나주시,삼도동,삼도동,146,73,73,145,73,72,-1,0,-1
4617012300,2024-01-31,전라남도,나주시,영산동,영산동,631,307,324,634,307,327,3,0,3
4617012400,2024-01-31,전라남도,나주시,용산동,용산동,1491,759,732,1485,756,729,-6,-3,-3
4617012500,2024-01-31,전라남도,나주시,관정동,관정동,279,146,133,278,146,132,-1,0,-1
4617012600,2024-01-31,전라남도,나주시,평산동,평산동,215,111,104,216,112,104,1,1,0
4617012700,2024-01-31,전라남도,나주시,부덕동,부덕동,273,151,122,268,149,119,-5,-2,-3
4617012800,2024-01-31,전라남도,나주시,이창동,이창동,2333,1248,1085,2326,1249,1077,-7,1,-8
4617012900,2024-01-31,전라남도,나주시,대기동,대기동,175,92,83,175,91,84,0,-1,1
4617013000,2024-01-31,전라남도,나주시,운곡동,운곡동,330,179,151,329,178,151,-1,-1,0
4617013100,2024-01-31,전라남도,나주시,동수동,동수동,237,133,104,235,132,103,-2,-1,-1
4617013200,2024-01-31,전라남도,나주시,오량동,오량동,120,59,61,119,58,61,-1,-1,0
4617013300,2024-01-31,전라남도,나주시,진포동,진포동,98,53,45,98,53,45,0,0,0
4617013400,2024-01-31,전라남도,나주시,빛가람동,빛가람동,39903,19758,20145,39957,19779,20178,54,21,33
4617025021,2024-01-31,전라남도,나주시,남평읍,남평리,682,330,352,678,328,350,-4,-2,-2
4617025022,2024-01-31,전라남도,나주시,남평읍,대교리,929,454,475,928,453,475,-1,-1,0
4617025023,2024-01-31,전라남도,나주시,남평읍,동사리,6208,3049,3159,6207,3061,3146,-1,12,-13
4617025024,2024-01-31,전라남도,나주시,남평읍,교촌리,162,82,80,163,82,81,1,0,1
4617025025,2024-01-31,전라남도,나주시,남평읍,교원리,1018,537,481,1017,538,479,-1,1,-2
4617025026,2024-01-31,전라남도,나주시,남평읍,서산리,317,156,161,318,159,159,1,3,-2
4617025027,2024-01-31,전라남도,나주시,남평읍,오계리,285,136,149,285,137,148,0,1,-1
4617025028,2024-01-31,전라남도,나주시,남평읍,상곡리,69,37,32,69,37,32,0,0,0
4617025029,2024-01-31,전라남도,나주시,남평읍,우산리,416,204,212,418,206,212,2,2,0
4617025030,2024-01-31,전라남도,나주시,남평읍,남석리,238,130,108,237,129,108,-1,-1,0
4617025031,2024-01-31,전라남도,나주시,남평읍,풍림리,349,202,147,349,201,148,0,-1,1
4617025032,2024-01-31,전라남도,나주시,남평읍,노동리,51,27,24,51,27,24,0,0,0
4617025033,2024-01-31,전라남도,나주시,남평읍,광촌리,214,109,105,211,106,105,-3,-3,0
4617025034,2024-01-31,전라남도,나주시,남평읍,수원리,388,189,199,389,190,199,1,1,0
4617025035,2024-01-31,전라남도,나주시,남평읍,광이리,225,110,115,223,111,112,-2,1,-3
4617025036,2024-01-31,전라남도,나주시,남평읍,평산리,266,136,130,267,134,133,1,-2,3
4617031000,2024-01-31,전라남도,나주시,세지면,세지면,1,0,1,0,0,0,-1,0,-1
4617031021,2024-01-31,전라남도,나주시,세지면,오봉리,387,204,183,394,213,181,7,9,-2
4617031022,2024-01-31,전라남도,나주시,세지면,대산리,261,140,121,262,139,123,1,-1,2
4617031023,2024-01-31,전라남도,나주시,세지면,내정리,198,108,90,198,107,91,0,-1,1
4617031024,2024-01-31,전라남도,나주시,세지면,동곡리,344,173,171,342,172,170,-2,-1,-1
4617031025,2024-01-31,전라남도,나주시,세지면,죽동리,203,90,113,202,90,112,-1,0,-1
4617031026,2024-01-31,전라남도,나주시,세지면,송제리,392,203,189,390,202,188,-2,-1,-1
4617031027,2024-01-31,전라남도,나주시,세지면,교산리,266,142,124,266,142,124,0,0,0
4617031028,2024-01-31,전라남도,나주시,세지면,벽산리,224,110,114,230,112,118,6,2,4
4617031029,2024-01-31,전라남도,나주시,세지면,성산리,142,74,68,144,75,69,2,1,1
4617032021,2024-01-31,전라남도,나주시,왕곡면,덕산리,356,202,154,347,196,151,-9,-6,-3
4617032022,2024-01-31,전라남도,나주시,왕곡면,본양리,154,67,87,154,67,87,0,0,0
4617032023,2024-01-31,전라남도,나주시,왕곡면,옥곡리,262,135,127,262,135,127,0,0,0
4617032024,2024-01-31,전라남도,나주시,왕곡면,송죽리,143,75,68,142,75,67,-1,0,-1
4617032025,2024-01-31,전라남도,나주시,왕곡면,신포리,219,121,98,222,124,98,3,3,0
4617032026,2024-01-31,전라남도,나주시,왕곡면,월천리,214,112,102,210,109,101,-4,-3,-1
4617032027,2024-01-31,전라남도,나주시,왕곡면,화정리,226,120,106,227,120,107,1,0,1
4617032028,2024-01-31,전라남도,나주시,왕곡면,행전리,151,84,67,150,83,67,-1,-1,0
4617032029,2024-01-31,전라남도,나주시,왕곡면,신원리,303,160,143,301,159,142,-2,-1,-1
4617032030,2024-01-31,전라남도,나주시,왕곡면,신가리,165,80,85,166,81,85,1,1,0
4617032031,2024-01-31,전라남도,나주시,왕곡면,양산리,278,152,126,271,151,120,-7,-1,-6
4617032032,2024-01-31,전라남도,나주시,왕곡면,장산리,225,111,114,220,109,111,-5,-2,-3
4617033021,2024-01-31,전라남도,나주시,반남면,흥덕리,225,110,115,218,109,109,-7,-1,-6
4617033022,2024-01-31,전라남도,나주시,반남면,석천리,141,73,68,142,72,70,1,-1,2
4617033024,2024-01-31,전라남도,나주시,반남면,덕산리,195,103,92,195,102,93,0,-1,1
4617033025,2024-01-31,전라남도,나주시,반남면,신촌리,158,82,76,160,83,77,2,1,1
4617033026,2024-01-31,전라남도,나주시,반남면,대안리,239,115,124,238,114,124,-1,-1,0
4617033027,2024-01-31,전라남도,나주시,반남면,청송리,242,123,119,242,124,118,0,1,-1
4617033028,2024-01-31,전라남도,나주시,반남면,성계리,95,42,53,96,42,54,1,0,1
4617034021,2024-01-31,전라남도,나주시,공산면,금곡리,482,249,233,482,248,234,0,-1,1
4617034022,2024-01-31,전라남도,나주시,공산면,남창리,304,166,138,305,167,138,1,1,0
4617034023,2024-01-31,전라남도,나주시,공산면,백사리,114,63,51,115,64,51,1,1,0
4617034024,2024-01-31,전라남도,나주시,공산면,신곡리,152,67,85,151,67,84,-1,0,-1
4617034025,2024-01-31,전라남도,나주시,공산면,중포리,216,109,107,218,110,108,2,1,1
4617034026,2024-01-31,전라남도,나주시,공산면,가송리,196,96,100,197,97,100,1,1,0
4617034027,2024-01-31,전라남도,나주시,공산면,동촌리,199,96,103,201,97,104,2,1,1
4617034028,2024-01-31,전라남도,나주시,공산면,화성리,176,85,91,177,86,91,1,1,0
4617034029,2024-01-31,전라남도,나주시,공산면,상방리,231,128,103,227,125,102,-4,-3,-1
4617034030,2024-01-31,전라남도,나주시,공산면,복용리,102,54,48,104,56,48,2,2,0
4617035021,2024-01-31,전라남도,나주시,동강면,인동리,343,162,181,341,162,179,-2,0,-2
4617035022,2024-01-31,전라남도,나주시,동강면,월양리,219,122,97,217,120,97,-2,-2,0
4617035023,2024-01-31,전라남도,나주시,동강면,진천리,173,89,84,174,89,85,1,0,1
4617035024,2024-01-31,전라남도,나주시,동강면,대전리,238,107,131,235,104,131,-3,-3,0
4617035025,2024-01-31,전라남도,나주시,동강면,장동리,413,219,194,410,217,193,-3,-2,-1
4617035026,2024-01-31,전라남도,나주시,동강면,옥정리,216,99,117,215,98,117,-1,-1,0
4617035027,2024-01-31,전라남도,나주시,동강면,곡천리,201,101,100,199,99,100,-2,-2,0
4617035028,2024-01-31,전라남도,나주시,동강면,대지리,133,69,64,133,69,64,0,0,0
4617035029,2024-01-31,전라남도,나주시,동강면,월송리,99,49,50,99,49,50,0,0,0
4617035030,2024-01-31,전라남도,나주시,동강면,양지리,160,75,85,161,75,86,1,0,1
4617035031,2024-01-31,전라남도,나주시,동강면,운산리,108,58,50,108,58,50,0,0,0
4617036021,2024-01-31,전라남도,나주시,다시면,영동리,285,133,152,288,134,154,3,1,2
4617036022,2024-01-31,전라남도,나주시,다시면,월태리,681,352,329,684,351,333,3,-1,4
4617036023,2024-01-31,전라남도,나주시,다시면,가운리,194,94,100,196,98,98,2,4,-2
4617036025,2024-01-31,전라남도,나주시,다시면,복암리,242,117,125,242,117,125,0,0,0
4617036026,2024-01-31,전라남도,나주시,다시면,가흥리,112,50,62,112,50,62,0,0,0
4617036027,2024-01-31,전라남도,나주시,다시면,신석리,149,73,76,148,74,74,-1,1,-2
4617036028,2024-01-31,전라남도,나주시,다시면,죽산리,220,102,118,219,102,117,-1,0,-1
4617036029,2024-01-31,전라남도,나주시,다시면,문동리,162,86,76,161,86,75,-1,0,-1
4617036030,2024-01-31,전라남도,나주시,다시면,동당리,135,70,65,135,69,66,0,-1,1
4617036031,2024-01-31,전라남도,나주시,다시면,송촌리,179,98,81,177,98,79,-2,0,-2
4617036032,2024-01-31,전라남도,나주시,다시면,동곡리,428,228,200,428,228,200,0,0,0
4617036033,2024-01-31,전라남도,나주시,다시면,청정리,85,44,41,85,44,41,0,0,0
4617036034,2024-01-31,전라남도,나주시,다시면,운봉리,114,58,56,109,55,54,-5,-3,-2
4617036035,2024-01-31,전라남도,나주시,다시면,신광리,259,129,130,257,127,130,-2,-2,0
4617036036,2024-01-31,전라남도,나주시,다시면,회진리,143,70,73,141,69,72,-2,-1,-1
4617037021,2024-01-31,전라남도,나주시,문평면,안곡리,228,113,115,229,114,115,1,1,0
4617037022,2024-01-31,전라남도,나주시,문평면,송산리,112,54,58,106,50,56,-6,-4,-2
4617037023,2024-01-31,전라남도,나주시,문평면,북동리,84,44,40,81,43,38,-3,-1,-2
4617037024,2024-01-31,전라남도,나주시,문평면,동원리,155,77,78,153,77,76,-2,0,-2
4617037025,2024-01-31,전라남도,나주시,문평면,대도리,78,39,39,78,39,39,0,0,0
4617037026,2024-01-31,전라남도,나주시,문평면,계로리,73,39,34,73,39,34,0,0,0
4617037027,2024-01-31,전라남도,나주시,문평면,학교리,88,45,43,88,46,42,0,1,-1
4617037028,2024-01-31,전라남도,나주시,문평면,국동리,147,76,71,147,76,71,0,0,0
4617037029,2024-01-31,전라남도,나주시,문평면,옥당리,352,183,169,353,183,170,1,0,1
4617037030,2024-01-31,전라남도,나주시,문평면,산호리,288,143,145,285,143,142,-3,0,-3
4617037031,2024-01-31,전라남도,나주시,문평면,학동리,115,62,53,116,63,53,1,1,0
4617037032,2024-01-31,전라남도,나주시,문평면,오룡리,96,42,54,93,41,52,-3,-1,-2
4617038021,2024-01-31,전라남도,나주시,노안면,금동리,366,199,167,364,196,168,-2,-3,1
4617038022,2024-01-31,전라남도,나주시,노안면,장동리,280,155,125,281,157,124,1,2,-1
4617038023,2024-01-31,전라남도,나주시,노안면,학산리,850,410,440,851,412,439,1,2,-1
4617038024,2024-01-31,전라남도,나주시,노안면,도산리,214,109,105,214,109,105,0,0,0
4617038025,2024-01-31,전라남도,나주시,노안면,유곡리,348,206,142,345,206,139,-3,0,-3
4617038026,2024-01-31,전라남도,나주시,노안면,계림리,238,115,123,238,115,123,0,0,0
4617038027,2024-01-31,전라남도,나주시,노안면,안산리,263,138,125,258,136,122,-5,-2,-3
4617038028,2024-01-31,전라남도,나주시,노안면,용산리,291,154,137,284,149,135,-7,-5,-2
4617038029,2024-01-31,전라남도,나주시,노안면,구정리,160,85,75,159,85,74,-1,0,-1
4617038030,2024-01-31,전라남도,나주시,노안면,영평리,224,121,103,225,123,102,1,2,-1
4617038031,2024-01-31,전라남도,나주시,노안면,금안리,467,238,229,468,239,229,1,1,0
4617038032,2024-01-31,전라남도,나주시,노안면,오정리,345,187,158,344,186,158,-1,-1,0
4617038033,2024-01-31,전라남도,나주시,노안면,양천리,262,122,140,260,123,137,-2,1,-3
4617039021,2024-01-31,전라남도,나주시,금천면,오강리,860,466,394,861,468,393,1,2,-1
4617039022,2024-01-31,전라남도,나주시,금천면,고동리,395,207,188,392,205,187,-3,-2,-1
4617039023,2024-01-31,전라남도,나주시,금천면,광암리,257,133,124,257,133,124,0,0,0
4617039024,2024-01-31,전라남도,나주시,금천면,신천리,214,119,95,213,119,94,-1,0,-1
4617039025,2024-01-31,전라남도,나주시,금천면,죽촌리,158,88,70,161,90,71,3,2,1
4617039026,2024-01-31,전라남도,나주시,금천면,월산리,283,157,126,284,157,127,1,0,1
4617039027,2024-01-31,전라남도,나주시,금천면,동악리,31,14,17,30,13,17,-1,-1,0
4617039028,2024-01-31,전라남도,나주시,금천면,석전리,3180,1611,1569,3235,1624,1611,55,13,42
4617039029,2024-01-31,전라남도,나주시,금천면,촌곡리,412,221,191,407,220,187,-5,-1,-4
4617039030,2024-01-31,전라남도,나주시,금천면,신가리,375,195,180,374,194,180,-1,-1,0
4617039031,2024-01-31,전라남도,나주시,금천면,원곡리,586,300,286,589,299,290,3,-1,4
4617040021,2024-01-31,전라남도,나주시,산포면,매성리,779,422,357,782,425,357,3,3,0
4617040022,2024-01-31,전라남도,나주시,산포면,신도리,307,154,153,308,154,154,1,0,1
4617040023,2024-01-31,전라남도,나주시,산포면,송림리,204,117,87,205,117,88,1,0,1
4617040024,2024-01-31,전라남도,나주시,산포면,화지리,131,69,62,132,69,63,1,0,1
4617040025,2024-01-31,전라남도,나주시,산포면,산제리,216,117,99,216,116,100,0,-1,1
4617040026,2024-01-31,전라남도,나주시,산포면,등수리,266,134,132,262,129,133,-4,-5,1
4617040027,2024-01-31,전라남도,나주시,산포면,등정리,425,226,199,423,226,197,-2,0,-2
4617040028,2024-01-31,전라남도,나주시,산포면,내기리,362,186,176,361,185,176,-1,-1,0
4617040029,2024-01-31,전라남도,나주시,산포면,덕례리,463,238,225,464,239,225,1,1,0
4617042021,2024-01-31,전라남도,나주시,다도면,판촌리,89,45,44,93,47,46,4,2,2
4617042022,2024-01-31,전라남도,나주시,다도면,송학리,304,164,140,302,162,140,-2,-2,0
4617042023,2024-01-31,전라남도,나주시,다도면,풍산리,303,163,140,302,162,140,-1,-1,0
4617042024,2024-01-31,전라남도,나주시,다도면,덕동리,144,71,73,145,72,73,1,1,0
4617042025,2024-01-31,전라남도,나주시,다도면,궁원리,83,43,40,84,42,42,1,-1,2
4617042026,2024-01-31,전라남도,나주시,다도면,신동리,172,86,86,172,87,85,0,1,-1
4617042027,2024-01-31,전라남도,나주시,다도면,방산리,204,107,97,204,107,97,0,0,0
4617042028,2024-01-31,전라남도,나주시,다도면,마산리,76,44,32,77,44,33,1,0,1
4617042029,2024-01-31,전라남도,나주시,다도면,암정리,172,84,88,170,83,87,-2,-1,-1
4617042030,2024-01-31,전라남도,나주시,다도면,덕림리,109,51,58,109,51,58,0,0,0
4617042031,2024-01-31,전라남도,나주시,다도면,도동리,122,60,62,121,59,62,-1,-1,0
4617043000,2024-01-31,전라남도,나주시,봉황면,봉황면,3,1,2,0,0,0,-3,-1,-2
4617043021,2024-01-31,전라남도,나주시,봉황면,죽석리,669,345,324,666,342,324,-3,-3,0
4617043022,2024-01-31,전라남도,나주시,봉황면,철천리,228,128,100,228,127,101,0,-1,1
4617043023,2024-01-31,전라남도,나주시,봉황면,각동리,119,58,61,118,56,62,-1,-2,1
4617043024,2024-01-31,전라남도,나주시,봉황면,송현리,266,143,123,264,142,122,-2,-1,-1
4617043025,2024-01-31,전라남도,나주시,봉황면,장성리,224,114,110,225,114,111,1,0,1
4617043026,2024-01-31,전라남도,나주시,봉황면,유곡리,204,112,92,202,110,92,-2,-2,0
4617043027,2024-01-31,전라남도,나주시,봉황면,옥산리,181,92,89,175,91,84,-6,-1,-5
4617043028,2024-01-31,전라남도,나주시,봉황면,용전리,253,141,112,255,141,114,2,0,2
4617043029,2024-01-31,전라남도,나주시,봉황면,와우리,229,113,116,228,111,117,-1,-2,1
4617043030,2024-01-31,전라남도,나주시,봉황면,황용리,238,131,107,242,134,108,4,3,1
4617043031,2024-01-31,전라남도,나주시,봉황면,신동리,137,66,71,136,65,71,-1,-1,0
4617043032,2024-01-31,전라남도,나주시,봉황면,욱곡리,330,182,148,332,184,148,2,2,0
4617043033,2024-01-31,전라남도,나주시,봉황면,오림리,193,99,94,192,100,92,-1,1,-2
4617043034,2024-01-31,전라남도,나주시,봉황면,덕림리,225,115,110,224,115,109,-1,0,-1
4617043035,2024-01-31,전라남도,나주시,봉황면,운곡리,153,87,66,151,86,65,-2,-1,-1
4617043036,2024-01-31,전라남도,나주시,봉황면,용곡리,93,46,47,92,45,47,-1,-1,0
4617043037,2024-01-31,전라남도,나주시,봉황면,만봉리,108,65,43,107,64,43,-1,-1,0
4617043038,2024-01-31,전라남도,나주시,봉황면,덕곡리,75,41,34,75,41,34,0,0,0
4623010100,2024-01-31,전라남도,광양시,황금동,황금동,922,513,409,1293,704,589,371,191,180
4623010200,2024-01-31,전라남도,광양시,황길동,황길동,451,227,224,455,230,225,4,3,1
4623010300,2024-01-31,전라남도,광양시,도이동,도이동,235,134,101,231,133,98,-4,-1,-3
4623010400,2024-01-31,전라남도,광양시,성황동,성황동,5442,2817,2625,5448,2819,2629,6,2,4
4623010500,2024-01-31,전라남도,광양시,중군동,중군동,154,88,66,151,85,66,-3,-3,0
4623010600,2024-01-31,전라남도,광양시,중동,중동,38383,20605,17778,38262,20556,17706,-121,-49,-72
4623010700,2024-01-31,전라남도,광양시,마동,마동,19427,9969,9458,19412,9951,9461,-15,-18,3
4623010800,2024-01-31,전라남도,광양시,광영동,광영동,10838,5738,5100,10821,5742,5079,-17,4,-21
4623010900,2024-01-31,전라남도,광양시,태인동,태인동,1570,876,694,1568,874,694,-2,-2,0
4623011000,2024-01-31,전라남도,광양시,금호동,금호동,10496,5785,4711,10498,5782,4716,2,-3,5
4623025021,2024-01-31,전라남도,광양시,광양읍,우산리,1198,606,592,1196,604,592,-2,-2,0
4623025022,2024-01-31,전라남도,광양시,광양읍,구산리,6739,3322,3417,6712,3307,3405,-27,-15,-12
4623025023,2024-01-31,전라남도,광양시,광양읍,칠성리,7043,3621,3422,7023,3615,3408,-20,-6,-14
4623025024,2024-01-31,전라남도,광양시,광양읍,읍내리,549,312,237,553,312,241,4,0,4
4623025025,2024-01-31,전라남도,광양시,광양읍,목성리,2783,1428,1355,2800,1440,1360,17,12,5
4623025026,2024-01-31,전라남도,광양시,광양읍,초남리,228,124,104,228,124,104,0,0,0
4623025027,2024-01-31,전라남도,광양시,광양읍,익신리,276,148,128,277,148,129,1,0,1
4623025028,2024-01-31,전라남도,광양시,광양읍,사곡리,341,171,170,336,167,169,-5,-4,-1
4623025029,2024-01-31,전라남도,광양시,광양읍,죽림리,342,171,171,343,174,169,1,3,-2
4623025030,2024-01-31,전라남도,광양시,광양읍,용강리,11799,5979,5820,11772,5978,5794,-27,-1,-26
4623025031,2024-01-31,전라남도,광양시,광양읍,인동리,399,209,190,393,207,186,-6,-2,-4
4623025032,2024-01-31,전라남도,광양시,광양읍,인서리,2820,1496,1324,2811,1494,1317,-9,-2,-7
4623025033,2024-01-31,전라남도,광양시,광양읍,도월리,380,178,202,381,179,202,1,1,0
4623025034,2024-01-31,전라남도,광양시,광양읍,세풍리,692,343,349,686,343,343,-6,0,-6
4623025035,2024-01-31,전라남도,광양시,광양읍,덕례리,12385,6505,5880,12502,6564,5938,117,59,58
4623031021,2024-01-31,전라남도,광양시,봉강면,석사리,455,240,215,452,238,214,-3,-2,-1
4623031022,2024-01-31,전라남도,광양시,봉강면,지곡리,212,101,111,213,101,112,1,0,1
4623031023,2024-01-31,전라남도,광양시,봉강면,봉당리,348,181,167,340,176,164,-8,-5,-3
4623031024,2024-01-31,전라남도,광양시,봉강면,부저리,323,174,149,320,173,147,-3,-1,-2
4623031025,2024-01-31,전라남도,광양시,봉강면,구서리,184,89,95,187,89,98,3,0,3
4623031026,2024-01-31,전라남도,광양시,봉강면,조령리,296,154,142,295,153,142,-1,-1,0
4623031027,2024-01-31,전라남도,광양시,봉강면,신룡리,233,124,109,230,122,108,-3,-2,-1
4623032021,2024-01-31,전라남도,광양시,옥룡면,산남리,289,146,143,283,141,142,-6,-5,-1
4623032022,2024-01-31,전라남도,광양시,옥룡면,운평리,342,174,168,343,173,170,1,-1,2
4623032023,2024-01-31,전라남도,광양시,옥룡면,추산리,402,209,193,399,207,192,-3,-2,-1
4623032024,2024-01-31,전라남도,광양시,옥룡면,동곡리,392,207,185,389,205,184,-3,-2,-1
4623032025,2024-01-31,전라남도,광양시,옥룡면,죽천리,439,227,212,436,228,208,-3,1,-4
4623032026,2024-01-31,전라남도,광양시,옥룡면,용곡리,602,294,308,600,293,307,-2,-1,-1
4623032027,2024-01-31,전라남도,광양시,옥룡면,율천리,325,153,172,324,154,170,-1,1,-2
4623032028,2024-01-31,전라남도,광양시,옥룡면,운곡리,148,75,73,147,75,72,-1,0,-1
4623033021,2024-01-31,전라남도,광양시,옥곡면,원월리,306,155,151,300,154,146,-6,-1,-5
4623033022,2024-01-31,전라남도,광양시,옥곡면,대죽리,425,218,207,425,216,209,0,-2,2
4623033023,2024-01-31,전라남도,광양시,옥곡면,묵백리,379,186,193,381,186,195,2,0,2
4623033024,2024-01-31,전라남도,광양시,옥곡면,신금리,3163,1629,1534,3170,1632,1538,7,3,4
4623033025,2024-01-31,전라남도,광양시,옥곡면,장동리,380,196,184,378,196,182,-2,0,-2
4623033026,2024-01-31,전라남도,광양시,옥곡면,선유리,153,81,72,153,82,71,0,1,-1
4623033027,2024-01-31,전라남도,광양시,옥곡면,수평리,102,49,53,101,48,53,-1,-1,0
4623034021,2024-01-31,전라남도,광양시,진상면,금이리,354,176,178,354,175,179,0,-1,1
4623034022,2024-01-31,전라남도,광양시,진상면,섬거리,723,359,364,717,353,364,-6,-6,0
4623034023,2024-01-31,전라남도,광양시,진상면,비평리,227,122,105,222,119,103,-5,-3,-2
4623034024,2024-01-31,전라남도,광양시,진상면,황죽리,365,201,164,364,200,164,-1,-1,0
4623034025,2024-01-31,전라남도,광양시,진상면,어치리,303,156,147,300,154,146,-3,-2,-1
4623034026,2024-01-31,전라남도,광양시,진상면,지원리,302,155,147,299,152,147,-3,-3,0
4623034027,2024-01-31,전라남도,광양시,진상면,청암리,319,159,160,318,158,160,-1,-1,0
4623035021,2024-01-31,전라남도,광양시,진월면,망덕리,410,205,205,411,206,205,1,1,0
4623035022,2024-01-31,전라남도,광양시,진월면,차사리,88,47,41,87,47,40,-1,0,-1
4623035023,2024-01-31,전라남도,광양시,진월면,마룡리,256,122,134,255,120,135,-1,-2,1
4623035024,2024-01-31,전라남도,광양시,진월면,선소리,295,147,148,294,147,147,-1,0,-1
4623035025,2024-01-31,전라남도,광양시,진월면,신아리,253,121,132,253,122,131,0,1,-1
4623035026,2024-01-31,전라남도,광양시,진월면,오사리,374,179,195,373,179,194,-1,0,-1
4623035027,2024-01-31,전라남도,광양시,진월면,신구리,145,74,71,144,73,71,-1,-1,0
4623035028,2024-01-31,전라남도,광양시,진월면,송금리,167,86,81,166,86,80,-1,0,-1
4623035029,2024-01-31,전라남도,광양시,진월면,월길리,438,227,211,436,225,211,-2,-2,0
4623035030,2024-01-31,전라남도,광양시,진월면,진정리,183,91,92,181,91,90,-2,0,-2
4623036021,2024-01-31,전라남도,광양시,다압면,신원리,406,195,211,407,196,211,1,1,0
4623036022,2024-01-31,전라남도,광양시,다압면,도사리,362,184,178,358,181,177,-4,-3,-1
4623036023,2024-01-31,전라남도,광양시,다압면,고사리,502,256,246,495,251,244,-7,-5,-2
4623036024,2024-01-31,전라남도,광양시,다압면,금천리,360,176,184,358,176,182,-2,0,-2
4623036025,2024-01-31,전라남도,광양시,다압면,하천리,44,27,17,43,27,16,-1,0,-1
4671025021,2024-01-31,전라남도,담양군,담양읍,담주리,449,216,233,446,212,234,-3,-4,1
4671025022,2024-01-31,전라남도,담양군,담양읍,천변리,1130,554,576,1127,551,576,-3,-3,0
4671025023,2024-01-31,전라남도,담양군,담양읍,지침리,1628,810,818,1629,811,818,1,1,0
4671025024,2024-01-31,전라남도,담양군,담양읍,객사리,1247,636,611,1248,637,611,1,1,0
4671025025,2024-01-31,전라남도,담양군,담양읍,백동리,3801,1911,1890,3786,1904,1882,-15,-7,-8
4671025026,2024-01-31,전라남도,담양군,담양읍,남산리,347,170,177,343,166,177,-4,-4,0
4671025027,2024-01-31,전라남도,담양군,담양읍,향교리,490,256,234,495,257,238,5,1,4
4671025028,2024-01-31,전라남도,담양군,담양읍,만성리,452,231,221,445,224,221,-7,-7,0
4671025029,2024-01-31,전라남도,담양군,담양읍,양각리,493,237,256,486,236,250,-7,-1,-6
4671025030,2024-01-31,전라남도,담양군,담양읍,강쟁리,615,273,342,611,269,342,-4,-4,0
4671025031,2024-01-31,전라남도,담양군,담양읍,반룡리,332,164,168,334,166,168,2,2,0
4671025032,2024-01-31,전라남도,담양군,담양읍,오계리,877,466,411,880,469,411,3,3,0
4671025033,2024-01-31,전라남도,담양군,담양읍,학동리,220,108,112,216,106,110,-4,-2,-2
4671025034,2024-01-31,전라남도,담양군,담양읍,금월리,176,84,92,176,84,92,0,0,0
4671025035,2024-01-31,전라남도,담양군,담양읍,삼만리,462,242,220,462,243,219,0,1,-1
4671025036,2024-01-31,전라남도,담양군,담양읍,운교리,122,64,58,125,66,59,3,2,1
4671025037,2024-01-31,전라남도,담양군,담양읍,삼다리,290,143,147,286,142,144,-4,-1,-3
4671025038,2024-01-31,전라남도,담양군,담양읍,가산리,299,146,153,297,144,153,-2,-2,0
4671025039,2024-01-31,전라남도,담양군,담양읍,담빛리,1841,901,940,1827,897,930,-14,-4,-10
4671031021,2024-01-31,전라남도,담양군,봉산면,대추리,461,244,217,463,245,218,2,1,1
4671031022,2024-01-31,전라남도,담양군,봉산면,제월리,324,165,159,321,164,157,-3,-1,-2
4671031023,2024-01-31,전라남도,담양군,봉산면,신학리,246,102,144,244,102,142,-2,0,-2
4671031024,2024-01-31,전라남도,담양군,봉산면,기곡리,438,242,196,441,241,200,3,-1,4
4671031025,2024-01-31,전라남도,담양군,봉산면,연동리,234,124,110,234,124,110,0,0,0
4671031026,2024-01-31,전라남도,담양군,봉산면,유산리,180,94,86,184,94,90,4,0,4
4671031027,2024-01-31,전라남도,담양군,봉산면,양지리,194,105,89,193,106,87,-1,1,-2
4671031028,2024-01-31,전라남도,담양군,봉산면,와우리,374,212,162,375,211,164,1,-1,2
4671031029,2024-01-31,전라남도,담양군,봉산면,삼지리,175,84,91,173,82,91,-2,-2,0
4671032021,2024-01-31,전라남도,담양군,고서면,교산리,191,93,98,191,92,99,0,-1,1
4671032022,2024-01-31,전라남도,담양군,고서면,고읍리,298,149,149,299,148,151,1,-1,2
4671032023,2024-01-31,전라남도,담양군,고서면,분향리,158,75,83,157,74,83,-1,-1,0
4671032024,2024-01-31,전라남도,담양군,고서면,금현리,172,97,75,169,96,73,-3,-1,-2
4671032025,2024-01-31,전라남도,담양군,고서면,성월리,405,204,201,403,203,200,-2,-1,-1
4671032026,2024-01-31,전라남도,담양군,고서면,보촌리,173,83,90,174,85,89,1,2,-1
4671032027,2024-01-31,전라남도,담양군,고서면,주산리,328,161,167,325,160,165,-3,-1,-2
4671032028,2024-01-31,전라남도,담양군,고서면,원강리,275,146,129,276,147,129,1,1,0
4671032029,2024-01-31,전라남도,담양군,고서면,동운리,766,385,381,767,383,384,1,-2,3
4671032030,2024-01-31,전라남도,담양군,고서면,산덕리,209,105,104,213,107,106,4,2,2
4671033521,2024-01-31,전라남도,담양군,가사문학면,학선리,38,21,17,38,21,17,0,0,0
4671033522,2024-01-31,전라남도,담양군,가사문학면,지곡리,147,83,64,149,84,65,2,1,1
4671033523,2024-01-31,전라남도,담양군,가사문학면,연천리,248,117,131,248,116,132,0,-1,1
4671033524,2024-01-31,전라남도,담양군,가사문학면,정곡리,148,78,70,149,79,70,1,1,0
4671033525,2024-01-31,전라남도,담양군,가사문학면,경상리,50,22,28,50,22,28,0,0,0
4671033526,2024-01-31,전라남도,담양군,가사문학면,무동리,75,43,32,75,43,32,0,0,0
4671033527,2024-01-31,전라남도,담양군,가사문학면,만월리,94,43,51,94,43,51,0,0,0
4671033528,2024-01-31,전라남도,담양군,가사문학면,구산리,84,38,46,85,38,47,1,0,1
4671033529,2024-01-31,전라남도,담양군,가사문학면,인암리,95,42,53,94,42,52,-1,0,-1
4671033530,2024-01-31,전라남도,담양군,가사문학면,가암리,124,68,56,125,67,58,1,-1,2
4671033531,2024-01-31,전라남도,담양군,가사문학면,풍암리,81,42,39,83,44,39,2,2,0
4671034021,2024-01-31,전라남도,담양군,창평면,창평리,743,357,386,727,349,378,-16,-8,-8
4671034022,2024-01-31,전라남도,담양군,창평면,삼천리,317,162,155,316,162,154,-1,0,-1
4671034023,2024-01-31,전라남도,담양군,창평면,용수리,386,197,189,386,197,189,0,0,0
4671034024,2024-01-31,전라남도,담양군,창평면,유천리,315,157,158,315,158,157,0,1,-1
4671034025,2024-01-31,전라남도,담양군,창평면,오강리,218,119,99,215,118,97,-3,-1,-2
4671034026,2024-01-31,전라남도,담양군,창평면,의항리,286,152,134,292,155,137,6,3,3
4671034027,2024-01-31,전라남도,담양군,창평면,일산리,168,89,79,165,86,79,-3,-3,0
4671034028,2024-01-31,전라남도,담양군,창평면,장화리,218,117,101,219,117,102,1,0,1
4671034029,2024-01-31,전라남도,담양군,창평면,유곡리,304,163,141,302,163,139,-2,0,-2
4671034030,2024-01-31,전라남도,담양군,창평면,해곡리,330,159,171,341,164,177,11,5,6
4671034031,2024-01-31,전라남도,담양군,창평면,광덕리,217,114,103,217,114,103,0,0,0
4671034032,2024-01-31,전라남도,담양군,창평면,외동리,53,27,26,53,27,26,0,0,0
4671035021,2024-01-31,전라남도,담양군,대덕면,매산리,385,191,194,387,192,195,2,1,1
4671035022,2024-01-31,전라남도,담양군,대덕면,장산리,137,75,62,136,74,62,-1,-1,0
4671035023,2024-01-31,전라남도,담양군,대덕면,비차리,143,75,68,143,76,67,0,1,-1
4671035024,2024-01-31,전라남도,담양군,대덕면,금산리,227,119,108,227,117,110,0,-2,2
4671035025,2024-01-31,전라남도,담양군,대덕면,성곡리,107,57,50,107,57,50,0,0,0
4671035026,2024-01-31,전라남도,담양군,대덕면,문학리,142,75,67,140,74,66,-2,-1,-1
4671035027,2024-01-31,전라남도,담양군,대덕면,운암리,272,135,137,274,136,138,2,1,1
4671035028,2024-01-31,전라남도,담양군,대덕면,용대리,130,69,61,129,68,61,-1,-1,0
4671035029,2024-01-31,전라남도,담양군,대덕면,갈전리,123,63,60,120,61,59,-3,-2,-1
4671035030,2024-01-31,전라남도,담양군,대덕면,운산리,92,47,45,93,47,46,1,0,1
4671035031,2024-01-31,전라남도,담양군,대덕면,입석리,119,65,54,119,65,54,0,0,0
4671036021,2024-01-31,전라남도,담양군,무정면,봉안리,316,159,157,318,161,157,2,2,0
4671036022,2024-01-31,전라남도,담양군,무정면,오룡리,469,309,160,465,306,159,-4,-3,-1
4671036023,2024-01-31,전라남도,담양군,무정면,오봉리,88,46,42,87,45,42,-1,-1,0
4671036024,2024-01-31,전라남도,담양군,무정면,영천리,243,118,125,244,117,127,1,-1,2
4671036025,2024-01-31,전라남도,담양군,무정면,성도리,216,108,108,216,109,107,0,1,-1
4671036026,2024-01-31,전라남도,담양군,무정면,동산리,300,149,151,306,152,154,6,3,3
4671036027,2024-01-31,전라남도,담양군,무정면,안평리,71,37,34,71,36,35,0,-1,1
4671036028,2024-01-31,전라남도,담양군,무정면,덕곡리,125,58,67,124,58,66,-1,0,-1
4671036029,2024-01-31,전라남도,담양군,무정면,서흥리,64,32,32,64,32,32,0,0,0
4671036030,2024-01-31,전라남도,담양군,무정면,정석리,78,41,37,80,43,37,2,2,0
4671036031,2024-01-31,전라남도,담양군,무정면,평지리,128,69,59,130,68,62,2,-1,3
4671036032,2024-01-31,전라남도,담양군,무정면,동강리,127,66,61,128,66,62,1,0,1
4671036033,2024-01-31,전라남도,담양군,무정면,오례리,172,85,87,173,86,87,1,1,0
4671037021,2024-01-31,전라남도,담양군,금성면,원천리,114,60,54,115,61,54,1,1,0
4671037022,2024-01-31,전라남도,담양군,금성면,석현리,456,220,236,447,217,230,-9,-3,-6
4671037023,2024-01-31,전라남도,담양군,금성면,대성리,392,196,196,389,193,196,-3,-3,0
4671037024,2024-01-31,전라남도,담양군,금성면,원율리,272,135,137,275,137,138,3,2,1
4671037025,2024-01-31,전라남도,담양군,금성면,금성리,283,160,123,284,158,126,1,-2,3
4671037026,2024-01-31,전라남도,담양군,금성면,덕성리,186,88,98,185,87,98,-1,-1,0
4671037027,2024-01-31,전라남도,담양군,금성면,봉서리,250,118,132,247,118,129,-3,0,-3
4671037028,2024-01-31,전라남도,담양군,금성면,대곡리,248,134,114,247,133,114,-1,-1,0
4671037029,2024-01-31,전라남도,담양군,금성면,외추리,118,59,59,118,59,59,0,0,0
4671037030,2024-01-31,전라남도,담양군,금성면,봉황리,139,74,65,135,72,63,-4,-2,-2
4671038021,2024-01-31,전라남도,담양군,용면,두장리,402,208,194,401,208,193,-1,0,-1
4671038022,2024-01-31,전라남도,담양군,용면,통천리,219,109,110,220,111,109,1,2,-1
4671038023,2024-01-31,전라남도,담양군,용면,추성리,396,189,207,397,189,208,1,0,1
4671038024,2024-01-31,전라남도,담양군,용면,쌍태리,276,138,138,276,138,138,0,0,0
4671038025,2024-01-31,전라남도,담양군,용면,도림리,52,25,27,51,24,27,-1,-1,0
4671038026,2024-01-31,전라남도,담양군,용면,월계리,129,65,64,130,66,64,1,1,0
4671038027,2024-01-31,전라남도,담양군,용면,용연리,191,101,90,192,103,89,1,2,-1
4671038028,2024-01-31,전라남도,담양군,용면,용치리,111,52,59,110,51,59,-1,-1,0
4671039021,2024-01-31,전라남도,담양군,월산면,월산리,523,271,252,519,268,251,-4,-3,-1
4671039022,2024-01-31,전라남도,담양군,월산면,월평리,347,197,150,346,197,149,-1,0,-1
4671039023,2024-01-31,전라남도,담양군,월산면,중월리,204,106,98,204,105,99,0,-1,1
4671039024,2024-01-31,전라남도,담양군,월산면,용흥리,159,77,82,158,76,82,-1,-1,0
4671039025,2024-01-31,전라남도,담양군,월산면,용암리,170,90,80,172,91,81,2,1,1
4671039026,2024-01-31,전라남도,담양군,월산면,신계리,60,27,33,59,27,32,-1,0,-1
4671039027,2024-01-31,전라남도,담양군,월산면,광암리,217,120,97,215,119,96,-2,-1,-1
4671039028,2024-01-31,전라남도,담양군,월산면,오성리,95,46,49,95,47,48,0,1,-1
4671039029,2024-01-31,전라남도,담양군,월산면,월계리,215,103,112,212,102,110,-3,-1,-2
4671039030,2024-01-31,전라남도,담양군,월산면,화방리,308,151,157,310,152,158,2,1,1
4671040000,2024-01-31,전라남도,담양군,수북면,수북면,1,0,1,0,0,0,-1,0,-1
4671040021,2024-01-31,전라남도,담양군,수북면,나산리,315,161,154,319,163,156,4,2,2
4671040022,2024-01-31,전라남도,담양군,수북면,개동리,222,110,112,222,110,112,0,0,0
4671040023,2024-01-31,전라남도,담양군,수북면,정중리,139,72,67,140,73,67,1,1,0
4671040024,2024-01-31,전라남도,담양군,수북면,황금리,207,107,100,207,107,100,0,0,0
4671040025,2024-01-31,전라남도,담양군,수북면,고성리,329,160,169,325,158,167,-4,-2,-2
4671040026,2024-01-31,전라남도,담양군,수북면,오정리,390,195,195,389,194,195,-1,-1,0
4671040027,2024-01-31,전라남도,담양군,수북면,대방리,908,469,439,903,468,435,-5,-1,-4
4671040028,2024-01-31,전라남도,담양군,수북면,궁산리,341,158,183,340,158,182,-1,0,-1
4671040029,2024-01-31,전라남도,담양군,수북면,두정리,198,102,96,196,99,97,-2,-3,1
4671040030,2024-01-31,전라남도,담양군,수북면,주평리,404,195,209,403,194,209,-1,-1,0
4671040031,2024-01-31,전라남도,담양군,수북면,풍수리,254,130,124,256,132,124,2,2,0
4671040032,2024-01-31,전라남도,담양군,수북면,남산리,120,69,51,118,67,51,-2,-2,0
4671040033,2024-01-31,전라남도,담양군,수북면,대흥리,148,77,71,148,77,71,0,0,0
4671040034,2024-01-31,전라남도,담양군,수북면,수북리,427,235,192,432,238,194,5,3,2
4671040035,2024-01-31,전라남도,담양군,수북면,담빛리,363,196,167,365,198,167,2,2,0
4671041021,2024-01-31,전라남도,담양군,대전면,대치리,1450,701,749,1440,696,744,-10,-5,-5
4671041022,2024-01-31,전라남도,담양군,대전면,평장리,204,103,101,201,101,100,-3,-2,-1
4671041023,2024-01-31,전라남도,담양군,대전면,서옥리,97,52,45,97,52,45,0,0,0
4671041024,2024-01-31,전라남도,담양군,대전면,중옥리,224,117,107,222,117,105,-2,0,-2
4671041025,2024-01-31,전라남도,담양군,대전면,응용리,199,103,96,198,102,96,-1,-1,0
4671041026,2024-01-31,전라남도,담양군,대전면,태목리,256,119,137,257,119,138,1,0,1
4671041027,2024-01-31,전라남도,담양군,대전면,강의리,202,99,103,200,98,102,-2,-1,-1
4671041028,2024-01-31,전라남도,담양군,대전면,월본리,358,165,193,354,164,190,-4,-1,-3
4671041029,2024-01-31,전라남도,담양군,대전면,병풍리,198,114,84,197,113,84,-1,-1,0
4671041030,2024-01-31,전라남도,담양군,대전면,행성리,576,283,293,569,280,289,-7,-3,-4
4671041031,2024-01-31,전라남도,담양군,대전면,성산리,145,66,79,145,66,79,0,0,0
4671041032,2024-01-31,전라남도,담양군,대전면,갑향리,281,144,137,280,143,137,-1,-1,0
4672025021,2024-01-31,전라남도,곡성군,곡성읍,읍내리,2994,1493,1501,2989,1494,1495,-5,1,-6
4672025022,2024-01-31,전라남도,곡성군,곡성읍,학정리,1735,835,900,1728,831,897,-7,-4,-3
4672025023,2024-01-31,전라남도,곡성군,곡성읍,교촌리,281,128,153,288,128,160,7,0,7
4672025024,2024-01-31,전라남도,곡성군,곡성읍,죽동리,471,219,252,468,219,249,-3,0,-3
4672025025,2024-01-31,전라남도,곡성군,곡성읍,신월리,174,83,91,175,84,91,1,1,0
4672025026,2024-01-31,전라남도,곡성군,곡성읍,월봉리,89,43,46,89,43,46,0,0,0
4672025027,2024-01-31,전라남도,곡성군,곡성읍,구원리,327,163,164,326,161,165,-1,-2,1
4672025028,2024-01-31,전라남도,곡성군,곡성읍,서계리,90,44,46,89,44,45,-1,0,-1
4672025029,2024-01-31,전라남도,곡성군,곡성읍,대평리,439,211,228,435,210,225,-4,-1,-3
4672025030,2024-01-31,전라남도,곡성군,곡성읍,신리,153,74,79,153,74,79,0,0,0
4672025031,2024-01-31,전라남도,곡성군,곡성읍,동산리,63,24,39,63,24,39,0,0,0
4672025032,2024-01-31,전라남도,곡성군,곡성읍,장선리,192,92,100,191,92,99,-1,0,-1
4672025033,2024-01-31,전라남도,곡성군,곡성읍,신기리,339,159,180,337,156,181,-2,-3,1
4672025034,2024-01-31,전라남도,곡성군,곡성읍,묘천리,205,98,107,205,98,107,0,0,0
4672031021,2024-01-31,전라남도,곡성군,오곡면,오지리,781,369,412,778,368,410,-3,-1,-2
4672031022,2024-01-31,전라남도,곡성군,오곡면,덕산리,77,36,41,77,36,41,0,0,0
4672031023,2024-01-31,전라남도,곡성군,오곡면,침곡리,82,40,42,82,40,42,0,0,0
4672031024,2024-01-31,전라남도,곡성군,오곡면,송정리,51,26,25,52,25,27,1,-1,2
4672031025,2024-01-31,전라남도,곡성군,오곡면,봉조리,97,47,50,96,47,49,-1,0,-1
4672031026,2024-01-31,전라남도,곡성군,오곡면,압록리,246,121,125,244,118,126,-2,-3,1
4672031027,2024-01-31,전라남도,곡성군,오곡면,명산리,86,41,45,85,40,45,-1,-1,0
4672031028,2024-01-31,전라남도,곡성군,오곡면,승법리,65,33,32,65,32,33,0,-1,1
4672031029,2024-01-31,전라남도,곡성군,오곡면,구성리,124,67,57,123,67,56,-1,0,-1
4672031030,2024-01-31,전라남도,곡성군,오곡면,미산리,180,104,76,179,104,75,-1,0,-1
4672032021,2024-01-31,전라남도,곡성군,삼기면,원등리,289,138,151,285,137,148,-4,-1,-3
4672032022,2024-01-31,전라남도,곡성군,삼기면,월경리,83,37,46,86,38,48,3,1,2
4672032023,2024-01-31,전라남도,곡성군,삼기면,괴소리,251,122,129,248,121,127,-3,-1,-2
4672032024,2024-01-31,전라남도,곡성군,삼기면,의암리,78,39,39,79,39,40,1,0,1
4672032025,2024-01-31,전라남도,곡성군,삼기면,금반리,169,86,83,168,85,83,-1,-1,0
4672032026,2024-01-31,전라남도,곡성군,삼기면,청계리,124,61,63,125,62,63,1,1,0
4672032027,2024-01-31,전라남도,곡성군,삼기면,농소리,154,78,76,153,78,75,-1,0,-1
4672032028,2024-01-31,전라남도,곡성군,삼기면,노동리,87,45,42,88,45,43,1,0,1
4672032029,2024-01-31,전라남도,곡성군,삼기면,수산리,107,52,55,108,52,56,1,0,1
4672032030,2024-01-31,전라남도,곡성군,삼기면,근촌리,176,93,83,174,92,82,-2,-1,-1
4672032031,2024-01-31,전라남도,곡성군,삼기면,경악리,74,34,40,75,34,41,1,0,1
4672032032,2024-01-31,전라남도,곡성군,삼기면,금계리,44,20,24,44,20,24,0,0,0
4672033021,2024-01-31,전라남도,곡성군,석곡면,석곡리,659,303,356,656,299,357,-3,-4,1
4672033022,2024-01-31,전라남도,곡성군,석곡면,능파리,216,100,116,213,99,114,-3,-1,-2
4672033023,2024-01-31,전라남도,곡성군,석곡면,덕흥리,152,74,78,148,74,74,-4,0,-4
4672033024,2024-01-31,전라남도,곡성군,석곡면,당월리,120,55,65,121,56,65,1,1,0
4672033025,2024-01-31,전라남도,곡성군,석곡면,방송리,145,69,76,147,70,77,2,1,1
4672033026,2024-01-31,전라남도,곡성군,석곡면,연반리,188,89,99,188,89,99,0,0,0
4672033027,2024-01-31,전라남도,곡성군,석곡면,죽산리,87,41,46,87,41,46,0,0,0
4672033028,2024-01-31,전라남도,곡성군,석곡면,온수리,97,51,46,99,53,46,2,2,0
4672033029,2024-01-31,전라남도,곡성군,석곡면,염곡리,180,85,95,180,86,94,0,1,-1
4672033030,2024-01-31,전라남도,곡성군,석곡면,유정리,174,88,86,172,86,86,-2,-2,0
4672033031,2024-01-31,전라남도,곡성군,석곡면,구봉리,119,56,63,120,57,63,1,1,0
4672033032,2024-01-31,전라남도,곡성군,석곡면,봉전리,73,38,35,73,38,35,0,0,0
4672034021,2024-01-31,전라남도,곡성군,목사동면,평리,234,120,114,235,119,116,1,-1,2
4672034022,2024-01-31,전라남도,곡성군,목사동면,동암리,77,39,38,76,39,37,-1,0,-1
4672034023,2024-01-31,전라남도,곡성군,목사동면,구룡리,44,25,19,42,25,17,-2,0,-2
4672034024,2024-01-31,전라남도,곡성군,목사동면,용사리,43,19,24,42,18,24,-1,-1,0
4672034025,2024-01-31,전라남도,곡성군,목사동면,수곡리,79,41,38,80,41,39,1,0,1
4672034026,2024-01-31,전라남도,곡성군,목사동면,범계리,61,32,29,61,32,29,0,0,0
4672034027,2024-01-31,전라남도,곡성군,목사동면,공북리,150,77,73,151,77,74,1,0,1
4672034028,2024-01-31,전라남도,곡성군,목사동면,대곡리,164,71,93,163,71,92,-1,0,-1
4672034029,2024-01-31,전라남도,곡성군,목사동면,신기리,70,38,32,67,37,30,-3,-1,-2
4672034030,2024-01-31,전라남도,곡성군,목사동면,죽정리,150,78,72,152,80,72,2,2,0
4672034031,2024-01-31,전라남도,곡성군,목사동면,용봉리,97,49,48,98,50,48,1,1,0
4672034032,2024-01-31,전라남도,곡성군,목사동면,신전리,158,78,80,157,77,80,-1,-1,0
4672035021,2024-01-31,전라남도,곡성군,죽곡면,태평리,346,169,177,344,167,177,-2,-2,0
4672035022,2024-01-31,전라남도,곡성군,죽곡면,화양리,81,41,40,81,40,41,0,-1,1
4672035023,2024-01-31,전라남도,곡성군,죽곡면,봉정리,201,95,106,206,99,107,5,4,1
4672035024,2024-01-31,전라남도,곡성군,죽곡면,신풍리,125,64,61,125,64,61,0,0,0
4672035025,2024-01-31,전라남도,곡성군,죽곡면,연화리,60,34,26,60,34,26,0,0,0
4672035026,2024-01-31,전라남도,곡성군,죽곡면,삼태리,125,55,70,124,55,69,-1,0,-1
4672035027,2024-01-31,전라남도,곡성군,죽곡면,당동리,149,73,76,146,72,74,-3,-1,-2
4672035028,2024-01-31,전라남도,곡성군,죽곡면,남양리,49,19,30,49,19,30,0,0,0
4672035029,2024-01-31,전라남도,곡성군,죽곡면,유봉리,89,45,44,88,45,43,-1,0,-1
4672035030,2024-01-31,전라남도,곡성군,죽곡면,동계리,143,68,75,145,68,77,2,0,2
4672035031,2024-01-31,전라남도,곡성군,죽곡면,원달리,151,86,65,153,86,67,2,0,2
4672035032,2024-01-31,전라남도,곡성군,죽곡면,고치리,83,40,43,89,43,46,6,3,3
4672035033,2024-01-31,전라남도,곡성군,죽곡면,용정리,102,51,51,102,51,51,0,0,0
4672035034,2024-01-31,전라남도,곡성군,죽곡면,하한리,156,82,74,156,83,73,0,1,-1
4672036021,2024-01-31,전라남도,곡성군,고달면,목동리,332,160,172,335,161,174,3,1,2
4672036022,2024-01-31,전라남도,곡성군,고달면,뇌죽리,115,56,59,116,56,60,1,0,1
4672036023,2024-01-31,전라남도,곡성군,고달면,대사리,155,80,75,155,79,76,0,-1,1
4672036024,2024-01-31,전라남도,곡성군,고달면,백곡리,218,119,99,214,118,96,-4,-1,-3
4672036025,2024-01-31,전라남도,곡성군,고달면,고달리,151,78,73,150,77,73,-1,-1,0
4672036026,2024-01-31,전라남도,곡성군,고달면,호곡리,40,26,14,40,27,13,0,1,-1
4672036027,2024-01-31,전라남도,곡성군,고달면,두가리,112,58,54,113,58,55,1,0,1
4672037021,2024-01-31,전라남도,곡성군,옥과면,옥과리,756,419,337,744,407,337,-12,-12,0
4672037022,2024-01-31,전라남도,곡성군,옥과면,죽림리,1098,548,550,1094,544,550,-4,-4,0
4672037023,2024-01-31,전라남도,곡성군,옥과면,리문리,497,259,238,493,258,235,-4,-1,-3
4672037024,2024-01-31,전라남도,곡성군,옥과면,설옥리,132,69,63,132,69,63,0,0,0
4672037025,2024-01-31,전라남도,곡성군,옥과면,율사리,341,164,177,332,160,172,-9,-4,-5
4672037026,2024-01-31,전라남도,곡성군,옥과면,무창리,490,245,245,493,243,250,3,-2,5
4672037027,2024-01-31,전라남도,곡성군,옥과면,주산리,246,114,132,246,115,131,0,1,-1
4672037028,2024-01-31,전라남도,곡성군,옥과면,수리,170,92,78,169,91,78,-1,-1,0
4672037029,2024-01-31,전라남도,곡성군,옥과면,소룡리,94,50,44,96,52,44,2,2,0
4672037030,2024-01-31,전라남도,곡성군,옥과면,합강리,129,68,61,129,67,62,0,-1,1
4672037031,2024-01-31,전라남도,곡성군,옥과면,황산리,96,49,47,96,49,47,0,0,0
4672038021,2024-01-31,전라남도,곡성군,입면,매월리,202,93,109,199,91,108,-3,-2,-1
4672038022,2024-01-31,전라남도,곡성군,입면,흑석리,96,44,52,95,43,52,-1,-1,0
4672038023,2024-01-31,전라남도,곡성군,입면,대장리,39,21,18,40,22,18,1,1,0
4672038024,2024-01-31,전라남도,곡성군,입면,약천리,118,55,63,120,56,64,2,1,1
4672038025,2024-01-31,전라남도,곡성군,입면,만수리,89,46,43,87,45,42,-2,-1,-1
4672038026,2024-01-31,전라남도,곡성군,입면,금산리,156,80,76,158,81,77,2,1,1
4672038027,2024-01-31,전라남도,곡성군,입면,서봉리,183,79,104,184,80,104,1,1,0
4672038028,2024-01-31,전라남도,곡성군,입면,제월리,158,83,75,161,87,74,3,4,-1
4672038029,2024-01-31,전라남도,곡성군,입면,창정리,177,86,91,174,84,90,-3,-2,-1
4672038030,2024-01-31,전라남도,곡성군,입면,입석리,157,85,72,159,86,73,2,1,1
4672038031,2024-01-31,전라남도,곡성군,입면,삼오리,225,116,109,226,115,111,1,-1,2
4672038032,2024-01-31,전라남도,곡성군,입면,송전리,715,404,311,697,391,306,-18,-13,-5
4672039021,2024-01-31,전라남도,곡성군,겸면,현정리,151,74,77,149,74,75,-2,0,-2
4672039022,2024-01-31,전라남도,곡성군,겸면,가정리,194,91,103,194,91,103,0,0,0
4672039023,2024-01-31,전라남도,곡성군,겸면,평장리,133,59,74,133,60,73,0,1,-1
4672039024,2024-01-31,전라남도,곡성군,겸면,마전리,138,64,74,137,64,73,-1,0,-1
4672039025,2024-01-31,전라남도,곡성군,겸면,산정리,82,49,33,81,49,32,-1,0,-1
4672039026,2024-01-31,전라남도,곡성군,겸면,상덕리,91,35,56,89,34,55,-2,-1,-1
4672039027,2024-01-31,전라남도,곡성군,겸면,괴정리,185,91,94,187,93,94,2,2,0
4672039028,2024-01-31,전라남도,곡성군,겸면,대명리,91,46,45,94,47,47,3,1,2
4672039029,2024-01-31,전라남도,곡성군,겸면,송강리,115,59,56,112,57,55,-3,-2,-1
4672039030,2024-01-31,전라남도,곡성군,겸면,운교리,137,72,65,139,73,66,2,1,1
4672039031,2024-01-31,전라남도,곡성군,겸면,칠봉리,148,76,72,147,75,72,-1,-1,0
4672039032,2024-01-31,전라남도,곡성군,겸면,남양리,143,69,74,145,71,74,2,2,0
4672040021,2024-01-31,전라남도,곡성군,오산면,봉동리,282,156,126,284,157,127,2,1,1
4672040022,2024-01-31,전라남도,곡성군,오산면,율천리,64,30,34,66,32,34,2,2,0
4672040023,2024-01-31,전라남도,곡성군,오산면,단사리,100,51,49,99,50,49,-1,-1,0
4672040024,2024-01-31,전라남도,곡성군,오산면,조양리,129,52,77,130,53,77,1,1,0
4672040025,2024-01-31,전라남도,곡성군,오산면,선세리,145,76,69,145,76,69,0,0,0
4672040026,2024-01-31,전라남도,곡성군,오산면,가곡리,182,92,90,185,94,91,3,2,1
4672040027,2024-01-31,전라남도,곡성군,오산면,청단리,115,62,53,116,63,53,1,1,0
4672040028,2024-01-31,전라남도,곡성군,오산면,연화리,227,126,101,229,127,102,2,1,1
4672040029,2024-01-31,전라남도,곡성군,오산면,운곡리,192,106,86,190,105,85,-2,-1,-1
4673025021,2024-01-31,전라남도,구례군,구례읍,봉동리,2449,1190,1259,2452,1192,1260,3,2,1
4673025022,2024-01-31,전라남도,구례군,구례읍,봉남리,1509,743,766,1488,730,758,-21,-13,-8
4673025023,2024-01-31,전라남도,구례군,구례읍,백련리,1538,740,798,1544,743,801,6,3,3
4673025024,2024-01-31,전라남도,구례군,구례읍,산성리,122,65,57,125,68,57,3,3,0
4673025025,2024-01-31,전라남도,구례군,구례읍,신월리,397,178,219,394,177,217,-3,-1,-2
4673025026,2024-01-31,전라남도,구례군,구례읍,봉서리,1558,776,782,1550,773,777,-8,-3,-5
4673025027,2024-01-31,전라남도,구례군,구례읍,원방리,162,76,86,163,77,86,1,1,0
4673025028,2024-01-31,전라남도,구례군,구례읍,논곡리,90,41,49,91,41,50,1,0,1
4673025029,2024-01-31,전라남도,구례군,구례읍,계산리,309,148,161,311,149,162,2,1,1
4673025030,2024-01-31,전라남도,구례군,구례읍,봉북리,2192,1054,1138,2192,1053,1139,0,-1,1
4673031021,2024-01-31,전라남도,구례군,문척면,월전리,538,274,264,540,274,266,2,0,2
4673031022,2024-01-31,전라남도,구례군,문척면,죽마리,337,165,172,338,167,171,1,2,-1
4673031023,2024-01-31,전라남도,구례군,문척면,금정리,257,133,124,265,136,129,8,3,5
4673031024,2024-01-31,전라남도,구례군,문척면,중산리,135,79,56,137,80,57,2,1,1
4673032021,2024-01-31,전라남도,구례군,간전면,간문리,185,93,92,186,94,92,1,1,0
4673032022,2024-01-31,전라남도,구례군,간전면,수평리,154,76,78,155,76,79,1,0,1
4673032023,2024-01-31,전라남도,구례군,간전면,흥대리,190,87,103,194,91,103,4,4,0
4673032024,2024-01-31,전라남도,구례군,간전면,중대리,138,72,66,138,72,66,0,0,0
4673032025,2024-01-31,전라남도,구례군,간전면,운천리,194,96,98,195,95,100,1,-1,2
4673032026,2024-01-31,전라남도,구례군,간전면,금산리,109,60,49,110,61,49,1,1,0
4673032027,2024-01-31,전라남도,구례군,간전면,양천리,187,87,100,189,91,98,2,4,-2
4673032028,2024-01-31,전라남도,구례군,간전면,삼산리,79,41,38,78,41,37,-1,0,-1
4673032029,2024-01-31,전라남도,구례군,간전면,효곡리,168,86,82,168,86,82,0,0,0
4673033021,2024-01-31,전라남도,구례군,토지면,구산리,372,183,189,370,182,188,-2,-1,-1
4673033022,2024-01-31,전라남도,구례군,토지면,파도리,284,133,151,279,131,148,-5,-2,-3
4673033023,2024-01-31,전라남도,구례군,토지면,외곡리,352,177,175,346,176,170,-6,-1,-5
4673033024,2024-01-31,전라남도,구례군,토지면,용두리,105,48,57,104,48,56,-1,0,-1
4673033025,2024-01-31,전라남도,구례군,토지면,오미리,267,130,137,269,133,136,2,3,-1
4673033026,2024-01-31,전라남도,구례군,토지면,송정리,117,61,56,116,60,56,-1,-1,0
4673033027,2024-01-31,전라남도,구례군,토지면,내동리,261,146,115,259,144,115,-2,-2,0
4673033028,2024-01-31,전라남도,구례군,토지면,내서리,209,109,100,207,109,98,-2,0,-2
4673033029,2024-01-31,전라남도,구례군,토지면,문수리,172,85,87,172,84,88,0,-1,1
4673033030,2024-01-31,전라남도,구례군,토지면,금내리,321,143,178,318,141,177,-3,-2,-1
4673034021,2024-01-31,전라남도,구례군,마산면,마산리,438,209,229,439,206,233,1,-3,4
4673034022,2024-01-31,전라남도,구례군,마산면,광평리,377,190,187,380,190,190,3,0,3
4673034023,2024-01-31,전라남도,구례군,마산면,사도리,351,162,189,345,158,187,-6,-4,-2
4673034024,2024-01-31,전라남도,구례군,마산면,황전리,426,230,196,426,230,196,0,0,0
4673034025,2024-01-31,전라남도,구례군,마산면,갑산리,203,95,108,203,95,108,0,0,0
4673034026,2024-01-31,전라남도,구례군,마산면,냉천리,699,338,361,695,337,358,-4,-1,-3
4673035021,2024-01-31,전라남도,구례군,광의면,연파리,281,135,146,280,134,146,-1,-1,0
4673035022,2024-01-31,전라남도,구례군,광의면,방광리,261,122,139,260,124,136,-1,2,-3
4673035023,2024-01-31,전라남도,구례군,광의면,대산리,254,129,125,253,130,123,-1,1,-2
4673035024,2024-01-31,전라남도,구례군,광의면,지천리,390,198,192,389,195,194,-1,-3,2
4673035025,2024-01-31,전라남도,구례군,광의면,수월리,291,139,152,284,136,148,-7,-3,-4
4673035026,2024-01-31,전라남도,구례군,광의면,대전리,219,97,122,219,98,121,0,1,-1
4673035027,2024-01-31,전라남도,구례군,광의면,온당리,358,170,188,356,170,186,-2,0,-2
4673035028,2024-01-31,전라남도,구례군,광의면,구만리,100,40,60,98,39,59,-2,-1,-1
4673036021,2024-01-31,전라남도,구례군,용방면,용정리,177,89,88,172,84,88,-5,-5,0
4673036022,2024-01-31,전라남도,구례군,용방면,신지리,151,63,88,153,65,88,2,2,0
4673036023,2024-01-31,전라남도,구례군,용방면,사림리,195,89,106,196,91,105,1,2,-1
4673036024,2024-01-31,전라남도,구례군,용방면,용강리,242,123,119,239,120,119,-3,-3,0
4673036025,2024-01-31,전라남도,구례군,용방면,중방리,193,99,94,194,101,93,1,2,-1
4673036026,2024-01-31,전라남도,구례군,용방면,신도리,196,86,110,198,87,111,2,1,1
4673036027,2024-01-31,전라남도,구례군,용방면,죽정리,197,104,93,199,106,93,2,2,0
4673037021,2024-01-31,전라남도,구례군,산동면,원촌리,358,174,184,357,173,184,-1,-1,0
4673037022,2024-01-31,전라남도,구례군,산동면,원달리,96,47,49,95,46,49,-1,-1,0
4673037023,2024-01-31,전라남도,구례군,산동면,시상리,89,38,51,86,37,49,-3,-1,-2
4673037024,2024-01-31,전라남도,구례군,산동면,외산리,243,122,121,251,125,126,8,3,5
4673037025,2024-01-31,전라남도,구례군,산동면,대평리,271,137,134,266,133,133,-5,-4,-1
4673037026,2024-01-31,전라남도,구례군,산동면,좌사리,276,139,137,273,138,135,-3,-1,-2
4673037027,2024-01-31,전라남도,구례군,산동면,이평리,141,64,77,141,63,78,0,-1,1
4673037028,2024-01-31,전라남도,구례군,산동면,신학리,148,65,83,147,64,83,-1,-1,0
4673037029,2024-01-31,전라남도,구례군,산동면,내산리,251,121,130,255,123,132,4,2,2
4673037030,2024-01-31,전라남도,구례군,산동면,관산리,259,137,122,261,137,124,2,0,2
4673037031,2024-01-31,전라남도,구례군,산동면,수기리,81,40,41,81,40,41,0,0,0
4673037032,2024-01-31,전라남도,구례군,산동면,계천리,189,88,101,185,85,100,-4,-3,-1
4673037033,2024-01-31,전라남도,구례군,산동면,둔사리,128,65,63,129,65,64,1,0,1
4673037034,2024-01-31,전라남도,구례군,산동면,위안리,167,88,79,167,88,79,0,0,0
4673037035,2024-01-31,전라남도,구례군,산동면,탑정리,161,83,78,162,83,79,1,0,1
4677025021,2024-01-31,전라남도,고흥군,고흥읍,고소리,220,112,108,217,111,106,-3,-1,-2
4677025022,2024-01-31,전라남도,고흥군,고흥읍,호동리,356,190,166,354,188,166,-2,-2,0
4677025023,2024-01-31,전라남도,고흥군,고흥읍,성촌리,184,91,93,179,87,92,-5,-4,-1
4677025024,2024-01-31,전라남도,고흥군,고흥읍,등암리,1762,863,899,1771,868,903,9,5,4
4677025025,2024-01-31,전라남도,고흥군,고흥읍,호형리,1211,587,624,1209,587,622,-2,0,-2
4677025026,2024-01-31,전라남도,고흥군,고흥읍,남계리,5278,2524,2754,5259,2516,2743,-19,-8,-11
4677025027,2024-01-31,전라남도,고흥군,고흥읍,옥하리,734,363,371,729,360,369,-5,-3,-2
4677025028,2024-01-31,전라남도,고흥군,고흥읍,서문리,1598,797,801,1587,790,797,-11,-7,-4
4677025029,2024-01-31,전라남도,고흥군,고흥읍,행정리,1100,535,565,1108,535,573,8,0,8
4677025321,2024-01-31,전라남도,고흥군,도양읍,장계리,304,156,148,306,157,149,2,1,1
4677025322,2024-01-31,전라남도,고흥군,도양읍,관리,321,163,158,322,163,159,1,0,1
4677025323,2024-01-31,전라남도,고흥군,도양읍,용정리,820,407,413,813,403,410,-7,-4,-3
4677025324,2024-01-31,전라남도,고흥군,도양읍,봉암리,7895,3858,4037,7896,3850,4046,1,-8,9
4677025325,2024-01-31,전라남도,고흥군,도양읍,득량리,78,40,38,74,37,37,-4,-3,-1
4677025326,2024-01-31,전라남도,고흥군,도양읍,소록리,538,274,264,532,271,261,-6,-3,-3
4677025327,2024-01-31,전라남도,고흥군,도양읍,시산리,192,96,96,191,96,95,-1,0,-1
4677031021,2024-01-31,전라남도,고흥군,풍양면,상림리,144,84,60,150,86,64,6,2,4
4677031022,2024-01-31,전라남도,고흥군,풍양면,야막리,243,126,117,241,125,116,-2,-1,-1
4677031023,2024-01-31,전라남도,고흥군,풍양면,보천리,255,131,124,256,131,125,1,0,1
4677031024,2024-01-31,전라남도,고흥군,풍양면,당두리,176,87,89,176,87,89,0,0,0
4677031025,2024-01-31,전라남도,고흥군,풍양면,고옥리,336,165,171,334,164,170,-2,-1,-1
4677031026,2024-01-31,전라남도,고흥군,풍양면,한동리,244,122,122,243,119,124,-1,-3,2
4677031027,2024-01-31,전라남도,고흥군,풍양면,안동리,127,69,58,127,69,58,0,0,0
4677031028,2024-01-31,전라남도,고흥군,풍양면,매곡리,205,102,103,204,101,103,-1,-1,0
4677031029,2024-01-31,전라남도,고흥군,풍양면,풍남리,582,290,292,580,291,289,-2,1,-3
4677031030,2024-01-31,전라남도,고흥군,풍양면,송정리,212,103,109,213,103,110,1,0,1
4677031031,2024-01-31,전라남도,고흥군,풍양면,율치리,276,142,134,276,141,135,0,-1,1
4677031032,2024-01-31,전라남도,고흥군,풍양면,봉양리,152,65,87,154,66,88,2,1,1
4677032021,2024-01-31,전라남도,고흥군,도덕면,도덕리,514,248,266,510,249,261,-4,1,-5
4677032022,2024-01-31,전라남도,고흥군,도덕면,신양리,523,254,269,519,252,267,-4,-2,-2
4677032023,2024-01-31,전라남도,고흥군,도덕면,가야리,711,358,353,706,354,352,-5,-4,-1
4677032024,2024-01-31,전라남도,고흥군,도덕면,봉덕리,373,186,187,370,184,186,-3,-2,-1
4677032025,2024-01-31,전라남도,고흥군,도덕면,오마리,302,153,149,296,151,145,-6,-2,-4
4677032026,2024-01-31,전라남도,고흥군,도덕면,용동리,373,186,187,369,184,185,-4,-2,-2
4677033021,2024-01-31,전라남도,고흥군,금산면,대흥리,667,337,330,661,333,328,-6,-4,-2
4677033022,2024-01-31,전라남도,고흥군,금산면,어전리,693,339,354,704,346,358,11,7,4
4677033023,2024-01-31,전라남도,고흥군,금산면,신전리,314,160,154,301,153,148,-13,-7,-6
4677033024,2024-01-31,전라남도,고흥군,금산면,신촌리,693,329,364,694,330,364,1,1,0
4677033025,2024-01-31,전라남도,고흥군,금산면,석정리,579,285,294,578,284,294,-1,-1,0
4677033026,2024-01-31,전라남도,고흥군,금산면,신평리,576,279,297,576,279,297,0,0,0
4677033027,2024-01-31,전라남도,고흥군,금산면,오천리,597,292,305,598,293,305,1,1,0
4677034021,2024-01-31,전라남도,고흥군,도화면,가화리,580,281,299,583,283,300,3,2,1
4677034022,2024-01-31,전라남도,고흥군,도화면,구암리,443,218,225,447,219,228,4,1,3
4677034023,2024-01-31,전라남도,고흥군,도화면,사덕리,282,136,146,282,135,147,0,-1,1
4677034025,2024-01-31,전라남도,고흥군,도화면,덕중리,140,67,73,140,67,73,0,0,0
4677034026,2024-01-31,전라남도,고흥군,도화면,봉산리,176,77,99,173,76,97,-3,-1,-2
4677034027,2024-01-31,전라남도,고흥군,도화면,당오리,865,427,438,859,424,435,-6,-3,-3
4677034028,2024-01-31,전라남도,고흥군,도화면,신호리,277,127,150,278,128,150,1,1,0
4677034029,2024-01-31,전라남도,고흥군,도화면,봉룡리,332,166,166,332,166,166,0,0,0
4677034030,2024-01-31,전라남도,고흥군,도화면,지죽리,252,137,115,249,135,114,-3,-2,-1
4677034031,2024-01-31,전라남도,고흥군,도화면,발포리,305,156,149,307,156,151,2,0,2
4677035021,2024-01-31,전라남도,고흥군,포두면,남성리,516,253,263,516,252,264,0,-1,1
4677035022,2024-01-31,전라남도,고흥군,포두면,옥강리,387,182,205,387,181,206,0,-1,1
4677035023,2024-01-31,전라남도,고흥군,포두면,차동리,248,130,118,246,128,118,-2,-2,0
4677035024,2024-01-31,전라남도,고흥군,포두면,세동리,252,131,121,254,132,122,2,1,1
4677035025,2024-01-31,전라남도,고흥군,포두면,길두리,970,458,512,974,458,516,4,0,4
4677035026,2024-01-31,전라남도,고흥군,포두면,상대리,483,242,241,483,242,241,0,0,0
4677035027,2024-01-31,전라남도,고흥군,포두면,봉림리,222,107,115,224,108,116,2,1,1
4677035028,2024-01-31,전라남도,고흥군,포두면,장수리,164,75,89,163,75,88,-1,0,-1
4677035029,2024-01-31,전라남도,고흥군,포두면,상포리,306,149,157,301,148,153,-5,-1,-4
4677035030,2024-01-31,전라남도,고흥군,포두면,남촌리,282,126,156,283,127,156,1,1,0
4677035031,2024-01-31,전라남도,고흥군,포두면,송산리,461,220,241,472,222,250,11,2,9
4677035032,2024-01-31,전라남도,고흥군,포두면,오취리,367,177,190,368,179,189,1,2,-1
4677036022,2024-01-31,전라남도,고흥군,봉래면,외초리,300,145,155,303,148,155,3,3,0
4677036023,2024-01-31,전라남도,고흥군,봉래면,예내리,256,139,117,254,141,113,-2,2,-4
4677036024,2024-01-31,전라남도,고흥군,봉래면,신금리,1072,522,550,1070,516,554,-2,-6,4
4677036027,2024-01-31,전라남도,고흥군,봉래면,사양리,221,107,114,222,108,114,1,1,0
4677037021,2024-01-31,전라남도,고흥군,점암면,천학리,211,99,112,211,100,111,0,1,-1
4677037022,2024-01-31,전라남도,고흥군,점암면,장남리,251,113,138,254,114,140,3,1,2
4677037023,2024-01-31,전라남도,고흥군,점암면,강산리,180,89,91,180,88,92,0,-1,1
4677037024,2024-01-31,전라남도,고흥군,점암면,여호리,181,88,93,183,89,94,2,1,1
4677037025,2024-01-31,전라남도,고흥군,점암면,화계리,183,94,89,180,93,87,-3,-1,-2
4677037026,2024-01-31,전라남도,고흥군,점암면,성기리,262,137,125,259,137,122,-3,0,-3
4677037027,2024-01-31,전라남도,고흥군,점암면,모룡리,286,138,148,287,139,148,1,1,0
4677037028,2024-01-31,전라남도,고흥군,점암면,대룡리,206,100,106,205,99,106,-1,-1,0
4677037029,2024-01-31,전라남도,고흥군,점암면,사정리,227,106,121,223,102,121,-4,-4,0
4677037030,2024-01-31,전라남도,고흥군,점암면,연봉리,245,119,126,244,118,126,-1,-1,0
4677037031,2024-01-31,전라남도,고흥군,점암면,신안리,365,168,197,367,171,196,2,3,-1
4677038021,2024-01-31,전라남도,고흥군,과역면,신곡리,213,99,114,216,100,116,3,1,2
4677038022,2024-01-31,전라남도,고흥군,과역면,백일리,285,129,156,281,128,153,-4,-1,-3
4677038023,2024-01-31,전라남도,고흥군,과역면,연등리,358,172,186,357,171,186,-1,-1,0
4677038024,2024-01-31,전라남도,고흥군,과역면,호덕리,142,68,74,145,69,76,3,1,2
4677038025,2024-01-31,전라남도,고흥군,과역면,석봉리,287,138,149,283,138,145,-4,0,-4
4677038026,2024-01-31,전라남도,고흥군,과역면,과역리,1117,546,571,1111,544,567,-6,-2,-4
4677038027,2024-01-31,전라남도,고흥군,과역면,노일리,390,190,200,392,191,201,2,1,1
4677038028,2024-01-31,전라남도,고흥군,과역면,도천리,324,153,171,324,153,171,0,0,0
4677039021,2024-01-31,전라남도,고흥군,남양면,장담리,269,129,140,271,128,143,2,-1,3
4677039022,2024-01-31,전라남도,고흥군,남양면,신흥리,193,84,109,192,84,108,-1,0,-1
4677039023,2024-01-31,전라남도,고흥군,남양면,대곡리,244,117,127,239,113,126,-5,-4,-1
4677039024,2024-01-31,전라남도,고흥군,남양면,남양리,287,143,144,284,141,143,-3,-2,-1
4677039025,2024-01-31,전라남도,고흥군,남양면,중산리,261,122,139,260,119,141,-1,-3,2
4677039026,2024-01-31,전라남도,고흥군,남양면,월정리,364,177,187,366,179,187,2,2,0
4677039027,2024-01-31,전라남도,고흥군,남양면,망주리,298,134,164,300,135,165,2,1,1
4677039028,2024-01-31,전라남도,고흥군,남양면,침교리,268,132,136,270,134,136,2,2,0
4677040000,2024-01-31,전라남도,고흥군,동강면,동강면,1,1,0,0,0,0,-1,-1,0
4677040021,2024-01-31,전라남도,고흥군,동강면,유둔리,560,288,272,557,288,269,-3,0,-3
4677040022,2024-01-31,전라남도,고흥군,동강면,마륜리,384,183,201,385,184,201,1,1,0
4677040023,2024-01-31,전라남도,고흥군,동강면,대강리,317,170,147,322,170,152,5,0,5
4677040024,2024-01-31,전라남도,고흥군,동강면,매곡리,406,199,207,403,198,205,-3,-1,-2
4677040025,2024-01-31,전라남도,고흥군,동강면,한천리,249,110,139,251,112,139,2,2,0
4677040026,2024-01-31,전라남도,고흥군,동강면,오월리,235,135,100,238,135,103,3,0,3
4677040027,2024-01-31,전라남도,고흥군,동강면,청송리,95,46,49,94,46,48,-1,0,-1
4677040028,2024-01-31,전라남도,고흥군,동강면,죽암리,197,95,102,201,98,103,4,3,1
4677040029,2024-01-31,전라남도,고흥군,동강면,장덕리,219,109,110,220,110,110,1,1,0
4677040030,2024-01-31,전라남도,고흥군,동강면,노동리,311,150,161,311,151,160,0,1,-1
4677041021,2024-01-31,전라남도,고흥군,대서면,금마리,278,134,144,281,137,144,3,3,0
4677041022,2024-01-31,전라남도,고흥군,대서면,남정리,340,160,180,336,159,177,-4,-1,-3
4677041023,2024-01-31,전라남도,고흥군,대서면,안남리,495,246,249,494,247,247,-1,1,-2
4677041024,2024-01-31,전라남도,고흥군,대서면,화산리,313,151,162,323,153,170,10,2,8
4677041025,2024-01-31,전라남도,고흥군,대서면,송림리,256,134,122,256,134,122,0,0,0
4677041026,2024-01-31,전라남도,고흥군,대서면,송강리,237,117,120,234,114,120,-3,-3,0
4677041027,2024-01-31,전라남도,고흥군,대서면,상남리,201,99,102,204,101,103,3,2,1
4677042021,2024-01-31,전라남도,고흥군,두원면,학곡리,252,125,127,249,123,126,-3,-2,-1
4677042022,2024-01-31,전라남도,고흥군,두원면,관덕리,114,53,61,110,52,58,-4,-1,-3
4677042023,2024-01-31,전라남도,고흥군,두원면,풍류리,264,123,141,267,124,143,3,1,2
4677042024,2024-01-31,전라남도,고흥군,두원면,대금리,248,126,122,248,126,122,0,0,0
4677042025,2024-01-31,전라남도,고흥군,두원면,용당리,152,79,73,152,78,74,0,-1,1
4677042026,2024-01-31,전라남도,고흥군,두원면,대전리,223,101,122,224,101,123,1,0,1
4677042027,2024-01-31,전라남도,고흥군,두원면,예회리,179,77,102,178,77,101,-1,0,-1
4677042028,2024-01-31,전라남도,고흥군,두원면,성두리,258,113,145,262,115,147,4,2,2
4677042029,2024-01-31,전라남도,고흥군,두원면,영오리,145,75,70,145,75,70,0,0,0
4677042030,2024-01-31,전라남도,고흥군,두원면,용산리,194,96,98,195,96,99,1,0,1
4677042031,2024-01-31,전라남도,고흥군,두원면,신송리,208,92,116,212,96,116,4,4,0
4677042032,2024-01-31,전라남도,고흥군,두원면,용반리,370,177,193,365,174,191,-5,-3,-2
4677042033,2024-01-31,전라남도,고흥군,두원면,운대리,279,145,134,281,146,135,2,1,1
4677044021,2024-01-31,전라남도,고흥군,영남면,양사리,180,79,101,182,81,101,2,2,0
4677044022,2024-01-31,전라남도,고흥군,영남면,금사리,491,228,263,490,229,261,-1,1,-2
4677044023,2024-01-31,전라남도,고흥군,영남면,남열리,234,110,124,235,110,125,1,0,1
4677044024,2024-01-31,전라남도,고흥군,영남면,우천리,317,167,150,313,165,148,-4,-2,-2
4677045021,2024-01-31,전라남도,고흥군,동일면,봉영리,486,253,233,487,253,234,1,0,1
4677045022,2024-01-31,전라남도,고흥군,동일면,백양리,410,205,205,411,207,204,1,2,-1
4677045023,2024-01-31,전라남도,고흥군,동일면,덕흥리,501,255,246,504,259,245,3,4,-1
4678025021,2024-01-31,전라남도,보성군,보성읍,보성리,2710,1284,1426,2686,1275,1411,-24,-9,-15
4678025022,2024-01-31,전라남도,보성군,보성읍,우산리,2316,1117,1199,2309,1114,1195,-7,-3,-4
4678025023,2024-01-31,전라남도,보성군,보성읍,옥평리,254,120,134,252,115,137,-2,-5,3
4678025024,2024-01-31,전라남도,보성군,보성읍,봉산리,295,148,147,293,147,146,-2,-1,-1
4678025025,2024-01-31,전라남도,보성군,보성읍,쾌상리,367,190,177,369,190,179,2,0,2
4678025026,2024-01-31,전라남도,보성군,보성읍,옥암리,124,64,60,128,66,62,4,2,2
4678025027,2024-01-31,전라남도,보성군,보성읍,대야리,312,155,157,310,154,156,-2,-1,-1
4678025028,2024-01-31,전라남도,보성군,보성읍,원봉리,917,462,455,911,458,453,-6,-4,-2
4678025029,2024-01-31,전라남도,보성군,보성읍,주봉리,962,488,474,961,486,475,-1,-2,1
4678025030,2024-01-31,전라남도,보성군,보성읍,용문리,307,163,144,308,165,143,1,2,-1
4678025321,2024-01-31,전라남도,보성군,벌교읍,벌교리,1758,849,909,1761,851,910,3,2,1
4678025322,2024-01-31,전라남도,보성군,벌교읍,전동리,334,155,179,333,154,179,-1,-1,0
4678025323,2024-01-31,전라남도,보성군,벌교읍,지동리,474,220,254,474,222,252,0,2,-2
4678025324,2024-01-31,전라남도,보성군,벌교읍,고읍리,299,145,154,299,147,152,0,2,-2
4678025325,2024-01-31,전라남도,보성군,벌교읍,낙성리,243,105,138,239,105,134,-4,0,-4
4678025326,2024-01-31,전라남도,보성군,벌교읍,추동리,212,100,112,212,100,112,0,0,0
4678025327,2024-01-31,전라남도,보성군,벌교읍,징광리,181,91,90,182,90,92,1,-1,2
4678025329,2024-01-31,전라남도,보성군,벌교읍,칠동리,307,148,159,303,146,157,-4,-2,-2
4678025330,2024-01-31,전라남도,보성군,벌교읍,척령리,428,232,196,430,234,196,2,2,0
4678025331,2024-01-31,전라남도,보성군,벌교읍,마동리,284,141,143,279,137,142,-5,-4,-1
4678025332,2024-01-31,전라남도,보성군,벌교읍,장좌리,793,396,397,786,395,391,-7,-1,-6
4678025333,2024-01-31,전라남도,보성군,벌교읍,영등리,362,190,172,364,191,173,2,1,1
4678025334,2024-01-31,전라남도,보성군,벌교읍,장암리,298,141,157,302,143,159,4,2,2
4678025335,2024-01-31,전라남도,보성군,벌교읍,대포리,220,101,119,220,100,120,0,-1,1
4678025336,2024-01-31,전라남도,보성군,벌교읍,연산리,287,142,145,282,142,140,-5,0,-5
4678025337,2024-01-31,전라남도,보성군,벌교읍,봉림리,120,58,62,119,57,62,-1,-1,0
4678025338,2024-01-31,전라남도,보성군,벌교읍,회정리,3154,1521,1633,3167,1525,1642,13,4,9
4678025339,2024-01-31,전라남도,보성군,벌교읍,장양리,426,219,207,427,220,207,1,1,0
4678025340,2024-01-31,전라남도,보성군,벌교읍,호동리,285,141,144,283,140,143,-2,-1,-1
4678025341,2024-01-31,전라남도,보성군,벌교읍,장도리,288,153,135,287,152,135,-1,-1,0
4678025342,2024-01-31,전라남도,보성군,벌교읍,옥전리,211,101,110,215,102,113,4,1,3
4678031021,2024-01-31,전라남도,보성군,노동면,광곡리,152,68,84,152,68,84,0,0,0
4678031022,2024-01-31,전라남도,보성군,노동면,대련리,135,71,64,131,69,62,-4,-2,-2
4678031023,2024-01-31,전라남도,보성군,노동면,감정리,52,24,28,53,26,27,1,2,-1
4678031024,2024-01-31,전라남도,보성군,노동면,금호리,147,77,70,146,76,70,-1,-1,0
4678031025,2024-01-31,전라남도,보성군,노동면,옥마리,79,45,34,79,45,34,0,0,0
4678031026,2024-01-31,전라남도,보성군,노동면,용호리,92,45,47,92,45,47,0,0,0
4678031027,2024-01-31,전라남도,보성군,노동면,거석리,121,53,68,118,52,66,-3,-1,-2
4678031028,2024-01-31,전라남도,보성군,노동면,신천리,54,30,24,53,30,23,-1,0,-1
4678031029,2024-01-31,전라남도,보성군,노동면,학동리,117,62,55,118,62,56,1,0,1
4678031030,2024-01-31,전라남도,보성군,노동면,명봉리,108,49,59,110,50,60,2,1,1
4678032021,2024-01-31,전라남도,보성군,미력면,도개리,283,144,139,281,144,137,-2,0,-2
4678032022,2024-01-31,전라남도,보성군,미력면,미력리,94,43,51,94,43,51,0,0,0
4678032023,2024-01-31,전라남도,보성군,미력면,화방리,200,96,104,198,95,103,-2,-1,-1
4678032024,2024-01-31,전라남도,보성군,미력면,용정리,239,115,124,240,116,124,1,1,0
4678032025,2024-01-31,전라남도,보성군,미력면,덕림리,132,66,66,133,66,67,1,0,1
4678032026,2024-01-31,전라남도,보성군,미력면,반룡리,210,108,102,210,108,102,0,0,0
4678032027,2024-01-31,전라남도,보성군,미력면,초당리,168,84,84,167,83,84,-1,-1,0
4678033021,2024-01-31,전라남도,보성군,겸백면,석호리,142,62,80,139,62,77,-3,0,-3
4678033022,2024-01-31,전라남도,보성군,겸백면,운림리,181,95,86,183,95,88,2,0,2
4678033023,2024-01-31,전라남도,보성군,겸백면,은덕리,71,37,34,71,37,34,0,0,0
4678033024,2024-01-31,전라남도,보성군,겸백면,평호리,150,66,84,151,67,84,1,1,0
4678033025,2024-01-31,전라남도,보성군,겸백면,도안리,89,46,43,90,46,44,1,0,1
4678033026,2024-01-31,전라남도,보성군,겸백면,용산리,148,69,79,147,69,78,-1,0,-1
4678033027,2024-01-31,전라남도,보성군,겸백면,남양리,151,75,76,147,73,74,-4,-2,-2
4678033028,2024-01-31,전라남도,보성군,겸백면,사곡리,65,37,28,66,38,28,1,1,0
4678033029,2024-01-31,전라남도,보성군,겸백면,수남리,103,54,49,101,53,48,-2,-1,-1
4678034021,2024-01-31,전라남도,보성군,율어면,율어리,137,63,74,138,65,73,1,2,-1
4678034022,2024-01-31,전라남도,보성군,율어면,금천리,111,55,56,109,55,54,-2,0,-2
4678034023,2024-01-31,전라남도,보성군,율어면,선암리,77,35,42,76,35,41,-1,0,-1
4678034024,2024-01-31,전라남도,보성군,율어면,문양리,227,120,107,226,119,107,-1,-1,0
4678034025,2024-01-31,전라남도,보성군,율어면,칠음리,116,62,54,116,62,54,0,0,0
4678034026,2024-01-31,전라남도,보성군,율어면,고죽리,77,41,36,76,41,35,-1,0,-1
4678034027,2024-01-31,전라남도,보성군,율어면,이동리,192,98,94,190,96,94,-2,-2,0
4678034028,2024-01-31,전라남도,보성군,율어면,유신리,89,43,46,88,42,46,-1,-1,0
4678034029,2024-01-31,전라남도,보성군,율어면,장동리,101,45,56,102,45,57,1,0,1
4678035021,2024-01-31,전라남도,보성군,복내면,복내리,203,99,104,202,99,103,-1,0,-1
4678035022,2024-01-31,전라남도,보성군,복내면,반석리,151,66,85,150,65,85,-1,-1,0
4678035023,2024-01-31,전라남도,보성군,복내면,용동리,105,51,54,103,50,53,-2,-1,-1
4678035024,2024-01-31,전라남도,보성군,복내면,진봉리,92,54,38,93,55,38,1,1,0
4678035025,2024-01-31,전라남도,보성군,복내면,봉천리,182,81,101,186,83,103,4,2,2
4678035026,2024-01-31,전라남도,보성군,복내면,일봉리,87,41,46,83,41,42,-4,0,-4
4678035027,2024-01-31,전라남도,보성군,복내면,시천리,52,29,23,53,30,23,1,1,0
4678035028,2024-01-31,전라남도,보성군,복내면,용전리,83,41,42,83,41,42,0,0,0
4678035029,2024-01-31,전라남도,보성군,복내면,유정리,158,68,90,157,67,90,-1,-1,0
4678035030,2024-01-31,전라남도,보성군,복내면,계산리,93,48,45,89,46,43,-4,-2,-2
4678035031,2024-01-31,전라남도,보성군,복내면,장천리,165,77,88,162,77,85,-3,0,-3
4678035032,2024-01-31,전라남도,보성군,복내면,동교리,174,83,91,176,84,92,2,1,1
4678036021,2024-01-31,전라남도,보성군,문덕면,운곡리,221,111,110,220,111,109,-1,0,-1
4678036022,2024-01-31,전라남도,보성군,문덕면,용암리,160,80,80,160,80,80,0,0,0
4678036023,2024-01-31,전라남도,보성군,문덕면,덕치리,20,12,8,22,13,9,2,1,1
4678036024,2024-01-31,전라남도,보성군,문덕면,죽산리,78,44,34,80,45,35,2,1,1
4678036025,2024-01-31,전라남도,보성군,문덕면,봉갑리,40,22,18,40,22,18,0,0,0
4678036026,2024-01-31,전라남도,보성군,문덕면,봉정리,12,7,5,12,7,5,0,0,0
4678036027,2024-01-31,전라남도,보성군,문덕면,양동리,193,94,99,193,93,100,0,-1,1
4678036028,2024-01-31,전라남도,보성군,문덕면,귀산리,86,50,36,86,50,36,0,0,0
4678036029,2024-01-31,전라남도,보성군,문덕면,동산리,115,52,63,115,52,63,0,0,0
4678037021,2024-01-31,전라남도,보성군,조성면,조성리,774,369,405,767,367,400,-7,-2,-5
4678037022,2024-01-31,전라남도,보성군,조성면,매현리,171,76,95,172,77,95,1,1,0
4678037023,2024-01-31,전라남도,보성군,조성면,은곡리,204,91,113,204,91,113,0,0,0
4678037024,2024-01-31,전라남도,보성군,조성면,신월리,145,70,75,141,67,74,-4,-3,-1
4678037025,2024-01-31,전라남도,보성군,조성면,귀산리,174,85,89,174,86,88,0,1,-1
4678037026,2024-01-31,전라남도,보성군,조성면,축내리,123,58,65,121,57,64,-2,-1,-1
4678037027,2024-01-31,전라남도,보성군,조성면,대곡리,181,95,86,179,95,84,-2,0,-2
4678037028,2024-01-31,전라남도,보성군,조성면,우천리,131,71,60,131,71,60,0,0,0
4678037029,2024-01-31,전라남도,보성군,조성면,봉능리,199,103,96,196,102,94,-3,-1,-2
4678037030,2024-01-31,전라남도,보성군,조성면,덕산리,323,145,178,321,143,178,-2,-2,0
4678037031,2024-01-31,전라남도,보성군,조성면,동촌리,597,290,307,598,289,309,1,-1,2
4678037032,2024-01-31,전라남도,보성군,조성면,용전리,430,204,226,425,202,223,-5,-2,-3
4678038021,2024-01-31,전라남도,보성군,득량면,삼정리,203,104,99,201,102,99,-2,-2,0
4678038022,2024-01-31,전라남도,보성군,득량면,송곡리,345,164,181,353,166,187,8,2,6
4678038023,2024-01-31,전라남도,보성군,득량면,예당리,1163,576,587,1167,578,589,4,2,2
4678038024,2024-01-31,전라남도,보성군,득량면,오봉리,574,273,301,572,272,300,-2,-1,-1
4678038025,2024-01-31,전라남도,보성군,득량면,해평리,641,324,317,642,325,317,1,1,0
4678038026,2024-01-31,전라남도,보성군,득량면,비봉리,277,140,137,279,141,138,2,1,1
4678038027,2024-01-31,전라남도,보성군,득량면,도촌리,159,83,76,159,82,77,0,-1,1
4678038028,2024-01-31,전라남도,보성군,득량면,마천리,196,91,105,196,91,105,0,0,0
4678038029,2024-01-31,전라남도,보성군,득량면,정흥리,144,72,72,145,73,72,1,1,0
4678039021,2024-01-31,전라남도,보성군,회천면,율포리,436,232,204,438,230,208,2,-2,4
4678039022,2024-01-31,전라남도,보성군,회천면,벽교리,173,86,87,172,85,87,-1,-1,0
4678039023,2024-01-31,전라남도,보성군,회천면,전일리,275,127,148,273,126,147,-2,-1,-1
4678039024,2024-01-31,전라남도,보성군,회천면,봉강리,149,76,73,152,78,74,3,2,1
4678039025,2024-01-31,전라남도,보성군,회천면,회령리,257,127,130,256,126,130,-1,-1,0
4678039026,2024-01-31,전라남도,보성군,회천면,영천리,148,64,84,148,64,84,0,0,0
4678039027,2024-01-31,전라남도,보성군,회천면,동율리,357,172,185,353,169,184,-4,-3,-1
4678039028,2024-01-31,전라남도,보성군,회천면,군농리,403,207,196,399,206,193,-4,-1,-3
4678039029,2024-01-31,전라남도,보성군,회천면,화죽리,255,127,128,260,131,129,5,4,1
4678039030,2024-01-31,전라남도,보성군,회천면,천포리,107,50,57,105,49,56,-2,-1,-1
4678039031,2024-01-31,전라남도,보성군,회천면,서당리,239,120,119,237,119,118,-2,-1,-1
4678039032,2024-01-31,전라남도,보성군,회천면,객산리,99,50,49,100,51,49,1,1,0
4678040021,2024-01-31,전라남도,보성군,웅치면,중산리,240,123,117,242,124,118,2,1,1
4678040022,2024-01-31,전라남도,보성군,웅치면,강산리,256,125,131,259,124,135,3,-1,4
4678040023,2024-01-31,전라남도,보성군,웅치면,대산리,155,82,73,156,82,74,1,0,1
4678040024,2024-01-31,전라남도,보성군,웅치면,용반리,93,46,47,96,47,49,3,1,2
4678040025,2024-01-31,전라남도,보성군,웅치면,봉산리,125,60,65,125,60,65,0,0,0
4678040026,2024-01-31,전라남도,보성군,웅치면,유산리,158,75,83,158,75,83,0,0,0
4679025021,2024-01-31,전라남도,화순군,화순읍,교리,4189,2089,2100,4186,2092,2094,-3,3,-6
4679025022,2024-01-31,전라남도,화순군,화순읍,향청리,324,159,165,320,156,164,-4,-3,-1
4679025023,2024-01-31,전라남도,화순군,화순읍,만연리,6622,3090,3532,6593,3073,3520,-29,-17,-12
4679025024,2024-01-31,전라남도,화순군,화순읍,신기리,3744,1866,1878,3725,1854,1871,-19,-12,-7
4679025025,2024-01-31,전라남도,화순군,화순읍,훈리,416,198,218,421,200,221,5,2,3
4679025026,2024-01-31,전라남도,화순군,화순읍,동구리,57,33,24,56,32,24,-1,-1,0
4679025027,2024-01-31,전라남도,화순군,화순읍,유천리,320,165,155,314,162,152,-6,-3,-3
4679025028,2024-01-31,전라남도,화순군,화순읍,일심리,4102,2015,2087,4102,2019,2083,0,4,-4
4679025029,2024-01-31,전라남도,화순군,화순읍,다지리,339,174,165,340,173,167,1,-1,2
4679025030,2024-01-31,전라남도,화순군,화순읍,광덕리,3297,1586,1711,3300,1587,1713,3,1,2
4679025031,2024-01-31,전라남도,화순군,화순읍,삼천리,3867,1927,1940,3887,1942,1945,20,15,5
4679025032,2024-01-31,전라남도,화순군,화순읍,이십곡리,179,95,84,179,95,84,0,0,0
4679025033,2024-01-31,전라남도,화순군,화순읍,대리,6253,3033,3220,6261,3031,3230,8,-2,10
4679025034,2024-01-31,전라남도,화순군,화순읍,강정리,28,16,12,28,16,12,0,0,0
4679025035,2024-01-31,전라남도,화순군,화순읍,벽라리,2637,1274,1363,2623,1264,1359,-14,-10,-4
4679025036,2024-01-31,전라남도,화순군,화순읍,감도리,269,138,131,272,140,132,3,2,1
4679025037,2024-01-31,전라남도,화순군,화순읍,계소리,903,453,450,903,450,453,0,-3,3
4679025038,2024-01-31,전라남도,화순군,화순읍,도웅리,188,95,93,187,93,94,-1,-2,1
4679025039,2024-01-31,전라남도,화순군,화순읍,세량리,99,54,45,98,53,45,-1,-1,0
4679025040,2024-01-31,전라남도,화순군,화순읍,연양리,240,126,114,240,126,114,0,0,0
4679025041,2024-01-31,전라남도,화순군,화순읍,내평리,212,104,108,209,103,106,-3,-1,-2
4679025042,2024-01-31,전라남도,화순군,화순읍,서태리,227,120,107,229,122,107,2,2,0
4679025043,2024-01-31,전라남도,화순군,화순읍,앵남리,199,109,90,200,108,92,1,-1,2
4679025044,2024-01-31,전라남도,화순군,화순읍,수만리,207,123,84,204,119,85,-3,-4,1
4679025045,2024-01-31,전라남도,화순군,화순읍,주도리,245,123,122,243,119,124,-2,-4,2
4679031021,2024-01-31,전라남도,화순군,한천면,모산리,208,108,100,209,108,101,1,0,1
4679031022,2024-01-31,전라남도,화순군,한천면,금전리,118,56,62,117,55,62,-1,-1,0
4679031023,2024-01-31,전라남도,화순군,한천면,한계리,245,124,121,248,127,121,3,3,0
4679031024,2024-01-31,전라남도,화순군,한천면,정리,86,49,37,86,49,37,0,0,0
4679031025,2024-01-31,전라남도,화순군,한천면,가암리,115,63,52,113,62,51,-2,-1,-1
4679031026,2024-01-31,전라남도,화순군,한천면,오음리,130,69,61,134,71,63,4,2,2
4679031027,2024-01-31,전라남도,화순군,한천면,반곡리,98,46,52,97,46,51,-1,0,-1
4679031028,2024-01-31,전라남도,화순군,한천면,평리,80,36,44,79,35,44,-1,-1,0
4679031029,2024-01-31,전라남도,화순군,한천면,정우리,63,26,37,62,25,37,-1,-1,0
4679031030,2024-01-31,전라남도,화순군,한천면,동가리,162,79,83,165,81,84,3,2,1
4679031031,2024-01-31,전라남도,화순군,한천면,고시리,8,4,4,8,4,4,0,0,0
4679032021,2024-01-31,전라남도,화순군,춘양면,석정리,347,173,174,351,176,175,4,3,1
4679032022,2024-01-31,전라남도,화순군,춘양면,화림리,199,106,93,199,105,94,0,-1,1
4679032023,2024-01-31,전라남도,화순군,춘양면,대신리,152,80,72,153,80,73,1,0,1
4679032024,2024-01-31,전라남도,화순군,춘양면,회송리,99,51,48,99,51,48,0,0,0
4679032025,2024-01-31,전라남도,화순군,춘양면,양곡리,76,43,33,76,43,33,0,0,0
4679032026,2024-01-31,전라남도,화순군,춘양면,용곡리,87,44,43,87,44,43,0,0,0
4679032027,2024-01-31,전라남도,화순군,춘양면,월평리,129,62,67,129,62,67,0,0,0
4679032028,2024-01-31,전라남도,화순군,춘양면,가동리,19,8,11,19,8,11,0,0,0
4679032029,2024-01-31,전라남도,화순군,춘양면,변천리,69,35,34,69,35,34,0,0,0
4679032030,2024-01-31,전라남도,화순군,춘양면,산간리,97,50,47,96,49,47,-1,-1,0
4679032031,2024-01-31,전라남도,화순군,춘양면,가봉리,133,72,61,129,70,59,-4,-2,-2
4679032032,2024-01-31,전라남도,화순군,춘양면,용두리,58,29,29,58,29,29,0,0,0
4679032033,2024-01-31,전라남도,화순군,춘양면,우봉리,143,78,65,143,77,66,0,-1,1
4679032034,2024-01-31,전라남도,화순군,춘양면,부곡리,110,57,53,111,58,53,1,1,0
4679033021,2024-01-31,전라남도,화순군,청풍면,풍암리,98,46,52,97,46,51,-1,0,-1
4679033022,2024-01-31,전라남도,화순군,청풍면,한지리,94,48,46,91,47,44,-3,-1,-2
4679033023,2024-01-31,전라남도,화순군,청풍면,어리,66,35,31,64,35,29,-2,0,-2
4679033024,2024-01-31,전라남도,화순군,청풍면,세청리,100,50,50,102,51,51,2,1,1
4679033025,2024-01-31,전라남도,화순군,청풍면,대비리,69,38,31,70,39,31,1,1,0
4679033026,2024-01-31,전라남도,화순군,청풍면,백운리,79,39,40,78,39,39,-1,0,-1
4679033027,2024-01-31,전라남도,화순군,청풍면,청용리,52,24,28,51,23,28,-1,-1,0
4679033028,2024-01-31,전라남도,화순군,청풍면,이만리,32,18,14,33,19,14,1,1,0
4679033029,2024-01-31,전라남도,화순군,청풍면,신석리,68,31,37,66,29,37,-2,-2,0
4679033030,2024-01-31,전라남도,화순군,청풍면,신리,129,67,62,128,66,62,-1,-1,0
4679033031,2024-01-31,전라남도,화순군,청풍면,차리,203,94,109,199,94,105,-4,0,-4
4679034021,2024-01-31,전라남도,화순군,이양면,금능리,138,65,73,138,65,73,0,0,0
4679034022,2024-01-31,전라남도,화순군,이양면,강성리,136,67,69,136,67,69,0,0,0
4679034023,2024-01-31,전라남도,화순군,이양면,용반리,37,16,21,37,16,21,0,0,0
4679034024,2024-01-31,전라남도,화순군,이양면,장치리,28,15,13,28,15,13,0,0,0
4679034025,2024-01-31,전라남도,화순군,이양면,묵곡리,84,42,42,84,42,42,0,0,0
4679034026,2024-01-31,전라남도,화순군,이양면,옥리,31,18,13,31,18,13,0,0,0
4679034027,2024-01-31,전라남도,화순군,이양면,품평리,223,115,108,220,115,105,-3,0,-3
4679034028,2024-01-31,전라남도,화순군,이양면,오류리,298,151,147,297,152,145,-1,1,-2
4679034029,2024-01-31,전라남도,화순군,이양면,이양리,176,84,92,175,83,92,-1,-1,0
4679034030,2024-01-31,전라남도,화순군,이양면,율계리,71,32,39,71,32,39,0,0,0
4679034031,2024-01-31,전라남도,화순군,이양면,송정리,78,40,38,76,39,37,-2,-1,-1
4679034032,2024-01-31,전라남도,화순군,이양면,초방리,83,40,43,84,41,43,1,1,0
4679034033,2024-01-31,전라남도,화순군,이양면,매정리,111,56,55,111,55,56,0,-1,1
4679034034,2024-01-31,전라남도,화순군,이양면,연화리,36,23,13,36,23,13,0,0,0
4679034035,2024-01-31,전라남도,화순군,이양면,구례리,56,23,33,56,23,33,0,0,0
4679034036,2024-01-31,전라남도,화순군,이양면,쌍봉리,107,54,53,109,55,54,2,1,1
4679034037,2024-01-31,전라남도,화순군,이양면,증리,54,30,24,54,30,24,0,0,0
4679035021,2024-01-31,전라남도,화순군,능주면,남정리,262,131,131,254,126,128,-8,-5,-3
4679035022,2024-01-31,전라남도,화순군,능주면,정남리,120,58,62,121,58,63,1,0,1
4679035023,2024-01-31,전라남도,화순군,능주면,석고리,285,138,147,287,138,149,2,0,2
4679035024,2024-01-31,전라남도,화순군,능주면,잠정리,890,423,467,876,418,458,-14,-5,-9
4679035025,2024-01-31,전라남도,화순군,능주면,내리,40,18,22,40,18,22,0,0,0
4679035026,2024-01-31,전라남도,화순군,능주면,관영리,407,195,212,410,198,212,3,3,0
4679035027,2024-01-31,전라남도,화순군,능주면,천덕리,171,84,87,170,84,86,-1,0,-1
4679035028,2024-01-31,전라남도,화순군,능주면,만인리,138,69,69,138,69,69,0,0,0
4679035029,2024-01-31,전라남도,화순군,능주면,광사리,78,42,36,78,42,36,0,0,0
4679035030,2024-01-31,전라남도,화순군,능주면,백암리,223,121,102,225,125,100,2,4,-2
4679035031,2024-01-31,전라남도,화순군,능주면,만수리,217,114,103,216,113,103,-1,-1,0
4679035032,2024-01-31,전라남도,화순군,능주면,원지리,182,89,93,177,86,91,-5,-3,-2
4679036021,2024-01-31,전라남도,화순군,도곡면,대곡리,267,156,111,267,157,110,0,1,-1
4679036022,2024-01-31,전라남도,화순군,도곡면,효산리,395,197,198,394,197,197,-1,0,-1
4679036023,2024-01-31,전라남도,화순군,도곡면,월곡리,231,113,118,231,113,118,0,0,0
4679036024,2024-01-31,전라남도,화순군,도곡면,쌍옥리,253,123,130,252,124,128,-1,1,-2
4679036025,2024-01-31,전라남도,화순군,도곡면,평리,152,78,74,152,78,74,0,0,0
4679036026,2024-01-31,전라남도,화순군,도곡면,덕곡리,102,51,51,105,54,51,3,3,0
4679036027,2024-01-31,전라남도,화순군,도곡면,신성리,156,80,76,156,80,76,0,0,0
4679036028,2024-01-31,전라남도,화순군,도곡면,천암리,477,239,238,479,240,239,2,1,1
4679036029,2024-01-31,전라남도,화순군,도곡면,신덕리,263,116,147,263,117,146,0,1,-1
4679036030,2024-01-31,전라남도,화순군,도곡면,미곡리,106,52,54,107,52,55,1,0,1
4679036031,2024-01-31,전라남도,화순군,도곡면,죽청리,170,91,79,170,91,79,0,0,0
4679036032,2024-01-31,전라남도,화순군,도곡면,원화리,203,110,93,198,105,93,-5,-5,0
4679037021,2024-01-31,전라남도,화순군,도암면,운월리,112,61,51,115,63,52,3,2,1
4679037022,2024-01-31,전라남도,화순군,도암면,도장리,107,48,59,106,47,59,-1,-1,0
4679037023,2024-01-31,전라남도,화순군,도암면,벽지리,81,51,30,80,50,30,-1,-1,0
4679037024,2024-01-31,전라남도,화순군,도암면,정천리,99,56,43,100,56,44,1,0,1
4679037025,2024-01-31,전라남도,화순군,도암면,원천리,224,104,120,225,105,120,1,1,0
4679037026,2024-01-31,전라남도,화순군,도암면,천태리,159,83,76,156,82,74,-3,-1,-2
4679037027,2024-01-31,전라남도,화순군,도암면,지월리,122,63,59,121,62,59,-1,-1,0
4679037028,2024-01-31,전라남도,화순군,도암면,등광리,80,45,35,80,44,36,0,-1,1
4679037029,2024-01-31,전라남도,화순군,도암면,대초리,46,26,20,45,25,20,-1,-1,0
4679037030,2024-01-31,전라남도,화순군,도암면,용강리,179,92,87,186,95,91,7,3,4
4679037031,2024-01-31,전라남도,화순군,도암면,호암리,69,37,32,69,37,32,0,0,0
4679037032,2024-01-31,전라남도,화순군,도암면,우치리,37,21,16,37,21,16,0,0,0
4679037033,2024-01-31,전라남도,화순군,도암면,봉하리,40,22,18,38,22,16,-2,0,-2
4679037034,2024-01-31,전라남도,화순군,도암면,왕정리,11,7,4,11,7,4,0,0,0
4679037035,2024-01-31,전라남도,화순군,도암면,행산리,16,8,8,17,9,8,1,1,0
4679038021,2024-01-31,전라남도,화순군,이서면,서리,19,12,7,19,12,7,0,0,0
4679038022,2024-01-31,전라남도,화순군,이서면,월산리,7,4,3,7,4,3,0,0,0
4679038025,2024-01-31,전라남도,화순군,이서면,창랑리,32,16,16,32,16,16,0,0,0
4679038026,2024-01-31,전라남도,화순군,이서면,도석리,11,6,5,11,6,5,0,0,0
4679038027,2024-01-31,전라남도,화순군,이서면,야사리,251,123,128,254,123,131,3,0,3
4679038028,2024-01-31,전라남도,화순군,이서면,보월리,125,64,61,125,64,61,0,0,0
4679038029,2024-01-31,전라남도,화순군,이서면,인계리,170,86,84,170,85,85,0,-1,1
4679038030,2024-01-31,전라남도,화순군,이서면,영평리,143,71,72,146,73,73,3,2,1
4679038031,2024-01-31,전라남도,화순군,이서면,안심리,148,86,62,147,86,61,-1,0,-1
4679038032,2024-01-31,전라남도,화순군,이서면,갈두리,19,11,8,18,10,8,-1,-1,0
4679039521,2024-01-31,전라남도,화순군,백아면,임곡리,108,57,51,108,57,51,0,0,0
4679039522,2024-01-31,전라남도,화순군,백아면,옥리,141,69,72,141,69,72,0,0,0
4679039523,2024-01-31,전라남도,화순군,백아면,서유리,143,73,70,144,73,71,1,0,1
4679039524,2024-01-31,전라남도,화순군,백아면,맹리,63,35,28,63,35,28,0,0,0
4679039525,2024-01-31,전라남도,화순군,백아면,남치리,85,41,44,86,41,45,1,0,1
4679039526,2024-01-31,전라남도,화순군,백아면,원리,156,74,82,156,74,82,0,0,0
4679039527,2024-01-31,전라남도,화순군,백아면,송단리,111,58,53,109,55,54,-2,-3,1
4679039528,2024-01-31,전라남도,화순군,백아면,방리,58,33,25,57,33,24,-1,0,-1
4679039529,2024-01-31,전라남도,화순군,백아면,노기리,60,34,26,60,34,26,0,0,0
4679039530,2024-01-31,전라남도,화순군,백아면,이천리,174,87,87,172,86,86,-2,-1,-1
4679039531,2024-01-31,전라남도,화순군,백아면,길성리,78,36,42,77,36,41,-1,0,-1
4679039532,2024-01-31,전라남도,화순군,백아면,와천리,22,9,13,22,9,13,0,0,0
4679039533,2024-01-31,전라남도,화순군,백아면,다곡리,95,53,42,96,53,43,1,0,1
4679039534,2024-01-31,전라남도,화순군,백아면,수리,120,58,62,119,57,62,-1,-1,0
4679039535,2024-01-31,전라남도,화순군,백아면,노치리,45,21,24,45,21,24,0,0,0
4679039536,2024-01-31,전라남도,화순군,백아면,용곡리,95,44,51,96,45,51,1,1,0
4679040021,2024-01-31,전라남도,화순군,동복면,독상리,164,80,84,163,81,82,-1,1,-2
4679040022,2024-01-31,전라남도,화순군,동복면,칠정리,120,56,64,126,60,66,6,4,2
4679040023,2024-01-31,전라남도,화순군,동복면,천변리,155,68,87,150,66,84,-5,-2,-3
4679040024,2024-01-31,전라남도,화순군,동복면,유천리,127,60,67,128,61,67,1,1,0
4679040025,2024-01-31,전라남도,화순군,동복면,신율리,155,83,72,157,85,72,2,2,0
4679040026,2024-01-31,전라남도,화순군,동복면,가수리,147,75,72,144,74,70,-3,-1,-2
4679040027,2024-01-31,전라남도,화순군,동복면,안성리,91,46,45,90,45,45,-1,-1,0
4679040028,2024-01-31,전라남도,화순군,동복면,연월리,173,81,92,173,81,92,0,0,0
4679040029,2024-01-31,전라남도,화순군,동복면,읍애리,57,34,23,57,34,23,0,0,0
4679040030,2024-01-31,전라남도,화순군,동복면,연둔리,75,34,41,74,34,40,-1,0,-1
4679040031,2024-01-31,전라남도,화순군,동복면,구암리,120,55,65,118,54,64,-2,-1,-1
4679040032,2024-01-31,전라남도,화순군,동복면,한천리,133,59,74,133,59,74,0,0,0
4679041521,2024-01-31,전라남도,화순군,사평면,사평리,437,219,218,438,222,216,1,3,-2
4679041522,2024-01-31,전라남도,화순군,사평면,대곡리,111,56,55,109,54,55,-2,-2,0
4679041523,2024-01-31,전라남도,화순군,사평면,검산리,91,49,42,91,49,42,0,0,0
4679041524,2024-01-31,전라남도,화순군,사평면,운산리,43,19,24,43,19,24,0,0,0
4679041525,2024-01-31,전라남도,화순군,사평면,원리,148,73,75,149,73,76,1,0,1
4679041526,2024-01-31,전라남도,화순군,사평면,벽송리,258,134,124,257,132,125,-1,-2,1
4679041527,2024-01-31,전라남도,화순군,사평면,장전리,158,84,74,159,84,75,1,0,1
4679041528,2024-01-31,전라남도,화순군,사평면,절산리,176,94,82,176,94,82,0,0,0
4679041529,2024-01-31,전라남도,화순군,사평면,사수리,71,36,35,70,35,35,-1,-1,0
4679041530,2024-01-31,전라남도,화순군,사평면,주산리,42,23,19,42,23,19,0,0,0
4679041531,2024-01-31,전라남도,화순군,사평면,복교리,20,12,8,20,12,8,0,0,0
4679041532,2024-01-31,전라남도,화순군,사평면,남계리,73,36,37,72,35,37,-1,-1,0
4679041533,2024-01-31,전라남도,화순군,사평면,유마리,43,23,20,42,22,20,-1,-1,0
4679041534,2024-01-31,전라남도,화순군,사평면,다산리,100,51,49,100,52,48,0,1,-1
4679041535,2024-01-31,전라남도,화순군,사평면,용리,98,49,49,98,49,49,0,0,0
4679041536,2024-01-31,전라남도,화순군,사평면,내리,143,75,68,144,75,69,1,0,1
4679042021,2024-01-31,전라남도,화순군,동면,백용리,207,108,99,207,108,99,0,0,0
4679042022,2024-01-31,전라남도,화순군,동면,언도리,197,94,103,199,95,104,2,1,1
4679042023,2024-01-31,전라남도,화순군,동면,서성리,130,66,64,128,64,64,-2,-2,0
4679042024,2024-01-31,전라남도,화순군,동면,국동리,63,33,30,61,33,28,-2,0,-2
4679042025,2024-01-31,전라남도,화순군,동면,청궁리,134,61,73,133,61,72,-1,0,-1
4679042026,2024-01-31,전라남도,화순군,동면,마산리,109,56,53,102,53,49,-7,-3,-4
4679042027,2024-01-31,전라남도,화순군,동면,무포리,97,52,45,97,52,45,0,0,0
4679042028,2024-01-31,전라남도,화순군,동면,경치리,95,51,44,95,51,44,0,0,0
4679042029,2024-01-31,전라남도,화순군,동면,복암리,360,191,169,366,195,171,6,4,2
4679042030,2024-01-31,전라남도,화순군,동면,오동리,309,155,154,304,153,151,-5,-2,-3
4679042031,2024-01-31,전라남도,화순군,동면,천덕리,322,162,160,323,163,160,1,1,0
4679042032,2024-01-31,전라남도,화순군,동면,장동리,387,189,198,388,189,199,1,0,1
4679042033,2024-01-31,전라남도,화순군,동면,운농리,328,193,135,329,192,137,1,-1,2
4679042034,2024-01-31,전라남도,화순군,동면,옥호리,152,77,75,155,78,77,3,1,2
4679042035,2024-01-31,전라남도,화순군,동면,대포리,255,123,132,256,124,132,1,1,0
4680025021,2024-01-31,전라남도,장흥군,장흥읍,동동리,352,150,202,350,151,199,-2,1,-3
4680025022,2024-01-31,전라남도,장흥군,장흥읍,남동리,222,110,112,218,106,112,-4,-4,0
4680025023,2024-01-31,전라남도,장흥군,장흥읍,기양리,333,166,167,332,163,169,-1,-3,2
4680025024,2024-01-31,전라남도,장흥군,장흥읍,예양리,620,286,334,620,285,335,0,-1,1
4680025025,2024-01-31,전라남도,장흥군,장흥읍,남외리,335,156,179,334,155,179,-1,-1,0
4680025026,2024-01-31,전라남도,장흥군,장흥읍,교촌리,97,54,43,97,54,43,0,0,0
4680025027,2024-01-31,전라남도,장흥군,장흥읍,충열리,107,50,57,108,51,57,1,1,0
4680025028,2024-01-31,전라남도,장흥군,장흥읍,순지리,99,50,49,98,50,48,-1,0,-1
4680025029,2024-01-31,전라남도,장흥군,장흥읍,성불리,69,34,35,70,35,35,1,1,0
4680025030,2024-01-31,전라남도,장흥군,장흥읍,사안리,168,88,80,169,89,80,1,1,0
4680025031,2024-01-31,전라남도,장흥군,장흥읍,영전리,124,63,61,122,61,61,-2,-2,0
4680025032,2024-01-31,전라남도,장흥군,장흥읍,송암리,52,23,29,53,23,30,1,0,1
4680025033,2024-01-31,전라남도,장흥군,장흥읍,평장리,141,61,80,144,62,82,3,1,2
4680025034,2024-01-31,전라남도,장흥군,장흥읍,덕제리,166,83,83,166,83,83,0,0,0
4680025035,2024-01-31,전라남도,장흥군,장흥읍,평화리,278,143,135,276,143,133,-2,0,-2
4680025037,2024-01-31,전라남도,장흥군,장흥읍,건산리,7856,3823,4033,7852,3828,4024,-4,5,-9
4680025038,2024-01-31,전라남도,장흥군,장흥읍,향양리,506,253,253,506,252,254,0,-1,1
4680025039,2024-01-31,전라남도,장흥군,장흥읍,삼산리,25,14,11,25,14,11,0,0,0
4680025040,2024-01-31,전라남도,장흥군,장흥읍,금산리,193,112,81,192,111,81,-1,-1,0
4680025041,2024-01-31,전라남도,장흥군,장흥읍,해당리,21,15,6,21,15,6,0,0,0
4680025042,2024-01-31,전라남도,장흥군,장흥읍,상리,118,60,58,120,62,58,2,2,0
4680025043,2024-01-31,전라남도,장흥군,장흥읍,축내리,81,42,39,81,42,39,0,0,0
4680025044,2024-01-31,전라남도,장흥군,장흥읍,관덕리,93,41,52,93,41,52,0,0,0
4680025045,2024-01-31,전라남도,장흥군,장흥읍,원도리,1581,777,804,1582,780,802,1,3,-2
4680025046,2024-01-31,전라남도,장흥군,장흥읍,행원리,365,180,185,358,177,181,-7,-3,-4
4680025047,2024-01-31,전라남도,장흥군,장흥읍,연산리,131,66,65,128,63,65,-3,-3,0
4680025048,2024-01-31,전라남도,장흥군,장흥읍,우산리,293,154,139,289,151,138,-4,-3,-1
4680025321,2024-01-31,전라남도,장흥군,관산읍,남송리,217,103,114,218,104,114,1,1,0
4680025322,2024-01-31,전라남도,장흥군,관산읍,성산리,167,70,97,167,70,97,0,0,0
4680025323,2024-01-31,전라남도,장흥군,관산읍,부평리,130,60,70,129,59,70,-1,-1,0
4680025324,2024-01-31,전라남도,장흥군,관산읍,농안리,59,33,26,59,33,26,0,0,0
4680025325,2024-01-31,전라남도,장흥군,관산읍,용전리,163,80,83,164,80,84,1,0,1
4680025326,2024-01-31,전라남도,장흥군,관산읍,옥당리,877,407,470,875,409,466,-2,2,-4
4680025327,2024-01-31,전라남도,장흥군,관산읍,죽교리,356,164,192,353,161,192,-3,-3,0
4680025328,2024-01-31,전라남도,장흥군,관산읍,방촌리,176,95,81,177,96,81,1,1,0
4680025329,2024-01-31,전라남도,장흥군,관산읍,송촌리,191,93,98,192,93,99,1,0,1
4680025330,2024-01-31,전라남도,장흥군,관산읍,지정리,137,66,71,136,66,70,-1,0,-1
4680025331,2024-01-31,전라남도,장흥군,관산읍,신동리,299,154,145,296,154,142,-3,0,-3
4680025332,2024-01-31,전라남도,장흥군,관산읍,삼산리,690,337,353,682,334,348,-8,-3,-5
4680025333,2024-01-31,전라남도,장흥군,관산읍,외동리,425,214,211,428,214,214,3,0,3
4680025334,2024-01-31,전라남도,장흥군,관산읍,하발리,174,78,96,174,79,95,0,1,-1
4680025335,2024-01-31,전라남도,장흥군,관산읍,죽청리,208,99,109,209,100,109,1,1,0
4680025336,2024-01-31,전라남도,장흥군,관산읍,고마리,318,166,152,316,164,152,-2,-2,0
4680025621,2024-01-31,전라남도,장흥군,대덕읍,연지리,522,252,270,519,250,269,-3,-2,-1
4680025622,2024-01-31,전라남도,장흥군,대덕읍,연정리,464,218,246,461,217,244,-3,-1,-2
4680025623,2024-01-31,전라남도,장흥군,대덕읍,신월리,703,335,368,700,331,369,-3,-4,1
4680025624,2024-01-31,전라남도,장흥군,대덕읍,도청리,360,169,191,356,168,188,-4,-1,-3
4680025625,2024-01-31,전라남도,장흥군,대덕읍,잠두리,295,139,156,294,138,156,-1,-1,0
4680025626,2024-01-31,전라남도,장흥군,대덕읍,신리,277,134,143,278,134,144,1,0,1
4680025627,2024-01-31,전라남도,장흥군,대덕읍,분토리,72,34,38,71,34,37,-1,0,-1
4680025628,2024-01-31,전라남도,장흥군,대덕읍,옹암리,238,121,117,239,121,118,1,0,1
4680025629,2024-01-31,전라남도,장흥군,대덕읍,가학리,195,100,95,196,102,94,1,2,-1
4680031021,2024-01-31,전라남도,장흥군,용산면,어산리,194,103,91,192,102,90,-2,-1,-1
4680031022,2024-01-31,전라남도,장흥군,용산면,운주리,120,61,59,119,61,58,-1,0,-1
4680031023,2024-01-31,전라남도,장흥군,용산면,접정리,244,117,127,245,118,127,1,1,0
4680031024,2024-01-31,전라남도,장흥군,용산면,월송리,102,52,50,102,52,50,0,0,0
4680031025,2024-01-31,전라남도,장흥군,용산면,녹원리,85,44,41,87,44,43,2,0,2
4680031026,2024-01-31,전라남도,장흥군,용산면,관지리,140,69,71,140,69,71,0,0,0
4680031027,2024-01-31,전라남도,장흥군,용산면,상금리,181,94,87,181,94,87,0,0,0
4680031029,2024-01-31,전라남도,장흥군,용산면,인암리,327,148,179,319,143,176,-8,-5,-3
4680031030,2024-01-31,전라남도,장흥군,용산면,모산리,97,43,54,96,43,53,-1,0,-1
4680031031,2024-01-31,전라남도,장흥군,용산면,계산리,161,75,86,165,78,87,4,3,1
4680031032,2024-01-31,전라남도,장흥군,용산면,덕암리,138,63,75,140,64,76,2,1,1
4680031033,2024-01-31,전라남도,장흥군,용산면,풍길리,135,63,72,134,63,71,-1,0,-1
4680031034,2024-01-31,전라남도,장흥군,용산면,상발리,192,95,97,189,95,94,-3,0,-3
4680031035,2024-01-31,전라남도,장흥군,용산면,금곡리,76,35,41,77,36,41,1,1,0
4680032021,2024-01-31,전라남도,장흥군,안양면,기산리,251,131,120,251,131,120,0,0,0
4680032022,2024-01-31,전라남도,장흥군,안양면,비동리,167,86,81,166,85,81,-1,-1,0
4680032023,2024-01-31,전라남도,장흥군,안양면,당암리,291,146,145,292,147,145,1,1,0
4680032024,2024-01-31,전라남도,장흥군,안양면,운흥리,220,102,118,221,102,119,1,0,1
4680032025,2024-01-31,전라남도,장흥군,안양면,수양리,86,53,33,87,53,34,1,0,1
4680032026,2024-01-31,전라남도,장흥군,안양면,모령리,186,84,102,184,84,100,-2,0,-2
4680032027,2024-01-31,전라남도,장흥군,안양면,지천리,89,50,39,90,51,39,1,1,0
4680032028,2024-01-31,전라남도,장흥군,안양면,학송리,127,62,65,127,62,65,0,0,0
4680032029,2024-01-31,전라남도,장흥군,안양면,신촌리,126,63,63,127,63,64,1,0,1
4680032030,2024-01-31,전라남도,장흥군,안양면,수락리,85,44,41,85,44,41,0,0,0
4680032031,2024-01-31,전라남도,장흥군,안양면,수문리,443,228,215,443,227,216,0,-1,1
4680032032,2024-01-31,전라남도,장흥군,안양면,사촌리,348,163,185,344,160,184,-4,-3,-1
4680032033,2024-01-31,전라남도,장흥군,안양면,해창리,247,124,123,246,123,123,-1,-1,0
4680033021,2024-01-31,전라남도,장흥군,장동면,봉동리,103,48,55,103,48,55,0,0,0
4680033022,2024-01-31,전라남도,장흥군,장동면,조양리,119,58,61,117,57,60,-2,-1,-1
4680033023,2024-01-31,전라남도,장흥군,장동면,배산리,125,56,69,125,56,69,0,0,0
4680033024,2024-01-31,전라남도,장흥군,장동면,반산리,122,53,69,119,51,68,-3,-2,-1
4680033025,2024-01-31,전라남도,장흥군,장동면,북교리,276,139,137,276,138,138,0,-1,1
4680033026,2024-01-31,전라남도,장흥군,장동면,만년리,179,92,87,179,92,87,0,0,0
4680033027,2024-01-31,전라남도,장흥군,장동면,하산리,46,25,21,46,25,21,0,0,0
4680033028,2024-01-31,전라남도,장흥군,장동면,용곡리,169,75,94,168,74,94,-1,-1,0
4680034021,2024-01-31,전라남도,장흥군,장평면,용강리,214,100,114,212,99,113,-2,-1,-1
4680034022,2024-01-31,전라남도,장흥군,장평면,등촌리,85,37,48,84,38,46,-1,1,-2
4680034023,2024-01-31,전라남도,장흥군,장평면,양촌리,206,97,109,205,95,110,-1,-2,1
4680034024,2024-01-31,전라남도,장흥군,장평면,축내리,138,64,74,141,67,74,3,3,0
4680034025,2024-01-31,전라남도,장흥군,장평면,제산리,76,38,38,76,37,39,0,-1,1
4680034026,2024-01-31,전라남도,장흥군,장평면,봉림리,144,74,70,141,72,69,-3,-2,-1
4680034027,2024-01-31,전라남도,장흥군,장평면,우산리,153,77,76,154,79,75,1,2,-1
4680034028,2024-01-31,전라남도,장흥군,장평면,병동리,92,45,47,90,44,46,-2,-1,-1
4680034029,2024-01-31,전라남도,장흥군,장평면,청용리,132,62,70,131,62,69,-1,0,-1
4680034030,2024-01-31,전라남도,장흥군,장평면,기동리,133,67,66,133,67,66,0,0,0
4680034031,2024-01-31,전라남도,장흥군,장평면,선정리,107,52,55,107,52,55,0,0,0
4680034032,2024-01-31,전라남도,장흥군,장평면,녹양리,82,35,47,79,33,46,-3,-2,-1
4680034033,2024-01-31,전라남도,장흥군,장평면,임리,63,34,29,58,32,26,-5,-2,-3
4680034034,2024-01-31,전라남도,장흥군,장평면,내동리,61,25,36,61,26,35,0,1,-1
4680034035,2024-01-31,전라남도,장흥군,장평면,어곡리,60,30,30,59,30,29,-1,0,-1
4680034036,2024-01-31,전라남도,장흥군,장평면,복흥리,53,30,23,53,30,23,0,0,0
4680034037,2024-01-31,전라남도,장흥군,장평면,진산리,50,28,22,50,28,22,0,0,0
4680034038,2024-01-31,전라남도,장흥군,장평면,두봉리,99,45,54,100,47,53,1,2,-1
4680034039,2024-01-31,전라남도,장흥군,장평면,광평리,48,26,22,52,27,25,4,1,3
4680035021,2024-01-31,전라남도,장흥군,유치면,대리,13,8,5,13,8,5,0,0,0
4680035023,2024-01-31,전라남도,장흥군,유치면,신월리,40,19,21,40,19,21,0,0,0
4680035026,2024-01-31,전라남도,장흥군,유치면,송정리,7,5,2,7,5,2,0,0,0
4680035027,2024-01-31,전라남도,장흥군,유치면,신풍리,79,30,49,78,30,48,-1,0,-1
4680035028,2024-01-31,전라남도,장흥군,유치면,조양리,140,72,68,140,71,69,0,-1,1
4680035029,2024-01-31,전라남도,장흥군,유치면,반월리,105,56,49,106,57,49,1,1,0
4680035030,2024-01-31,전라남도,장흥군,유치면,관동리,97,44,53,96,43,53,-1,-1,0
4680035031,2024-01-31,전라남도,장흥군,유치면,용문리,42,26,16,42,26,16,0,0,0
4680035032,2024-01-31,전라남도,장흥군,유치면,봉덕리,130,70,60,130,71,59,0,1,-1
4680035033,2024-01-31,전라남도,장흥군,유치면,대천리,78,41,37,79,41,38,1,0,1
4680035034,2024-01-31,전라남도,장흥군,유치면,운월리,151,69,82,149,68,81,-2,-1,-1
4680035036,2024-01-31,전라남도,장흥군,유치면,원등리,95,53,42,94,52,42,-1,-1,0
4680036021,2024-01-31,전라남도,장흥군,부산면,내안리,198,103,95,198,102,96,0,-1,1
4680036022,2024-01-31,전라남도,장흥군,부산면,구룡리,221,109,112,223,111,112,2,2,0
4680036023,2024-01-31,전라남도,장흥군,부산면,유량리,202,101,101,200,100,100,-2,-1,-1
4680036024,2024-01-31,전라남도,장흥군,부산면,지천리,38,18,20,38,18,20,0,0,0
4680036025,2024-01-31,전라남도,장흥군,부산면,용반리,168,85,83,166,84,82,-2,-1,-1
4680036026,2024-01-31,전라남도,장흥군,부산면,금자리,182,83,99,180,81,99,-2,-2,0
4680036027,2024-01-31,전라남도,장흥군,부산면,호계리,147,66,81,146,66,80,-1,0,-1
4680036028,2024-01-31,전라남도,장흥군,부산면,기동리,116,60,56,116,60,56,0,0,0
4680036029,2024-01-31,전라남도,장흥군,부산면,부춘리,83,36,47,85,36,49,2,0,2
4680037021,2024-01-31,전라남도,장흥군,회진면,진목리,510,245,265,501,244,257,-9,-1,-8
4680037022,2024-01-31,전라남도,장흥군,회진면,회진리,1052,539,513,1047,538,509,-5,-1,-4
4680037023,2024-01-31,전라남도,장흥군,회진면,덕산리,441,219,222,440,218,222,-1,-1,0
4680037024,2024-01-31,전라남도,장흥군,회진면,신상리,326,160,166,326,160,166,0,0,0
4680037025,2024-01-31,전라남도,장흥군,회진면,대리,253,119,134,249,117,132,-4,-2,-2
4681025000,2024-01-31,전라남도,강진군,강진읍,강진읍,1,1,0,0,0,0,-1,-1,0
4681025021,2024-01-31,전라남도,강진군,강진읍,동성리,2246,1083,1163,2283,1107,1176,37,24,13
4681025022,2024-01-31,전라남도,강진군,강진읍,남성리,1556,750,806,1546,740,806,-10,-10,0
4681025023,2024-01-31,전라남도,강진군,강진읍,서성리,3976,1906,2070,3971,1903,2068,-5,-3,-2
4681025024,2024-01-31,전라남도,강진군,강진읍,교촌리,314,140,174,312,138,174,-2,-2,0
4681025025,2024-01-31,전라남도,강진군,강진읍,목리,549,271,278,547,271,276,-2,0,-2
4681025026,2024-01-31,전라남도,강진군,강진읍,평동리,1945,927,1018,1939,930,1009,-6,3,-9
4681025027,2024-01-31,전라남도,강진군,강진읍,남포리,244,115,129,241,115,126,-3,0,-3
4681025028,2024-01-31,전라남도,강진군,강진읍,학명리,426,187,239,428,187,241,2,0,2
4681025029,2024-01-31,전라남도,강진군,강진읍,영파리,212,102,110,213,103,110,1,1,0
4681025030,2024-01-31,전라남도,강진군,강진읍,임천리,131,58,73,132,58,74,1,0,1
4681025031,2024-01-31,전라남도,강진군,강진읍,덕남리,331,154,177,332,156,176,1,2,-1
4681025032,2024-01-31,전라남도,강진군,강진읍,송전리,301,136,165,300,137,163,-1,1,-2
4681025033,2024-01-31,전라남도,강진군,강진읍,송덕리,179,95,84,178,94,84,-1,-1,0
4681025034,2024-01-31,전라남도,강진군,강진읍,춘전리,316,155,161,317,155,162,1,0,1
4681025035,2024-01-31,전라남도,강진군,강진읍,서산리,248,131,117,246,130,116,-2,-1,-1
4681031021,2024-01-31,전라남도,강진군,군동면,파산리,247,126,121,239,121,118,-8,-5,-3
4681031022,2024-01-31,전라남도,강진군,군동면,호계리,2031,1023,1008,2043,1034,1009,12,11,1
4681031023,2024-01-31,전라남도,강진군,군동면,라천리,375,191,184,378,192,186,3,1,2
4681031024,2024-01-31,전라남도,강진군,군동면,금강리,230,105,125,230,105,125,0,0,0
4681031025,2024-01-31,전라남도,강진군,군동면,화산리,199,103,96,199,103,96,0,0,0
4681031026,2024-01-31,전라남도,강진군,군동면,용소리,202,102,100,201,102,99,-1,0,-1
4681031027,2024-01-31,전라남도,강진군,군동면,풍동리,174,72,102,173,71,102,-1,-1,0
4681031028,2024-01-31,전라남도,강진군,군동면,장산리,138,69,69,139,69,70,1,0,1
4681031029,2024-01-31,전라남도,강진군,군동면,덕천리,129,64,65,128,63,65,-1,-1,0
4681031030,2024-01-31,전라남도,강진군,군동면,석교리,71,35,36,71,35,36,0,0,0
4681031031,2024-01-31,전라남도,강진군,군동면,쌍덕리,166,82,84,166,82,84,0,0,0
4681031032,2024-01-31,전라남도,강진군,군동면,금사리,148,69,79,147,68,79,-1,-1,0
4681031033,2024-01-31,전라남도,강진군,군동면,삼신리,215,100,115,214,99,115,-1,-1,0
4681032021,2024-01-31,전라남도,강진군,칠량면,송로리,268,135,133,267,134,133,-1,-1,0
4681032022,2024-01-31,전라남도,강진군,칠량면,동백리,150,70,80,152,72,80,2,2,0
4681032023,2024-01-31,전라남도,강진군,칠량면,영동리,373,192,181,373,193,180,0,1,-1
4681032024,2024-01-31,전라남도,강진군,칠량면,현평리,69,34,35,69,34,35,0,0,0
4681032025,2024-01-31,전라남도,강진군,칠량면,봉황리,260,132,128,259,131,128,-1,-1,0
4681032026,2024-01-31,전라남도,강진군,칠량면,영복리,192,101,91,192,101,91,0,0,0
4681032027,2024-01-31,전라남도,강진군,칠량면,송정리,162,76,86,161,77,84,-1,1,-2
4681032028,2024-01-31,전라남도,강진군,칠량면,삼흥리,78,34,44,77,33,44,-1,-1,0
4681032029,2024-01-31,전라남도,강진군,칠량면,단월리,207,100,107,201,96,105,-6,-4,-2
4681032030,2024-01-31,전라남도,강진군,칠량면,명주리,96,52,44,97,53,44,1,1,0
4681032031,2024-01-31,전라남도,강진군,칠량면,흥학리,98,42,56,97,41,56,-1,-1,0
4681032032,2024-01-31,전라남도,강진군,칠량면,장계리,171,90,81,171,90,81,0,0,0
4681033021,2024-01-31,전라남도,강진군,대구면,수동리,219,105,114,218,104,114,-1,-1,0
4681033022,2024-01-31,전라남도,강진군,대구면,사당리,212,103,109,211,101,110,-1,-2,1
4681033023,2024-01-31,전라남도,강진군,대구면,용운리,82,43,39,79,41,38,-3,-2,-1
4681033024,2024-01-31,전라남도,강진군,대구면,계율리,136,70,66,136,70,66,0,0,0
4681033029,2024-01-31,전라남도,강진군,대구면,구수리,196,89,107,194,88,106,-2,-1,-1
4681033030,2024-01-31,전라남도,강진군,대구면,저두리,215,105,110,212,103,109,-3,-2,-1
4681034021,2024-01-31,전라남도,강진군,도암면,덕서리,154,71,83,156,72,84,2,1,1
4681034022,2024-01-31,전라남도,강진군,도암면,계라리,184,89,95,191,91,100,7,2,5
4681034023,2024-01-31,전라남도,강진군,도암면,지석리,150,83,67,149,83,66,-1,0,-1
4681034024,2024-01-31,전라남도,강진군,도암면,강정리,83,36,47,85,38,47,2,2,0
4681034025,2024-01-31,전라남도,강진군,도암면,덕년리,88,37,51,89,38,51,1,1,0
4681034026,2024-01-31,전라남도,강진군,도암면,만덕리,268,144,124,264,141,123,-4,-3,-1
4681034027,2024-01-31,전라남도,강진군,도암면,학장리,174,96,78,174,95,79,0,-1,1
4681034028,2024-01-31,전라남도,강진군,도암면,신기리,245,114,131,244,113,131,-1,-1,0
4681034029,2024-01-31,전라남도,강진군,도암면,용흥리,190,88,102,191,88,103,1,0,1
4681034030,2024-01-31,전라남도,강진군,도암면,항촌리,494,232,262,495,233,262,1,1,0
4681034031,2024-01-31,전라남도,강진군,도암면,석문리,283,134,149,284,135,149,1,1,0
4681034032,2024-01-31,전라남도,강진군,도암면,봉황리,46,29,17,46,29,17,0,0,0
4681035021,2024-01-31,전라남도,강진군,신전면,수양리,320,153,167,320,153,167,0,0,0
4681035022,2024-01-31,전라남도,강진군,신전면,용월리,369,169,200,369,169,200,0,0,0
4681035023,2024-01-31,전라남도,강진군,신전면,벌정리,226,122,104,225,122,103,-1,0,-1
4681035024,2024-01-31,전라남도,강진군,신전면,사초리,260,131,129,254,129,125,-6,-2,-4
4681035025,2024-01-31,전라남도,강진군,신전면,송천리,145,73,72,146,74,72,1,1,0
4681035026,2024-01-31,전라남도,강진군,신전면,용화리,207,98,109,208,99,109,1,1,0
4681035027,2024-01-31,전라남도,강진군,신전면,영관리,142,69,73,141,66,75,-1,-3,2
4681036021,2024-01-31,전라남도,강진군,성전면,월남리,295,141,154,284,139,145,-11,-2,-9
4681036022,2024-01-31,전라남도,강진군,성전면,월하리,203,100,103,202,100,102,-1,0,-1
4681036023,2024-01-31,전라남도,강진군,성전면,송월리,208,94,114,208,94,114,0,0,0
4681036024,2024-01-31,전라남도,강진군,성전면,월평리,463,247,216,461,246,215,-2,-1,-1
4681036025,2024-01-31,전라남도,강진군,성전면,영풍리,242,117,125,243,118,125,1,1,0
4681036026,2024-01-31,전라남도,강진군,성전면,명산리,205,102,103,206,102,104,1,0,1
4681036027,2024-01-31,전라남도,강진군,성전면,수양리,186,93,93,187,94,93,1,1,0
4681036028,2024-01-31,전라남도,강진군,성전면,성전리,328,160,168,327,159,168,-1,-1,0
4681036029,2024-01-31,전라남도,강진군,성전면,도림리,200,90,110,200,90,110,0,0,0
4681036030,2024-01-31,전라남도,강진군,성전면,금당리,149,71,78,149,70,79,0,-1,1
4681036031,2024-01-31,전라남도,강진군,성전면,송학리,156,87,69,154,85,69,-2,-2,0
4681037021,2024-01-31,전라남도,강진군,작천면,군자리,93,51,42,92,51,41,-1,0,-1
4681037022,2024-01-31,전라남도,강진군,작천면,용상리,164,81,83,166,81,85,2,0,2
4681037023,2024-01-31,전라남도,강진군,작천면,삼열리,131,65,66,135,69,66,4,4,0
4681037024,2024-01-31,전라남도,강진군,작천면,내기리,164,83,81,162,83,79,-2,0,-2
4681037025,2024-01-31,전라남도,강진군,작천면,토마리,75,33,42,75,33,42,0,0,0
4681037026,2024-01-31,전라남도,강진군,작천면,이남리,95,44,51,96,45,51,1,1,0
4681037027,2024-01-31,전라남도,강진군,작천면,야흥리,132,68,64,132,69,63,0,1,-1
4681037028,2024-01-31,전라남도,강진군,작천면,삼당리,197,100,97,197,100,97,0,0,0
4681037029,2024-01-31,전라남도,강진군,작천면,평기리,104,52,52,105,52,53,1,0,1
4681037030,2024-01-31,전라남도,강진군,작천면,현산리,158,74,84,163,75,88,5,1,4
4681037031,2024-01-31,전라남도,강진군,작천면,갈동리,202,101,101,204,101,103,2,0,2
4681037032,2024-01-31,전라남도,강진군,작천면,평리,255,130,125,258,131,127,3,1,2
4681038021,2024-01-31,전라남도,강진군,병영면,상낙리,95,42,53,94,42,52,-1,0,-1
4681038022,2024-01-31,전라남도,강진군,병영면,지로리,99,43,56,98,43,55,-1,0,-1
4681038023,2024-01-31,전라남도,강진군,병영면,박동리,97,45,52,98,45,53,1,0,1
4681038024,2024-01-31,전라남도,강진군,병영면,성동리,117,48,69,121,51,70,4,3,1
4681038025,2024-01-31,전라남도,강진군,병영면,삼인리,327,163,164,326,164,162,-1,1,-2
4681038026,2024-01-31,전라남도,강진군,병영면,성남리,204,93,111,205,96,109,1,3,-2
4681038027,2024-01-31,전라남도,강진군,병영면,한학리,116,61,55,116,60,56,0,-1,1
4681038028,2024-01-31,전라남도,강진군,병영면,상고리,69,39,30,69,39,30,0,0,0
4681038029,2024-01-31,전라남도,강진군,병영면,중고리,133,66,67,135,66,69,2,0,2
4681038030,2024-01-31,전라남도,강진군,병영면,하고리,109,50,59,110,51,59,1,1,0
4681038031,2024-01-31,전라남도,강진군,병영면,도룡리,70,38,32,68,38,30,-2,0,-2
4681038032,2024-01-31,전라남도,강진군,병영면,삭양리,86,39,47,86,39,47,0,0,0
4681039021,2024-01-31,전라남도,강진군,옴천면,봉림리,104,50,54,103,50,53,-1,0,-1
4681039022,2024-01-31,전라남도,강진군,옴천면,황막리,71,35,36,70,34,36,-1,-1,0
4681039023,2024-01-31,전라남도,강진군,옴천면,영산리,109,53,56,109,53,56,0,0,0
4681039024,2024-01-31,전라남도,강진군,옴천면,월곡리,34,19,15,34,19,15,0,0,0
4681039025,2024-01-31,전라남도,강진군,옴천면,기좌리,78,42,36,78,43,35,0,1,-1
4681039026,2024-01-31,전라남도,강진군,옴천면,개산리,130,67,63,130,66,64,0,-1,1
4681039027,2024-01-31,전라남도,강진군,옴천면,정정리,76,41,35,74,39,35,-2,-2,0
4681040021,2024-01-31,전라남도,강진군,마량면,영동리,77,37,40,76,37,39,-1,0,-1
4681040022,2024-01-31,전라남도,강진군,마량면,상흥리,127,76,51,126,75,51,-1,-1,0
4681040023,2024-01-31,전라남도,강진군,마량면,원포리,253,123,130,254,123,131,1,0,1
4681040024,2024-01-31,전라남도,강진군,마량면,마량리,1105,547,558,1104,549,555,-1,2,-3
4681040025,2024-01-31,전라남도,강진군,마량면,수인리,119,55,64,118,54,64,-1,-1,0
4682025021,2024-01-31,전라남도,해남군,해남읍,해리,8449,4039,4410,8432,4028,4404,-17,-11,-6
4682025022,2024-01-31,전라남도,해남군,해남읍,평동리,945,458,487,946,461,485,1,3,-2
4682025023,2024-01-31,전라남도,해남군,해남읍,읍내리,226,98,128,228,98,130,2,0,2
4682025024,2024-01-31,전라남도,해남군,해남읍,고도리,1559,774,785,1541,770,771,-18,-4,-14
4682025025,2024-01-31,전라남도,해남군,해남읍,남외리,1283,652,631,1281,653,628,-2,1,-3
4682025026,2024-01-31,전라남도,해남군,해남읍,성내리,327,162,165,325,161,164,-2,-1,-1
4682025027,2024-01-31,전라남도,해남군,해남읍,수성리,1587,794,793,1593,797,796,6,3,3
4682025028,2024-01-31,전라남도,해남군,해남읍,신안리,261,140,121,263,141,122,2,1,1
4682025029,2024-01-31,전라남도,해남군,해남읍,연동리,352,181,171,351,181,170,-1,0,-1
4682025030,2024-01-31,전라남도,해남군,해남읍,안동리,194,104,90,190,102,88,-4,-2,-2
4682025031,2024-01-31,전라남도,해남군,해남읍,백야리,227,121,106,228,122,106,1,1,0
4682025032,2024-01-31,전라남도,해남군,해남읍,내사리,368,203,165,369,203,166,1,0,1
4682025033,2024-01-31,전라남도,해남군,해남읍,남동리,276,132,144,279,134,145,3,2,1
4682025034,2024-01-31,전라남도,해남군,해남읍,남천리,233,118,115,234,118,116,1,0,1
4682025035,2024-01-31,전라남도,해남군,해남읍,용정리,323,169,154,327,172,155,4,3,1
4682025036,2024-01-31,전라남도,해남군,해남읍,구교리,7040,3498,3542,7009,3481,3528,-31,-17,-14
4682025037,2024-01-31,전라남도,해남군,해남읍,복평리,300,154,146,299,152,147,-1,-2,1
4682031021,2024-01-31,전라남도,해남군,삼산면,신흥리,286,139,147,286,139,147,0,0,0
4682031022,2024-01-31,전라남도,해남군,삼산면,창리,214,115,99,212,114,98,-2,-1,-1
4682031023,2024-01-31,전라남도,해남군,삼산면,송정리,157,74,83,154,72,82,-3,-2,-1
4682031024,2024-01-31,전라남도,해남군,삼산면,봉학리,194,92,102,193,92,101,-1,0,-1
4682031025,2024-01-31,전라남도,해남군,삼산면,원진리,407,207,200,408,207,201,1,0,1
4682031026,2024-01-31,전라남도,해남군,삼산면,충리,376,194,182,374,194,180,-2,0,-2
4682031027,2024-01-31,전라남도,해남군,삼산면,구림리,489,243,246,480,237,243,-9,-6,-3
4682031028,2024-01-31,전라남도,해남군,삼산면,평활리,498,252,246,499,250,249,1,-2,3
4682031029,2024-01-31,전라남도,해남군,삼산면,상가리,166,87,79,169,88,81,3,1,2
4682032021,2024-01-31,전라남도,해남군,화산면,해창리,130,64,66,128,63,65,-2,-1,-1
4682032022,2024-01-31,전라남도,해남군,화산면,금풍리,149,66,83,151,66,85,2,0,2
4682032023,2024-01-31,전라남도,해남군,화산면,연곡리,166,90,76,167,91,76,1,1,0
4682032024,2024-01-31,전라남도,해남군,화산면,율동리,89,44,45,89,44,45,0,0,0
4682032025,2024-01-31,전라남도,해남군,화산면,가좌리,180,86,94,181,87,94,1,1,0
4682032026,2024-01-31,전라남도,해남군,화산면,관동리,237,117,120,239,118,121,2,1,1
4682032027,2024-01-31,전라남도,해남군,화산면,월호리,177,88,89,177,89,88,0,1,-1
4682032028,2024-01-31,전라남도,해남군,화산면,연정리,116,57,59,117,57,60,1,0,1
4682032029,2024-01-31,전라남도,해남군,화산면,방축리,479,237,242,474,233,241,-5,-4,-1
4682032030,2024-01-31,전라남도,해남군,화산면,부길리,107,50,57,108,51,57,1,1,0
4682032031,2024-01-31,전라남도,해남군,화산면,송산리,118,59,59,120,60,60,2,1,1
4682032032,2024-01-31,전라남도,해남군,화산면,석호리,216,111,105,210,108,102,-6,-3,-3
4682032033,2024-01-31,전라남도,해남군,화산면,안호리,174,89,85,175,90,85,1,1,0
4682032034,2024-01-31,전라남도,해남군,화산면,평호리,404,200,204,405,201,204,1,1,0
4682032035,2024-01-31,전라남도,해남군,화산면,삼마리,213,128,85,213,129,84,0,1,-1
4682033021,2024-01-31,전라남도,해남군,현산면,만안리,91,47,44,89,46,43,-2,-1,-1
4682033022,2024-01-31,전라남도,해남군,현산면,구시리,135,73,62,135,73,62,0,0,0
4682033023,2024-01-31,전라남도,해남군,현산면,고현리,191,89,102,191,89,102,0,0,0
4682033024,2024-01-31,전라남도,해남군,현산면,덕흥리,107,56,51,106,56,50,-1,0,-1
4682033025,2024-01-31,전라남도,해남군,현산면,일평리,313,163,150,315,164,151,2,1,1
4682033026,2024-01-31,전라남도,해남군,현산면,읍호리,143,67,76,147,69,78,4,2,2
4682033027,2024-01-31,전라남도,해남군,현산면,백포리,324,170,154,323,169,154,-1,-1,0
4682033028,2024-01-31,전라남도,해남군,현산면,초호리,285,135,150,284,135,149,-1,0,-1
4682033029,2024-01-31,전라남도,해남군,현산면,황산리,288,134,154,287,134,153,-1,0,-1
4682033030,2024-01-31,전라남도,해남군,현산면,구산리,187,84,103,189,84,105,2,0,2
4682033031,2024-01-31,전라남도,해남군,현산면,조산리,178,93,85,177,92,85,-1,-1,0
4682033032,2024-01-31,전라남도,해남군,현산면,월송리,418,209,209,417,208,209,-1,-1,0
4682034021,2024-01-31,전라남도,해남군,송지면,금강리,211,98,113,210,99,111,-1,1,-2
4682034022,2024-01-31,전라남도,해남군,송지면,군곡리,262,130,132,261,129,132,-1,-1,0
4682034023,2024-01-31,전라남도,해남군,송지면,가차리,273,136,137,273,136,137,0,0,0
4682034024,2024-01-31,전라남도,해남군,송지면,학가리,325,165,160,318,162,156,-7,-3,-4
4682034025,2024-01-31,전라남도,해남군,송지면,우근리,97,48,49,94,46,48,-3,-2,-1
4682034026,2024-01-31,전라남도,해남군,송지면,미야리,373,168,205,372,167,205,-1,-1,0
4682034027,2024-01-31,전라남도,해남군,송지면,산정리,996,470,526,990,465,525,-6,-5,-1
4682034028,2024-01-31,전라남도,해남군,송지면,어란리,1215,633,582,1206,629,577,-9,-4,-5
4682034029,2024-01-31,전라남도,해남군,송지면,소죽리,206,102,104,208,104,104,2,2,0
4682034030,2024-01-31,전라남도,해남군,송지면,송호리,806,417,389,809,418,391,3,1,2
4682034031,2024-01-31,전라남도,해남군,송지면,통호리,309,157,152,308,156,152,-1,-1,0
4682034032,2024-01-31,전라남도,해남군,송지면,마봉리,244,117,127,246,117,129,2,0,2
4682034033,2024-01-31,전라남도,해남군,송지면,해원리,159,77,82,160,78,82,1,1,0
4682034034,2024-01-31,전라남도,해남군,송지면,서정리,225,102,123,226,103,123,1,1,0
4682035021,2024-01-31,전라남도,해남군,북평면,남창리,731,346,385,732,347,385,1,1,0
4682035022,2024-01-31,전라남도,해남군,북평면,이진리,270,133,137,270,133,137,0,0,0
4682035023,2024-01-31,전라남도,해남군,북평면,서홍리,356,175,181,355,175,180,-1,0,-1
4682035024,2024-01-31,전라남도,해남군,북평면,평암리,192,104,88,194,105,89,2,1,1
4682035025,2024-01-31,전라남도,해남군,북평면,영전리,380,185,195,379,185,194,-1,0,-1
4682035026,2024-01-31,전라남도,해남군,북평면,오산리,186,91,95,187,92,95,1,1,0
4682035027,2024-01-31,전라남도,해남군,북평면,동해리,246,121,125,244,119,125,-2,-2,0
4682035028,2024-01-31,전라남도,해남군,북평면,와룡리,234,115,119,233,115,118,-1,0,-1
4682036021,2024-01-31,전라남도,해남군,북일면,만수리,195,93,102,194,92,102,-1,-1,0
4682036022,2024-01-31,전라남도,해남군,북일면,금당리,167,83,84,166,83,83,-1,0,-1
4682036023,2024-01-31,전라남도,해남군,북일면,신월리,261,137,124,262,138,124,1,1,0
4682036024,2024-01-31,전라남도,해남군,북일면,흥촌리,390,182,208,390,183,207,0,1,-1
4682036025,2024-01-31,전라남도,해남군,북일면,운전리,211,101,110,209,100,109,-2,-1,-1
4682036026,2024-01-31,전라남도,해남군,북일면,용일리,204,102,102,204,102,102,0,0,0
4682036027,2024-01-31,전라남도,해남군,북일면,방산리,212,103,109,212,104,108,0,1,-1
4682036028,2024-01-31,전라남도,해남군,북일면,내동리,313,146,167,313,145,168,0,-1,1
4682037021,2024-01-31,전라남도,해남군,옥천면,영춘리,620,318,302,612,314,298,-8,-4,-4
4682037022,2024-01-31,전라남도,해남군,옥천면,영신리,271,142,129,274,142,132,3,0,3
4682037023,2024-01-31,전라남도,해남군,옥천면,신계리,122,59,63,123,59,64,1,0,1
4682037024,2024-01-31,전라남도,해남군,옥천면,신죽리,159,78,81,160,77,83,1,-1,2
4682037025,2024-01-31,전라남도,해남군,옥천면,팔산리,185,101,84,186,101,85,1,0,1
4682037026,2024-01-31,전라남도,해남군,옥천면,월평리,94,39,55,94,39,55,0,0,0
4682037027,2024-01-31,전라남도,해남군,옥천면,용산리,166,85,81,166,86,80,0,1,-1
4682037028,2024-01-31,전라남도,해남군,옥천면,성산리,106,56,50,105,56,49,-1,0,-1
4682037029,2024-01-31,전라남도,해남군,옥천면,흑천리,153,68,85,151,68,83,-2,0,-2
4682037030,2024-01-31,전라남도,해남군,옥천면,청신리,155,72,83,155,71,84,0,-1,1
4682037031,2024-01-31,전라남도,해남군,옥천면,대산리,119,66,53,121,68,53,2,2,0
4682037032,2024-01-31,전라남도,해남군,옥천면,백호리,266,142,124,271,145,126,5,3,2
4682037033,2024-01-31,전라남도,해남군,옥천면,송산리,269,134,135,275,137,138,6,3,3
4682037034,2024-01-31,전라남도,해남군,옥천면,용동리,146,80,66,145,80,65,-1,0,-1
4682038021,2024-01-31,전라남도,해남군,계곡면,성진리,233,119,114,227,115,112,-6,-4,-2
4682038022,2024-01-31,전라남도,해남군,계곡면,법곡리,138,76,62,139,76,63,1,0,1
4682038023,2024-01-31,전라남도,해남군,계곡면,강절리,81,30,51,80,29,51,-1,-1,0
4682038024,2024-01-31,전라남도,해남군,계곡면,당산리,180,87,93,180,87,93,0,0,0
4682038025,2024-01-31,전라남도,해남군,계곡면,장소리,90,44,46,91,45,46,1,1,0
4682038026,2024-01-31,전라남도,해남군,계곡면,선진리,107,48,59,109,48,61,2,0,2
4682038027,2024-01-31,전라남도,해남군,계곡면,반계리,163,84,79,164,84,80,1,0,1
4682038028,2024-01-31,전라남도,해남군,계곡면,방춘리,99,46,53,98,45,53,-1,-1,0
4682038029,2024-01-31,전라남도,해남군,계곡면,덕정리,185,85,100,185,85,100,0,0,0
4682038030,2024-01-31,전라남도,해남군,계곡면,여수리,175,93,82,176,94,82,1,1,0
4682038031,2024-01-31,전라남도,해남군,계곡면,사정리,174,83,91,167,81,86,-7,-2,-5
4682038032,2024-01-31,전라남도,해남군,계곡면,가학리,190,90,100,196,93,103,6,3,3
4682038033,2024-01-31,전라남도,해남군,계곡면,잠두리,109,55,54,109,55,54,0,0,0
4682038034,2024-01-31,전라남도,해남군,계곡면,신평리,79,40,39,80,40,40,1,0,1
4682038035,2024-01-31,전라남도,해남군,계곡면,황죽리,37,14,23,37,14,23,0,0,0
4682039021,2024-01-31,전라남도,해남군,마산면,화내리,226,120,106,226,121,105,0,1,-1
4682039022,2024-01-31,전라남도,해남군,마산면,장촌리,78,44,34,75,44,31,-3,0,-3
4682039023,2024-01-31,전라남도,해남군,마산면,맹진리,122,56,66,126,59,67,4,3,1
4682039024,2024-01-31,전라남도,해남군,마산면,송석리,183,89,94,182,89,93,-1,0,-1
4682039025,2024-01-31,전라남도,해남군,마산면,외호리,87,43,44,88,43,45,1,0,1
4682039026,2024-01-31,전라남도,해남군,마산면,산막리,88,49,39,89,50,39,1,1,0
4682039027,2024-01-31,전라남도,해남군,마산면,노하리,128,63,65,128,63,65,0,0,0
4682039028,2024-01-31,전라남도,해남군,마산면,연구리,295,147,148,299,148,151,4,1,3
4682039029,2024-01-31,전라남도,해남군,마산면,학의리,310,158,152,311,158,153,1,0,1
4682039030,2024-01-31,전라남도,해남군,마산면,용전리,290,130,160,289,130,159,-1,0,-1
4682039031,2024-01-31,전라남도,해남군,마산면,상등리,455,251,204,453,250,203,-2,-1,-1
4682040021,2024-01-31,전라남도,해남군,황산면,일신리,117,57,60,118,57,61,1,0,1
4682040022,2024-01-31,전라남도,해남군,황산면,원호리,263,135,128,264,136,128,1,1,0
4682040023,2024-01-31,전라남도,해남군,황산면,연호리,318,155,163,313,153,160,-5,-2,-3
4682040024,2024-01-31,전라남도,해남군,황산면,송호리,344,184,160,346,186,160,2,2,0
4682040025,2024-01-31,전라남도,해남군,황산면,우항리,889,441,448,881,438,443,-8,-3,-5
4682040026,2024-01-31,전라남도,해남군,황산면,호동리,218,104,114,213,103,110,-5,-1,-4
4682040027,2024-01-31,전라남도,해남군,황산면,한자리,529,269,260,530,269,261,1,0,1
4682040028,2024-01-31,전라남도,해남군,황산면,남리리,212,93,119,213,94,119,1,1,0
4682040029,2024-01-31,전라남도,해남군,황산면,연당리,192,99,93,193,100,93,1,1,0
4682040030,2024-01-31,전라남도,해남군,황산면,외입리,184,85,99,184,85,99,0,0,0
4682040031,2024-01-31,전라남도,해남군,황산면,부곡리,440,222,218,444,224,220,4,2,2
4682040032,2024-01-31,전라남도,해남군,황산면,관춘리,385,196,189,385,196,189,0,0,0
4682040033,2024-01-31,전라남도,해남군,황산면,옥동리,269,135,134,267,134,133,-2,-1,-1
4682041021,2024-01-31,전라남도,해남군,산이면,노송리,169,83,86,168,83,85,-1,0,-1
4682041022,2024-01-31,전라남도,해남군,산이면,금송리,255,133,122,253,131,122,-2,-2,0
4682041023,2024-01-31,전라남도,해남군,산이면,덕호리,296,155,141,294,153,141,-2,-2,0
4682041024,2024-01-31,전라남도,해남군,산이면,예정리,159,92,67,160,92,68,1,0,1
4682041025,2024-01-31,전라남도,해남군,산이면,송천리,117,59,58,118,59,59,1,0,1
4682041026,2024-01-31,전라남도,해남군,산이면,초송리,598,287,311,597,290,307,-1,3,-4
4682041027,2024-01-31,전라남도,해남군,산이면,진산리,217,111,106,216,110,106,-1,-1,0
4682041028,2024-01-31,전라남도,해남군,산이면,대진리,391,213,178,386,210,176,-5,-3,-2
4682041029,2024-01-31,전라남도,해남군,산이면,덕송리,225,121,104,226,122,104,1,1,0
4682041030,2024-01-31,전라남도,해남군,산이면,구성리,159,86,73,159,86,73,0,0,0
4682041031,2024-01-31,전라남도,해남군,산이면,상공리,304,167,137,301,165,136,-3,-2,-1
4682041032,2024-01-31,전라남도,해남군,산이면,부동리,303,155,148,304,155,149,1,0,1
4682041033,2024-01-31,전라남도,해남군,산이면,금호리,293,150,143,290,148,142,-3,-2,-1
4682042021,2024-01-31,전라남도,해남군,문내면,용암리,498,255,243,496,254,242,-2,-1,-1
4682042022,2024-01-31,전라남도,해남군,문내면,석교리,340,161,179,334,156,178,-6,-5,-1
4682042023,2024-01-31,전라남도,해남군,문내면,동외리,733,362,371,732,365,367,-1,3,-4
4682042024,2024-01-31,전라남도,해남군,문내면,선두리,224,111,113,220,111,109,-4,0,-4
4682042025,2024-01-31,전라남도,해남군,문내면,학동리,313,159,154,308,157,151,-5,-2,-3
4682042026,2024-01-31,전라남도,해남군,문내면,서상리,171,88,83,171,87,84,0,-1,1
4682042027,2024-01-31,전라남도,해남군,문내면,예락리,431,225,206,431,223,208,0,-2,2
4682042028,2024-01-31,전라남도,해남군,문내면,난대리,84,39,45,83,39,44,-1,0,-1
4682042029,2024-01-31,전라남도,해남군,문내면,충평리,185,101,84,184,100,84,-1,-1,0
4682042030,2024-01-31,전라남도,해남군,문내면,무고리,463,240,223,464,239,225,1,-1,2
4682042031,2024-01-31,전라남도,해남군,문내면,고당리,165,80,85,165,80,85,0,0,0
4682042032,2024-01-31,전라남도,해남군,문내면,고평리,139,68,71,134,66,68,-5,-2,-3
4682043021,2024-01-31,전라남도,해남군,화원면,청용리,557,316,241,551,314,237,-6,-2,-4
4682043022,2024-01-31,전라남도,해남군,화원면,금평리,282,147,135,282,147,135,0,0,0
4682043023,2024-01-31,전라남도,해남군,화원면,신덕리,201,112,89,201,113,88,0,1,-1
4682043024,2024-01-31,전라남도,해남군,화원면,영호리,277,142,135,277,141,136,0,-1,1
4682043025,2024-01-31,전라남도,해남군,화원면,마산리,190,99,91,191,100,91,1,1,0
4682043026,2024-01-31,전라남도,해남군,화원면,구림리,160,90,70,164,93,71,4,3,1
4682043027,2024-01-31,전라남도,해남군,화원면,월호리,153,85,68,154,86,68,1,1,0
4682043028,2024-01-31,전라남도,해남군,화원면,매월리,224,133,91,224,133,91,0,0,0
4682043029,2024-01-31,전라남도,해남군,화원면,후산리,206,109,97,207,111,96,1,2,-1
4682043030,2024-01-31,전라남도,해남군,화원면,인지리,156,77,79,157,77,80,1,0,1
4682043031,2024-01-31,전라남도,해남군,화원면,주광리,2,1,1,2,1,1,0,0,0
4682043032,2024-01-31,전라남도,해남군,화원면,화봉리,139,81,58,139,81,58,0,0,0
4682043033,2024-01-31,전라남도,해남군,화원면,산호리,300,151,149,298,149,149,-2,-2,0
4682043034,2024-01-31,전라남도,해남군,화원면,장춘리,210,107,103,209,108,101,-1,1,-2
4682043035,2024-01-31,전라남도,해남군,화원면,성산리,192,96,96,192,96,96,0,0,0
4683025021,2024-01-31,전라남도,영암군,영암읍,회문리,474,253,221,464,250,214,-10,-3,-7
4683025022,2024-01-31,전라남도,영암군,영암읍,교동리,998,484,514,977,474,503,-21,-10,-11
4683025023,2024-01-31,전라남도,영암군,영암읍,서남리,623,300,323,621,297,324,-2,-3,1
4683025024,2024-01-31,전라남도,영암군,영암읍,동무리,505,253,252,511,256,255,6,3,3
4683025025,2024-01-31,전라남도,영암군,영암읍,남풍리,951,464,487,961,468,493,10,4,6
4683025026,2024-01-31,전라남도,영암군,영암읍,역리,1529,746,783,1536,751,785,7,5,2
4683025027,2024-01-31,전라남도,영암군,영암읍,춘양리,834,427,407,832,427,405,-2,0,-2
4683025028,2024-01-31,전라남도,영암군,영암읍,용흥리,182,85,97,185,87,98,3,2,1
4683025029,2024-01-31,전라남도,영암군,영암읍,개신리,263,125,138,262,125,137,-1,0,-1
4683025030,2024-01-31,전라남도,영암군,영암읍,망호리,290,154,136,289,153,136,-1,-1,0
4683025031,2024-01-31,전라남도,영암군,영암읍,송평리,311,150,161,316,153,163,5,3,2
4683025032,2024-01-31,전라남도,영암군,영암읍,대신리,231,121,110,233,123,110,2,2,0
4683025033,2024-01-31,전라남도,영암군,영암읍,장암리,264,128,136,260,126,134,-4,-2,-2
4683025034,2024-01-31,전라남도,영암군,영암읍,농덕리,182,97,85,180,96,84,-2,-1,-1
4683025035,2024-01-31,전라남도,영암군,영암읍,학송리,128,64,64,129,65,64,1,1,0
4683025036,2024-01-31,전라남도,영암군,영암읍,한대리,50,24,26,50,24,26,0,0,0
4683025321,2024-01-31,전라남도,영암군,삼호읍,서창리,258,124,134,265,125,140,7,1,6
4683025322,2024-01-31,전라남도,영암군,삼호읍,망산리,275,132,143,272,129,143,-3,-3,0
4683025323,2024-01-31,전라남도,영암군,삼호읍,서호리,382,192,190,384,193,191,2,1,1
4683025324,2024-01-31,전라남도,영암군,삼호읍,동호리,257,129,128,259,133,126,2,4,-2
4683025325,2024-01-31,전라남도,영암군,삼호읍,산호리,806,442,364,805,439,366,-1,-3,2
4683025326,2024-01-31,전라남도,영암군,삼호읍,용앙리,12655,6781,5874,12627,6766,5861,-28,-15,-13
4683025327,2024-01-31,전라남도,영암군,삼호읍,난전리,719,401,318,721,400,321,2,-1,3
4683025328,2024-01-31,전라남도,영암군,삼호읍,삼포리,469,263,206,467,260,207,-2,-3,1
4683025329,2024-01-31,전라남도,영암군,삼호읍,용당리,6015,3618,2397,6034,3633,2401,19,15,4
4683025330,2024-01-31,전라남도,영암군,삼호읍,나불리,140,102,38,139,101,38,-1,-1,0
4683031021,2024-01-31,전라남도,영암군,덕진면,노송리,201,104,97,197,102,95,-4,-2,-2
4683031022,2024-01-31,전라남도,영암군,덕진면,운암리,124,63,61,124,63,61,0,0,0
4683031023,2024-01-31,전라남도,영암군,덕진면,영보리,129,65,64,129,65,64,0,0,0
4683031024,2024-01-31,전라남도,영암군,덕진면,백계리,179,94,85,181,95,86,2,1,1
4683031025,2024-01-31,전라남도,영암군,덕진면,영등리,168,90,78,171,93,78,3,3,0
4683031026,2024-01-31,전라남도,영암군,덕진면,용산리,170,80,90,170,80,90,0,0,0
4683031027,2024-01-31,전라남도,영암군,덕진면,덕진리,238,109,129,241,112,129,3,3,0
4683031028,2024-01-31,전라남도,영암군,덕진면,금강리,317,155,162,318,156,162,1,1,0
4683031029,2024-01-31,전라남도,영암군,덕진면,장선리,203,99,104,202,100,102,-1,1,-2
4683032021,2024-01-31,전라남도,영암군,금정면,연보리,111,54,57,110,54,56,-1,0,-1
4683032022,2024-01-31,전라남도,영암군,금정면,아천리,273,140,133,274,143,131,1,3,-2
4683032023,2024-01-31,전라남도,영암군,금정면,월평리,248,125,123,247,124,123,-1,-1,0
4683032024,2024-01-31,전라남도,영암군,금정면,용흥리,416,214,202,416,210,206,0,-4,4
4683032025,2024-01-31,전라남도,영암군,금정면,남송리,201,96,105,201,96,105,0,0,0
4683032026,2024-01-31,전라남도,영암군,금정면,안노리,300,153,147,300,153,147,0,0,0
4683032027,2024-01-31,전라남도,영암군,금정면,와운리,147,82,65,149,82,67,2,0,2
4683032028,2024-01-31,전라남도,영암군,금정면,연소리,145,71,74,144,69,75,-1,-2,1
4683032029,2024-01-31,전라남도,영암군,금정면,청용리,97,59,38,98,59,39,1,0,1
4683032030,2024-01-31,전라남도,영암군,금정면,쌍효리,11,7,4,11,7,4,0,0,0
4683032031,2024-01-31,전라남도,영암군,금정면,세류리,68,31,37,69,32,37,1,1,0
4683033021,2024-01-31,전라남도,영암군,신북면,모산리,240,128,112,239,128,111,-1,0,-1
4683033022,2024-01-31,전라남도,영암군,신북면,금수리,172,87,85,168,85,83,-4,-2,-2
4683033023,2024-01-31,전라남도,영암군,신북면,유곡리,230,118,112,229,118,111,-1,0,-1
4683033024,2024-01-31,전라남도,영암군,신북면,갈곡리,278,145,133,276,144,132,-2,-1,-1
4683033025,2024-01-31,전라남도,영암군,신북면,학동리,180,91,89,183,93,90,3,2,1
4683033026,2024-01-31,전라남도,영암군,신북면,양계리,163,85,78,162,84,78,-1,-1,0
4683033027,2024-01-31,전라남도,영암군,신북면,장산리,167,86,81,165,85,80,-2,-1,-1
4683033028,2024-01-31,전라남도,영암군,신북면,명동리,76,41,35,78,42,36,2,1,1
4683033029,2024-01-31,전라남도,영암군,신북면,이천리,343,174,169,347,176,171,4,2,2
4683033030,2024-01-31,전라남도,영암군,신북면,월평리,1146,557,589,1152,562,590,6,5,1
4683033031,2024-01-31,전라남도,영암군,신북면,행정리,241,120,121,240,117,123,-1,-3,2
4683033032,2024-01-31,전라남도,영암군,신북면,월지리,181,100,81,175,97,78,-6,-3,-3
4683033033,2024-01-31,전라남도,영암군,신북면,용산리,81,41,40,82,41,41,1,0,1
4683034021,2024-01-31,전라남도,영암군,시종면,와우리,215,115,100,216,116,100,1,1,0
4683034022,2024-01-31,전라남도,영암군,시종면,구산리,274,142,132,274,141,133,0,-1,1
4683034023,2024-01-31,전라남도,영암군,시종면,봉소리,194,105,89,193,105,88,-1,0,-1
4683034024,2024-01-31,전라남도,영암군,시종면,신학리,373,199,174,372,202,170,-1,3,-4
4683034025,2024-01-31,전라남도,영암군,시종면,월송리,102,44,58,101,44,57,-1,0,-1
4683034026,2024-01-31,전라남도,영암군,시종면,내동리,320,162,158,321,163,158,1,1,0
4683034027,2024-01-31,전라남도,영암군,시종면,만수리,380,197,183,379,197,182,-1,0,-1
4683034028,2024-01-31,전라남도,영암군,시종면,태간리,158,86,72,159,87,72,1,1,0
4683034029,2024-01-31,전라남도,영암군,시종면,월롱리,179,89,90,175,86,89,-4,-3,-1
4683034030,2024-01-31,전라남도,영암군,시종면,월악리,212,110,102,212,110,102,0,0,0
4683034031,2024-01-31,전라남도,영암군,시종면,금지리,222,114,108,219,110,109,-3,-4,1
4683034032,2024-01-31,전라남도,영암군,시종면,신흥리,229,123,106,231,124,107,2,1,1
4683034033,2024-01-31,전라남도,영암군,시종면,신연리,235,125,110,235,125,110,0,0,0
4683034034,2024-01-31,전라남도,영암군,시종면,옥야리,197,88,109,197,87,110,0,-1,1
4683035021,2024-01-31,전라남도,영암군,도포면,원항리,270,140,130,273,141,132,3,1,2
4683035022,2024-01-31,전라남도,영암군,도포면,봉호리,400,202,198,399,201,198,-1,-1,0
4683035023,2024-01-31,전라남도,영암군,도포면,덕화리,231,123,108,231,125,106,0,2,-2
4683035024,2024-01-31,전라남도,영암군,도포면,도포리,122,60,62,122,60,62,0,0,0
4683035025,2024-01-31,전라남도,영암군,도포면,구학리,303,154,149,298,151,147,-5,-3,-2
4683035026,2024-01-31,전라남도,영암군,도포면,영호리,267,145,122,270,148,122,3,3,0
4683035027,2024-01-31,전라남도,영암군,도포면,성산리,279,147,132,279,147,132,0,0,0
4683035028,2024-01-31,전라남도,영암군,도포면,수산리,256,132,124,260,134,126,4,2,2
4683036021,2024-01-31,전라남도,영암군,군서면,해창리,234,124,110,236,125,111,2,1,1
4683036022,2024-01-31,전라남도,영암군,군서면,마산리,231,107,124,225,103,122,-6,-4,-2
4683036023,2024-01-31,전라남도,영암군,군서면,성양리,174,82,92,174,82,92,0,0,0
4683036024,2024-01-31,전라남도,영암군,군서면,동호리,202,105,97,202,107,95,0,2,-2
4683036025,2024-01-31,전라남도,영암군,군서면,양장리,178,89,89,178,90,88,0,1,-1
4683036026,2024-01-31,전라남도,영암군,군서면,모정리,238,110,128,237,109,128,-1,-1,0
4683036027,2024-01-31,전라남도,영암군,군서면,서구림리,260,104,156,259,104,155,-1,0,-1
4683036028,2024-01-31,전라남도,영암군,군서면,동구림리,622,311,311,622,308,314,0,-3,3
4683036029,2024-01-31,전라남도,영암군,군서면,도갑리,463,234,229,471,237,234,8,3,5
4683036030,2024-01-31,전라남도,영암군,군서면,월곡리,336,166,170,341,168,173,5,2,3
4683036031,2024-01-31,전라남도,영암군,군서면,도장리,140,71,69,137,69,68,-3,-2,-1
4683037021,2024-01-31,전라남도,영암군,서호면,몽해리,208,104,104,207,104,103,-1,0,-1
4683037022,2024-01-31,전라남도,영암군,서호면,화송리,166,75,91,169,75,94,3,0,3
4683037023,2024-01-31,전라남도,영암군,서호면,청용리,91,42,49,91,42,49,0,0,0
4683037024,2024-01-31,전라남도,영암군,서호면,엄길리,200,99,101,199,98,101,-1,-1,0
4683037025,2024-01-31,전라남도,영암군,서호면,장천리,229,123,106,225,119,106,-4,-4,0
4683037026,2024-01-31,전라남도,영암군,서호면,쌍풍리,288,139,149,289,139,150,1,0,1
4683037027,2024-01-31,전라남도,영암군,서호면,소산리,176,74,102,178,74,104,2,0,2
4683037028,2024-01-31,전라남도,영암군,서호면,성재리,240,117,123,239,117,122,-1,0,-1
4683037029,2024-01-31,전라남도,영암군,서호면,금강리,122,59,63,121,58,63,-1,-1,0
4683037030,2024-01-31,전라남도,영암군,서호면,태백리,103,56,47,101,54,47,-2,-2,0
4683038021,2024-01-31,전라남도,영암군,학산면,묵동리,86,45,41,85,45,40,-1,0,-1
4683038022,2024-01-31,전라남도,영암군,학산면,상월리,262,141,121,261,141,120,-1,0,-1
4683038023,2024-01-31,전라남도,영암군,학산면,용산리,361,170,191,362,170,192,1,0,1
4683038024,2024-01-31,전라남도,영암군,학산면,학계리,102,54,48,102,55,47,0,1,-1
4683038025,2024-01-31,전라남도,영암군,학산면,용소리,249,119,130,250,119,131,1,0,1
4683038026,2024-01-31,전라남도,영암군,학산면,금계리,372,187,185,372,187,185,0,0,0
4683038027,2024-01-31,전라남도,영암군,학산면,독천리,1046,499,547,1055,499,556,9,0,9
4683038028,2024-01-31,전라남도,영암군,학산면,신덕리,140,66,74,138,66,72,-2,0,-2
4683038029,2024-01-31,전라남도,영암군,학산면,은곡리,107,44,63,107,44,63,0,0,0
4683038030,2024-01-31,전라남도,영암군,학산면,매월리,136,59,77,136,59,77,0,0,0
4683039021,2024-01-31,전라남도,영암군,미암면,두억리,193,87,106,191,87,104,-2,0,-2
4683039022,2024-01-31,전라남도,영암군,미암면,미암리,153,78,75,152,77,75,-1,-1,0
4683039023,2024-01-31,전라남도,영암군,미암면,선황리,208,107,101,208,106,102,0,-1,1
4683039024,2024-01-31,전라남도,영암군,미암면,남산리,238,120,118,234,119,115,-4,-1,-3
4683039025,2024-01-31,전라남도,영암군,미암면,춘동리,249,125,124,247,125,122,-2,0,-2
4683039026,2024-01-31,전라남도,영암군,미암면,채지리,397,201,196,392,198,194,-5,-3,-2
4683039027,2024-01-31,전라남도,영암군,미암면,신한리,200,99,101,199,100,99,-1,1,-2
4683039028,2024-01-31,전라남도,영암군,미암면,신포리,207,111,96,205,110,95,-2,-1,-1
4683039029,2024-01-31,전라남도,영암군,미암면,호포리,290,144,146,291,145,146,1,1,0
4684025021,2024-01-31,전라남도,무안군,무안읍,성내리,1577,772,805,1633,792,841,56,20,36
4684025022,2024-01-31,전라남도,무안군,무안읍,성동리,1310,675,635,1309,672,637,-1,-3,2
4684025023,2024-01-31,전라남도,무안군,무안읍,성남리,4277,2136,2141,4239,2120,2119,-38,-16,-22
4684025024,2024-01-31,전라남도,무안군,무안읍,교촌리,2394,1153,1241,2383,1148,1235,-11,-5,-6
4684025025,2024-01-31,전라남도,무안군,무안읍,용월리,285,148,137,285,148,137,0,0,0
4684025026,2024-01-31,전라남도,무안군,무안읍,고절리,320,168,152,323,168,155,3,0,3
4684025027,2024-01-31,전라남도,무안군,무안읍,매곡리,290,164,126,291,165,126,1,1,0
4684025028,2024-01-31,전라남도,무안군,무안읍,성암리,111,55,56,107,53,54,-4,-2,-2
4684025029,2024-01-31,전라남도,무안군,무안읍,평용리,79,47,32,79,47,32,0,0,0
4684025030,2024-01-31,전라남도,무안군,무안읍,신학리,217,109,108,217,110,107,0,1,-1
4684025321,2024-01-31,전라남도,무안군,일로읍,청호리,239,114,125,242,116,126,3,2,1
4684025322,2024-01-31,전라남도,무안군,일로읍,망월리,217,119,98,219,120,99,2,1,1
4684025323,2024-01-31,전라남도,무안군,일로읍,죽산리,440,231,209,441,232,209,1,1,0
4684025324,2024-01-31,전라남도,무안군,일로읍,구정리,149,78,71,147,77,70,-2,-1,-1
4684025325,2024-01-31,전라남도,무안군,일로읍,의산리,753,400,353,756,402,354,3,2,1
4684025326,2024-01-31,전라남도,무안군,일로읍,월암리,2352,1178,1174,2350,1179,1171,-2,1,-3
4684025327,2024-01-31,전라남도,무안군,일로읍,용산리,491,246,245,493,246,247,2,0,2
4684025328,2024-01-31,전라남도,무안군,일로읍,산정리,324,151,173,323,150,173,-1,-1,0
4684025329,2024-01-31,전라남도,무안군,일로읍,광암리,258,125,133,253,121,132,-5,-4,-1
4684025330,2024-01-31,전라남도,무안군,일로읍,상신기리,196,92,104,195,91,104,-1,-1,0
4684025331,2024-01-31,전라남도,무안군,일로읍,복룡리,444,228,216,439,225,214,-5,-3,-2
4684025332,2024-01-31,전라남도,무안군,일로읍,지장리,220,107,113,216,104,112,-4,-3,-1
4684025333,2024-01-31,전라남도,무안군,일로읍,감돈리,271,145,126,270,145,125,-1,0,-1
4684025335,2024-01-31,전라남도,무안군,일로읍,오룡리,9876,4913,4963,9892,4913,4979,16,0,16
4684025621,2024-01-31,전라남도,무안군,삼향읍,임성리,791,413,378,792,417,375,1,4,-3
4684025622,2024-01-31,전라남도,무안군,삼향읍,남악리,35032,17291,17741,35096,17314,17782,64,23,41
4684025623,2024-01-31,전라남도,무안군,삼향읍,용포리,827,423,404,829,423,406,2,0,2
4684025624,2024-01-31,전라남도,무안군,삼향읍,맥포리,628,333,295,628,334,294,0,1,-1
4684025625,2024-01-31,전라남도,무안군,삼향읍,유교리,1159,651,508,1164,657,507,5,6,-1
4684025626,2024-01-31,전라남도,무안군,삼향읍,왕산리,1095,552,543,1091,549,542,-4,-3,-1
4684025627,2024-01-31,전라남도,무안군,삼향읍,지산리,737,386,351,737,387,350,0,1,-1
4684032021,2024-01-31,전라남도,무안군,몽탄면,달산리,165,91,74,164,91,73,-1,0,-1
4684032022,2024-01-31,전라남도,무안군,몽탄면,봉명리,99,54,45,100,54,46,1,0,1
4684032023,2024-01-31,전라남도,무안군,몽탄면,양장리,182,94,88,179,92,87,-3,-2,-1
4684032024,2024-01-31,전라남도,무안군,몽탄면,청용리,110,48,62,110,48,62,0,0,0
4684032025,2024-01-31,전라남도,무안군,몽탄면,당호리,160,92,68,160,92,68,0,0,0
4684032026,2024-01-31,전라남도,무안군,몽탄면,명산리,208,112,96,207,113,94,-1,1,-2
4684032027,2024-01-31,전라남도,무안군,몽탄면,몽강리,105,52,53,102,50,52,-3,-2,-1
4684032028,2024-01-31,전라남도,무안군,몽탄면,약곡리,125,63,62,124,64,60,-1,1,-2
4684032029,2024-01-31,전라남도,무안군,몽탄면,귀학리,70,35,35,72,37,35,2,2,0
4684032030,2024-01-31,전라남도,무안군,몽탄면,사천리,316,157,159,317,157,160,1,0,1
4684032031,2024-01-31,전라남도,무안군,몽탄면,구산리,211,90,121,214,92,122,3,2,1
4684032032,2024-01-31,전라남도,무안군,몽탄면,이산리,107,60,47,107,60,47,0,0,0
4684032033,2024-01-31,전라남도,무안군,몽탄면,내리,200,93,107,199,92,107,-1,-1,0
4684032034,2024-01-31,전라남도,무안군,몽탄면,대치리,151,81,70,150,80,70,-1,-1,0
4684032035,2024-01-31,전라남도,무안군,몽탄면,학산리,94,46,48,93,45,48,-1,-1,0
4684032036,2024-01-31,전라남도,무안군,몽탄면,다산리,143,77,66,143,77,66,0,0,0
4684032037,2024-01-31,전라남도,무안군,몽탄면,사창리,304,145,159,307,147,160,3,2,1
4684032038,2024-01-31,전라남도,무안군,몽탄면,봉산리,150,74,76,150,74,76,0,0,0
4684033021,2024-01-31,전라남도,무안군,청계면,월선리,485,230,255,486,232,254,1,2,-1
4684033022,2024-01-31,전라남도,무안군,청계면,청계리,400,216,184,396,211,185,-4,-5,1
4684033023,2024-01-31,전라남도,무안군,청계면,도림리,2267,1200,1067,2232,1182,1050,-35,-18,-17
4684033024,2024-01-31,전라남도,무안군,청계면,남성리,437,221,216,439,222,217,2,1,1
4684033025,2024-01-31,전라남도,무안군,청계면,복길리,298,172,126,297,170,127,-1,-2,1
4684033026,2024-01-31,전라남도,무안군,청계면,구로리,300,145,155,300,146,154,0,1,-1
4684033027,2024-01-31,전라남도,무안군,청계면,상마리,298,156,142,301,157,144,3,1,2
4684033028,2024-01-31,전라남도,무안군,청계면,복룡리,162,85,77,161,86,75,-1,1,-2
4684033029,2024-01-31,전라남도,무안군,청계면,강정리,127,67,60,129,68,61,2,1,1
4684033030,2024-01-31,전라남도,무안군,청계면,도대리,233,114,119,234,114,120,1,0,1
4684033031,2024-01-31,전라남도,무안군,청계면,서호리,280,142,138,282,143,139,2,1,1
4684033032,2024-01-31,전라남도,무안군,청계면,송현리,203,102,101,203,102,101,0,0,0
4684033033,2024-01-31,전라남도,무안군,청계면,청수리,169,101,68,168,98,70,-1,-3,2
4684033034,2024-01-31,전라남도,무안군,청계면,태봉리,158,83,75,158,83,75,0,0,0
4684033035,2024-01-31,전라남도,무안군,청계면,남안리,159,90,69,164,93,71,5,3,2
4684033036,2024-01-31,전라남도,무안군,청계면,사마리,167,84,83,170,85,85,3,1,2
4684033037,2024-01-31,전라남도,무안군,청계면,청천리,246,131,115,244,132,112,-2,1,-3
4684034021,2024-01-31,전라남도,무안군,현경면,양학리,231,122,109,230,121,109,-1,-1,0
4684034022,2024-01-31,전라남도,무안군,현경면,동산리,324,173,151,322,170,152,-2,-3,1
4684034023,2024-01-31,전라남도,무안군,현경면,평산리,554,295,259,554,295,259,0,0,0
4684034024,2024-01-31,전라남도,무안군,현경면,외반리,516,268,248,513,265,248,-3,-3,0
4684034025,2024-01-31,전라남도,무안군,현경면,현화리,523,271,252,519,271,248,-4,0,-4
4684034026,2024-01-31,전라남도,무안군,현경면,해운리,336,163,173,335,163,172,-1,0,-1
4684034027,2024-01-31,전라남도,무안군,현경면,송정리,283,144,139,283,144,139,0,0,0
4684034028,2024-01-31,전라남도,무안군,현경면,수양리,352,174,178,351,173,178,-1,-1,0
4684034029,2024-01-31,전라남도,무안군,현경면,용정리,385,208,177,384,208,176,-1,0,-1
4684034030,2024-01-31,전라남도,무안군,현경면,오류리,458,238,220,468,243,225,10,5,5
4684034031,2024-01-31,전라남도,무안군,현경면,마산리,296,158,138,295,158,137,-1,0,-1
4684034032,2024-01-31,전라남도,무안군,현경면,가입리,148,75,73,150,77,73,2,2,0
4684035021,2024-01-31,전라남도,무안군,망운면,목동리,533,273,260,538,274,264,5,1,4
4684035022,2024-01-31,전라남도,무안군,망운면,목서리,494,261,233,493,261,232,-1,0,-1
4684035023,2024-01-31,전라남도,무안군,망운면,피서리,290,156,134,289,155,134,-1,-1,0
4684035024,2024-01-31,전라남도,무안군,망운면,송현리,490,250,240,486,248,238,-4,-2,-2
4684035025,2024-01-31,전라남도,무안군,망운면,탄도리,46,22,24,44,21,23,-2,-1,-1
4684036021,2024-01-31,전라남도,무안군,해제면,유월리,372,201,171,371,201,170,-1,0,-1
4684036022,2024-01-31,전라남도,무안군,해제면,용학리,226,109,117,227,109,118,1,0,1
4684036023,2024-01-31,전라남도,무안군,해제면,만풍리,358,169,189,357,170,187,-1,1,-2
4684036024,2024-01-31,전라남도,무안군,해제면,송석리,243,136,107,245,138,107,2,2,0
4684036025,2024-01-31,전라남도,무안군,해제면,양매리,582,283,299,581,282,299,-1,-1,0
4684036026,2024-01-31,전라남도,무안군,해제면,신정리,851,418,433,849,416,433,-2,-2,0
4684036027,2024-01-31,전라남도,무안군,해제면,덕산리,205,102,103,207,103,104,2,1,1
4684036028,2024-01-31,전라남도,무안군,해제면,대사리,124,60,64,123,61,62,-1,1,-2
4684036029,2024-01-31,전라남도,무안군,해제면,학송리,187,95,92,187,96,91,0,1,-1
4684036030,2024-01-31,전라남도,무안군,해제면,석룡리,150,74,76,150,74,76,0,0,0
4684036031,2024-01-31,전라남도,무안군,해제면,임수리,134,67,67,137,68,69,3,1,2
4684036032,2024-01-31,전라남도,무안군,해제면,광산리,228,120,108,224,117,107,-4,-3,-1
4684036033,2024-01-31,전라남도,무안군,해제면,산길리,213,114,99,213,115,98,0,1,-1
4684036034,2024-01-31,전라남도,무안군,해제면,천장리,322,166,156,320,163,157,-2,-3,1
4684036035,2024-01-31,전라남도,무안군,해제면,창매리,272,149,123,275,152,123,3,3,0
4684036036,2024-01-31,전라남도,무안군,해제면,양월리,154,84,70,154,83,71,0,-1,1
4684037021,2024-01-31,전라남도,무안군,운남면,하묘리,428,204,224,428,204,224,0,0,0
4684037022,2024-01-31,전라남도,무안군,운남면,동암리,421,228,193,424,230,194,3,2,1
4684037023,2024-01-31,전라남도,무안군,운남면,연리,854,445,409,848,444,404,-6,-1,-5
4684037024,2024-01-31,전라남도,무안군,운남면,내리,596,308,288,597,310,287,1,2,-1
4684037025,2024-01-31,전라남도,무안군,운남면,성내리,469,242,227,466,243,223,-3,1,-4
4686025021,2024-01-31,전라남도,함평군,함평읍,함평리,440,226,214,435,222,213,-5,-4,-1
4686025022,2024-01-31,전라남도,함평군,함평읍,기각리,1402,695,707,1396,688,708,-6,-7,1
4686025023,2024-01-31,전라남도,함평군,함평읍,내교리,3650,1756,1894,3640,1761,1879,-10,5,-15
4686025024,2024-01-31,전라남도,함평군,함평읍,수호리,238,129,109,234,127,107,-4,-2,-2
4686025025,2024-01-31,전라남도,함평군,함평읍,성남리,140,68,72,139,67,72,-1,-1,0
4686025026,2024-01-31,전라남도,함평군,함평읍,자풍리,156,80,76,155,80,75,-1,0,-1
4686025027,2024-01-31,전라남도,함평군,함평읍,만흥리,188,96,92,187,94,93,-1,-2,1
4686025028,2024-01-31,전라남도,함평군,함평읍,장교리,277,142,135,271,140,131,-6,-2,-4
4686025029,2024-01-31,전라남도,함평군,함평읍,옥산리,203,106,97,204,107,97,1,1,0
4686025030,2024-01-31,전라남도,함평군,함평읍,가동리,130,72,58,129,71,58,-1,-1,0
4686025031,2024-01-31,전라남도,함평군,함평읍,석성리,599,300,299,597,299,298,-2,-1,-1
4686025032,2024-01-31,전라남도,함평군,함평읍,장년리,284,145,139,284,147,137,0,2,-2
4686025033,2024-01-31,전라남도,함평군,함평읍,진양리,340,161,179,338,161,177,-2,0,-2
4686025034,2024-01-31,전라남도,함평군,함평읍,대덕리,259,124,135,258,124,134,-1,0,-1
4686031021,2024-01-31,전라남도,함평군,손불면,학산리,374,188,186,362,183,179,-12,-5,-7
4686031022,2024-01-31,전라남도,함평군,손불면,양재리,144,70,74,143,70,73,-1,0,-1
4686031023,2024-01-31,전라남도,함평군,손불면,북성리,107,56,51,107,56,51,0,0,0
4686031024,2024-01-31,전라남도,함평군,손불면,월천리,548,290,258,554,289,265,6,-1,7
4686031025,2024-01-31,전라남도,함평군,손불면,대전리,345,171,174,339,169,170,-6,-2,-4
4686031026,2024-01-31,전라남도,함평군,손불면,동암리,110,60,50,108,58,50,-2,-2,0
4686031027,2024-01-31,전라남도,함평군,손불면,죽장리,131,73,58,129,73,56,-2,0,-2
4686031028,2024-01-31,전라남도,함평군,손불면,죽암리,108,55,53,108,55,53,0,0,0
4686031029,2024-01-31,전라남도,함평군,손불면,궁산리,353,177,176,350,176,174,-3,-1,-2
4686031030,2024-01-31,전라남도,함평군,손불면,석창리,358,191,167,362,192,170,4,1,3
4686031031,2024-01-31,전라남도,함평군,손불면,산남리,610,303,307,611,303,308,1,0,1
4686032021,2024-01-31,전라남도,함평군,신광면,보여리,77,36,41,78,37,41,1,1,0
4686032022,2024-01-31,전라남도,함평군,신광면,송사리,148,72,76,147,71,76,-1,-1,0
4686032023,2024-01-31,전라남도,함평군,신광면,동정리,132,71,61,130,70,60,-2,-1,-1
4686032024,2024-01-31,전라남도,함평군,신광면,함정리,140,69,71,146,72,74,6,3,3
4686032025,2024-01-31,전라남도,함평군,신광면,원산리,121,60,61,121,61,60,0,1,-1
4686032026,2024-01-31,전라남도,함평군,신광면,삼덕리,251,130,121,249,130,119,-2,0,-2
4686032027,2024-01-31,전라남도,함평군,신광면,백운리,139,71,68,143,73,70,4,2,2
4686032028,2024-01-31,전라남도,함평군,신광면,복흥리,82,45,37,81,45,36,-1,0,-1
4686032029,2024-01-31,전라남도,함평군,신광면,계천리,134,63,71,134,63,71,0,0,0
4686032030,2024-01-31,전라남도,함평군,신광면,월암리,186,90,96,187,91,96,1,1,0
4686032031,2024-01-31,전라남도,함평군,신광면,가덕리,145,73,72,148,74,74,3,1,2
4686032032,2024-01-31,전라남도,함평군,신광면,유천리,165,86,79,167,88,79,2,2,0
4686033021,2024-01-31,전라남도,함평군,학교면,복천리,158,87,71,158,87,71,0,0,0
4686033022,2024-01-31,전라남도,함평군,학교면,고막리,138,71,67,138,71,67,0,0,0
4686033023,2024-01-31,전라남도,함평군,학교면,금송리,193,86,107,195,87,108,2,1,1
4686033024,2024-01-31,전라남도,함평군,학교면,월호리,157,80,77,155,79,76,-2,-1,-1
4686033025,2024-01-31,전라남도,함평군,학교면,곡창리,150,76,74,148,75,73,-2,-1,-1
4686033026,2024-01-31,전라남도,함평군,학교면,학교리,728,358,370,724,355,369,-4,-3,-1
4686033027,2024-01-31,전라남도,함평군,학교면,사거리,699,348,351,694,345,349,-5,-3,-2
4686033028,2024-01-31,전라남도,함평군,학교면,월산리,565,288,277,566,289,277,1,1,0
4686033029,2024-01-31,전라남도,함평군,학교면,죽정리,363,196,167,361,191,170,-2,-5,3
4686033030,2024-01-31,전라남도,함평군,학교면,마산리,245,128,117,243,127,116,-2,-1,-1
4686033031,2024-01-31,전라남도,함평군,학교면,석정리,136,64,72,136,64,72,0,0,0
4686034021,2024-01-31,전라남도,함평군,엄다면,엄다리,476,232,244,477,232,245,1,0,1
4686034022,2024-01-31,전라남도,함평군,엄다면,송로리,374,176,198,368,173,195,-6,-3,-3
4686034023,2024-01-31,전라남도,함평군,엄다면,신계리,153,79,74,152,79,73,-1,0,-1
4686034024,2024-01-31,전라남도,함평군,엄다면,삼정리,133,63,70,133,63,70,0,0,0
4686034025,2024-01-31,전라남도,함평군,엄다면,영흥리,186,98,88,183,96,87,-3,-2,-1
4686034026,2024-01-31,전라남도,함평군,엄다면,학야리,152,79,73,152,79,73,0,0,0
4686034027,2024-01-31,전라남도,함평군,엄다면,성천리,201,95,106,201,95,106,0,0,0
4686034028,2024-01-31,전라남도,함평군,엄다면,화양리,193,94,99,193,93,100,0,-1,1
4686035021,2024-01-31,전라남도,함평군,대동면,상옥리,143,79,64,142,79,63,-1,0,-1
4686035022,2024-01-31,전라남도,함평군,대동면,금곡리,144,70,74,144,71,73,0,1,-1
4686035023,2024-01-31,전라남도,함평군,대동면,백호리,215,110,105,214,110,104,-1,0,-1
4686035024,2024-01-31,전라남도,함평군,대동면,월송리,100,57,43,101,58,43,1,1,0
4686035025,2024-01-31,전라남도,함평군,대동면,강운리,397,219,178,393,217,176,-4,-2,-2
4686035026,2024-01-31,전라남도,함평군,대동면,향교리,842,435,407,841,432,409,-1,-3,2
4686035027,2024-01-31,전라남도,함평군,대동면,덕산리,328,172,156,324,169,155,-4,-3,-1
4686035028,2024-01-31,전라남도,함평군,대동면,용성리,338,170,168,337,170,167,-1,0,-1
4686035029,2024-01-31,전라남도,함평군,대동면,운교리,148,73,75,144,72,72,-4,-1,-3
4686035030,2024-01-31,전라남도,함평군,대동면,금산리,195,102,93,193,101,92,-2,-1,-1
4686035031,2024-01-31,전라남도,함평군,대동면,서호리,62,38,24,63,39,24,1,1,0
4686035032,2024-01-31,전라남도,함평군,대동면,연암리,70,34,36,72,35,37,2,1,1
4686036021,2024-01-31,전라남도,함평군,나산면,삼축리,583,282,301,582,286,296,-1,4,-5
4686036022,2024-01-31,전라남도,함평군,나산면,수하리,176,81,95,177,81,96,1,0,1
4686036023,2024-01-31,전라남도,함평군,나산면,나산리,178,83,95,178,83,95,0,0,0
4686036024,2024-01-31,전라남도,함평군,나산면,신평리,47,21,26,47,21,26,0,0,0
4686036025,2024-01-31,전라남도,함평군,나산면,송암리,92,50,42,91,50,41,-1,0,-1
4686036026,2024-01-31,전라남도,함평군,나산면,이문리,189,97,92,188,97,91,-1,0,-1
4686036027,2024-01-31,전라남도,함평군,나산면,수상리,156,81,75,158,81,77,2,0,2
4686036028,2024-01-31,전라남도,함평군,나산면,용두리,277,133,144,277,133,144,0,0,0
4686036029,2024-01-31,전라남도,함평군,나산면,우치리,160,90,70,161,90,71,1,0,1
4686036030,2024-01-31,전라남도,함평군,나산면,초포리,208,105,103,207,104,103,-1,-1,0
4686036031,2024-01-31,전라남도,함평군,나산면,월봉리,237,120,117,235,119,116,-2,-1,-1
4686036032,2024-01-31,전라남도,함평군,나산면,원선리,63,36,27,63,37,26,0,1,-1
4686036033,2024-01-31,전라남도,함평군,나산면,구산리,246,121,125,240,117,123,-6,-4,-2
4686036034,2024-01-31,전라남도,함평군,나산면,덕림리,114,61,53,116,63,53,2,2,0
4686037021,2024-01-31,전라남도,함평군,해보면,상곡리,248,132,116,250,134,116,2,2,0
4686037022,2024-01-31,전라남도,함평군,해보면,대창리,192,98,94,192,98,94,0,0,0
4686037023,2024-01-31,전라남도,함평군,해보면,용산리,494,258,236,499,258,241,5,0,5
4686037024,2024-01-31,전라남도,함평군,해보면,문장리,519,267,252,516,264,252,-3,-3,0
4686037025,2024-01-31,전라남도,함평군,해보면,금덕리,711,353,358,705,352,353,-6,-1,-5
4686037026,2024-01-31,전라남도,함평군,해보면,해보리,248,122,126,252,124,128,4,2,2
4686037027,2024-01-31,전라남도,함평군,해보면,금계리,72,31,41,75,31,44,3,0,3
4686037028,2024-01-31,전라남도,함평군,해보면,산내리,56,26,30,58,26,32,2,0,2
4686037029,2024-01-31,전라남도,함평군,해보면,광암리,80,47,33,84,49,35,4,2,2
4686037030,2024-01-31,전라남도,함평군,해보면,대각리,91,45,46,92,46,46,1,1,0
4686038021,2024-01-31,전라남도,함평군,월야면,용월리,280,154,126,277,151,126,-3,-3,0
4686038022,2024-01-31,전라남도,함평군,월야면,양정리,222,130,92,220,128,92,-2,-2,0
4686038023,2024-01-31,전라남도,함평군,월야면,영월리,145,77,68,145,77,68,0,0,0
4686038024,2024-01-31,전라남도,함평군,월야면,외치리,186,101,85,185,99,86,-1,-2,1
4686038025,2024-01-31,전라남도,함평군,월야면,월야리,1064,557,507,1067,558,509,3,1,2
4686038026,2024-01-31,전라남도,함평군,월야면,월악리,336,165,171,336,167,169,0,2,-2
4686038027,2024-01-31,전라남도,함평군,월야면,계림리,202,106,96,203,107,96,1,1,0
4686038028,2024-01-31,전라남도,함평군,월야면,예덕리,198,106,92,200,108,92,2,2,0
4686038029,2024-01-31,전라남도,함평군,월야면,정산리,363,193,170,361,192,169,-2,-1,-1
4686038030,2024-01-31,전라남도,함평군,월야면,용암리,234,141,93,235,141,94,1,0,1
4686038031,2024-01-31,전라남도,함평군,월야면,용정리,131,69,62,130,69,61,-1,0,-1
4686038032,2024-01-31,전라남도,함평군,월야면,월계리,207,109,98,205,108,97,-2,-1,-1
4687025021,2024-01-31,전라남도,영광군,영광읍,무령리,710,336,374,693,327,366,-17,-9,-8
4687025022,2024-01-31,전라남도,영광군,영광읍,백학리,1346,679,667,1343,677,666,-3,-2,-1
4687025023,2024-01-31,전라남도,영광군,영광읍,남천리,2256,1088,1168,2243,1082,1161,-13,-6,-7
4687025024,2024-01-31,전라남도,영광군,영광읍,도동리,3156,1516,1640,3138,1508,1630,-18,-8,-10
4687025025,2024-01-31,전라남도,영광군,영광읍,교촌리,1583,775,808,1586,775,811,3,0,3
4687025026,2024-01-31,전라남도,영광군,영광읍,연성리,247,128,119,245,128,117,-2,0,-2
4687025027,2024-01-31,전라남도,영광군,영광읍,월평리,280,139,141,290,143,147,10,4,6
4687025028,2024-01-31,전라남도,영광군,영광읍,단주리,3935,1908,2027,3928,1903,2025,-7,-5,-2
4687025029,2024-01-31,전라남도,영광군,영광읍,덕호리,398,196,202,399,197,202,1,1,0
4687025030,2024-01-31,전라남도,영광군,영광읍,신월리,150,79,71,150,80,70,0,1,-1
4687025031,2024-01-31,전라남도,영광군,영광읍,양평리,183,100,83,181,100,81,-2,0,-2
4687025032,2024-01-31,전라남도,영광군,영광읍,와룡리,210,103,107,209,103,106,-1,0,-1
4687025033,2024-01-31,전라남도,영광군,영광읍,계송리,214,118,96,213,117,96,-1,-1,0
4687025034,2024-01-31,전라남도,영광군,영광읍,입석리,163,85,78,162,84,78,-1,-1,0
4687025035,2024-01-31,전라남도,영광군,영광읍,우평리,141,73,68,141,73,68,0,0,0
4687025036,2024-01-31,전라남도,영광군,영광읍,녹사리,3380,1619,1761,3389,1630,1759,9,11,-2
4687025037,2024-01-31,전라남도,영광군,영광읍,학정리,1325,665,660,1317,659,658,-8,-6,-2
4687025038,2024-01-31,전라남도,영광군,영광읍,송림리,696,346,350,691,343,348,-5,-3,-2
4687025039,2024-01-31,전라남도,영광군,영광읍,신하리,1749,875,874,1736,871,865,-13,-4,-9
4687025321,2024-01-31,전라남도,영광군,백수읍,대신리,187,90,97,189,92,97,2,2,0
4687025322,2024-01-31,전라남도,영광군,백수읍,길용리,328,163,165,332,163,169,4,0,4
4687025323,2024-01-31,전라남도,영광군,백수읍,천정리,143,75,68,145,76,69,2,1,1
4687025324,2024-01-31,전라남도,영광군,백수읍,장산리,215,94,121,216,94,122,1,0,1
4687025325,2024-01-31,전라남도,영광군,백수읍,논산리,241,129,112,239,128,111,-2,-1,-1
4687025326,2024-01-31,전라남도,영광군,백수읍,학산리,138,72,66,136,70,66,-2,-2,0
4687025327,2024-01-31,전라남도,영광군,백수읍,죽사리,289,138,151,289,137,152,0,-1,1
4687025328,2024-01-31,전라남도,영광군,백수읍,천마리,233,120,113,231,119,112,-2,-1,-1
4687025329,2024-01-31,전라남도,영광군,백수읍,양성리,233,115,118,233,116,117,0,1,-1
4687025330,2024-01-31,전라남도,영광군,백수읍,대전리,382,180,202,384,180,204,2,0,2
4687025331,2024-01-31,전라남도,영광군,백수읍,지산리,302,159,143,302,159,143,0,0,0
4687025332,2024-01-31,전라남도,영광군,백수읍,약수리,169,75,94,165,73,92,-4,-2,-2
4687025333,2024-01-31,전라남도,영광군,백수읍,홍곡리,230,112,118,228,112,116,-2,0,-2
4687025334,2024-01-31,전라남도,영광군,백수읍,백암리,147,75,72,150,76,74,3,1,2
4687025335,2024-01-31,전라남도,영광군,백수읍,상사리,432,214,218,431,214,217,-1,0,-1
4687025336,2024-01-31,전라남도,영광군,백수읍,하사리,652,319,333,645,315,330,-7,-4,-3
4687025337,2024-01-31,전라남도,영광군,백수읍,구수리,138,66,72,139,67,72,1,1,0
4687025621,2024-01-31,전라남도,영광군,홍농읍,상하리,4124,2235,1889,4108,2232,1876,-16,-3,-13
4687025622,2024-01-31,전라남도,영광군,홍농읍,칠곡리,549,286,263,543,283,260,-6,-3,-3
4687025623,2024-01-31,전라남도,영광군,홍농읍,계마리,297,169,128,296,168,128,-1,-1,0
4687025624,2024-01-31,전라남도,영광군,홍농읍,성산리,461,229,232,463,230,233,2,1,1
4687025625,2024-01-31,전라남도,영광군,홍농읍,진덕리,378,190,188,379,188,191,1,-2,3
4687025626,2024-01-31,전라남도,영광군,홍농읍,월암리,148,68,80,144,66,78,-4,-2,-2
4687025627,2024-01-31,전라남도,영광군,홍농읍,가곡리,173,83,90,174,83,91,1,0,1
4687025628,2024-01-31,전라남도,영광군,홍농읍,단덕리,214,102,112,216,103,113,2,1,1
4687025629,2024-01-31,전라남도,영광군,홍농읍,신석리,355,169,186,354,167,187,-1,-2,1
4687031021,2024-01-31,전라남도,영광군,대마면,월산리,300,132,168,299,132,167,-1,0,-1
4687031022,2024-01-31,전라남도,영광군,대마면,남산리,120,65,55,119,65,54,-1,0,-1
4687031023,2024-01-31,전라남도,영광군,대마면,송죽리,211,139,72,207,137,70,-4,-2,-2
4687031024,2024-01-31,전라남도,영광군,대마면,화평리,185,96,89,185,97,88,0,1,-1
4687031025,2024-01-31,전라남도,영광군,대마면,원흥리,292,136,156,284,134,150,-8,-2,-6
4687031026,2024-01-31,전라남도,영광군,대마면,홍교리,139,76,63,140,77,63,1,1,0
4687031027,2024-01-31,전라남도,영광군,대마면,성산리,203,104,99,202,104,98,-1,0,-1
4687031028,2024-01-31,전라남도,영광군,대마면,복평리,159,95,64,154,94,60,-5,-1,-4
4687032021,2024-01-31,전라남도,영광군,묘량면,덕흥리,252,138,114,256,139,117,4,1,3
4687032022,2024-01-31,전라남도,영광군,묘량면,영양리,243,124,119,251,128,123,8,4,4
4687032023,2024-01-31,전라남도,영광군,묘량면,운당리,296,144,152,292,143,149,-4,-1,-3
4687032024,2024-01-31,전라남도,영광군,묘량면,삼효리,270,138,132,267,135,132,-3,-3,0
4687032025,2024-01-31,전라남도,영광군,묘량면,신천리,178,90,88,178,91,87,0,1,-1
4687032026,2024-01-31,전라남도,영광군,묘량면,삼학리,227,109,118,227,109,118,0,0,0
4687032027,2024-01-31,전라남도,영광군,묘량면,월암리,201,104,97,196,101,95,-5,-3,-2
4687032028,2024-01-31,전라남도,영광군,묘량면,연암리,35,18,17,35,18,17,0,0,0
4687033021,2024-01-31,전라남도,영광군,불갑면,순용리,135,66,69,132,65,67,-3,-1,-2
4687033022,2024-01-31,전라남도,영광군,불갑면,녹산리,143,77,66,147,79,68,4,2,2
4687033023,2024-01-31,전라남도,영광군,불갑면,금계리,111,48,63,115,50,65,4,2,2
4687033024,2024-01-31,전라남도,영광군,불갑면,방마리,81,41,40,81,41,40,0,0,0
4687033025,2024-01-31,전라남도,영광군,불갑면,자비리,87,50,37,87,50,37,0,0,0
4687033026,2024-01-31,전라남도,영광군,불갑면,모악리,141,78,63,140,77,63,-1,-1,0
4687033027,2024-01-31,전라남도,영광군,불갑면,안맹리,143,84,59,146,85,61,3,1,2
4687033028,2024-01-31,전라남도,영광군,불갑면,쌍운리,138,70,68,133,67,66,-5,-3,-2
4687033029,2024-01-31,전라남도,영광군,불갑면,건무리,95,48,47,95,48,47,0,0,0
4687033030,2024-01-31,전라남도,영광군,불갑면,부춘리,110,57,53,113,58,55,3,1,2
4687033031,2024-01-31,전라남도,영광군,불갑면,응봉리,50,25,25,47,24,23,-3,-1,-2
4687033032,2024-01-31,전라남도,영광군,불갑면,우곡리,98,52,46,99,51,48,1,-1,2
4687033033,2024-01-31,전라남도,영광군,불갑면,생곡리,60,34,26,60,33,27,0,-1,1
4687034021,2024-01-31,전라남도,영광군,군서면,보라리,204,101,103,205,102,103,1,1,0
4687034022,2024-01-31,전라남도,영광군,군서면,남죽리,295,146,149,298,147,151,3,1,2
4687034023,2024-01-31,전라남도,영광군,군서면,마읍리,234,124,110,236,125,111,2,1,1
4687034024,2024-01-31,전라남도,영광군,군서면,만금리,200,94,106,200,94,106,0,0,0
4687034025,2024-01-31,전라남도,영광군,군서면,송학리,184,85,99,186,86,100,2,1,1
4687034026,2024-01-31,전라남도,영광군,군서면,가사리,186,101,85,189,102,87,3,1,2
4687034027,2024-01-31,전라남도,영광군,군서면,매산리,177,87,90,178,87,91,1,0,1
4687034028,2024-01-31,전라남도,영광군,군서면,덕산리,183,92,91,180,91,89,-3,-1,-2
4687034029,2024-01-31,전라남도,영광군,군서면,남계리,131,71,60,135,73,62,4,2,2
4687034030,2024-01-31,전라남도,영광군,군서면,만곡리,421,232,189,423,234,189,2,2,0
4687035021,2024-01-31,전라남도,영광군,군남면,포천리,324,150,174,320,146,174,-4,-4,0
4687035022,2024-01-31,전라남도,영광군,군남면,동간리,145,78,67,139,74,65,-6,-4,-2
4687035023,2024-01-31,전라남도,영광군,군남면,도장리,161,76,85,162,76,86,1,0,1
4687035024,2024-01-31,전라남도,영광군,군남면,백양리,139,66,73,144,70,74,5,4,1
4687035025,2024-01-31,전라남도,영광군,군남면,동월리,191,90,101,192,90,102,1,0,1
4687035026,2024-01-31,전라남도,영광군,군남면,설매리,212,106,106,213,106,107,1,0,1
4687035027,2024-01-31,전라남도,영광군,군남면,양덕리,299,141,158,301,142,159,2,1,1
4687035028,2024-01-31,전라남도,영광군,군남면,대덕리,202,91,111,202,91,111,0,0,0
4687035029,2024-01-31,전라남도,영광군,군남면,용암리,111,51,60,112,53,59,1,2,-1
4687035030,2024-01-31,전라남도,영광군,군남면,남창리,172,89,83,171,89,82,-1,0,-1
4687035031,2024-01-31,전라남도,영광군,군남면,월흥리,167,81,86,170,83,87,3,2,1
4687035032,2024-01-31,전라남도,영광군,군남면,반안리,139,65,74,139,66,73,0,1,-1
4687036021,2024-01-31,전라남도,영광군,염산면,축동리,259,118,141,258,119,139,-1,1,-2
4687036022,2024-01-31,전라남도,영광군,염산면,상계리,369,187,182,374,189,185,5,2,3
4687036023,2024-01-31,전라남도,영광군,염산면,봉남리,1168,556,612,1158,554,604,-10,-2,-8
4687036024,2024-01-31,전라남도,영광군,염산면,신성리,294,141,153,294,141,153,0,0,0
4687036025,2024-01-31,전라남도,영광군,염산면,송암리,188,93,95,189,95,94,1,2,-1
4687036026,2024-01-31,전라남도,영광군,염산면,야월리,440,233,207,442,235,207,2,2,0
4687036027,2024-01-31,전라남도,영광군,염산면,두우리,353,185,168,351,185,166,-2,0,-2
4687036028,2024-01-31,전라남도,영광군,염산면,오동리,240,121,119,239,120,119,-1,-1,0
4687036029,2024-01-31,전라남도,영광군,염산면,옥실리,529,274,255,530,273,257,1,-1,2
4687037021,2024-01-31,전라남도,영광군,법성면,진내리,602,304,298,608,309,299,6,5,1
4687037022,2024-01-31,전라남도,영광군,법성면,법성리,2194,1079,1115,2195,1081,1114,1,2,-1
4687037023,2024-01-31,전라남도,영광군,법성면,화천리,173,78,95,176,80,96,3,2,1
4687037024,2024-01-31,전라남도,영광군,법성면,대덕리,450,226,224,452,229,223,2,3,-1
4687037025,2024-01-31,전라남도,영광군,법성면,덕흥리,309,164,145,311,166,145,2,2,0
4687037026,2024-01-31,전라남도,영광군,법성면,입암리,114,60,54,114,60,54,0,0,0
4687037027,2024-01-31,전라남도,영광군,법성면,신장리,231,114,117,235,116,119,4,2,2
4687037028,2024-01-31,전라남도,영광군,법성면,월산리,240,107,133,240,108,132,0,1,-1
4687037029,2024-01-31,전라남도,영광군,법성면,용성리,177,83,94,175,82,93,-2,-1,-1
4687037030,2024-01-31,전라남도,영광군,법성면,용덕리,210,97,113,210,96,114,0,-1,1
4687037031,2024-01-31,전라남도,영광군,법성면,삼당리,143,75,68,144,74,70,1,-1,2
4687038021,2024-01-31,전라남도,영광군,낙월면,상낙월리,167,107,60,170,108,62,3,1,2
4687038022,2024-01-31,전라남도,영광군,낙월면,하낙월리,88,57,31,85,54,31,-3,-3,0
4687038023,2024-01-31,전라남도,영광군,낙월면,임병리,1,1,0,1,1,0,0,0,0
4687038024,2024-01-31,전라남도,영광군,낙월면,송이리,124,63,61,124,63,61,0,0,0
4687038025,2024-01-31,전라남도,영광군,낙월면,월촌리,143,86,57,145,87,58,2,1,1
4687038026,2024-01-31,전라남도,영광군,낙월면,신기리,37,23,14,37,23,14,0,0,0
4687038028,2024-01-31,전라남도,영광군,낙월면,석만리,11,8,3,11,8,3,0,0,0
4687038029,2024-01-31,전라남도,영광군,낙월면,죽도리,4,2,2,4,2,2,0,0,0
4687038030,2024-01-31,전라남도,영광군,낙월면,오도리,3,2,1,3,2,1,0,0,0
4687038031,2024-01-31,전라남도,영광군,낙월면,각이리,29,20,9,28,19,9,-1,-1,0
4688025021,2024-01-31,전라남도,장성군,장성읍,수산리,372,185,187,371,184,187,-1,-1,0
4688025022,2024-01-31,전라남도,장성군,장성읍,성산리,626,317,309,631,321,310,5,4,1
4688025023,2024-01-31,전라남도,장성군,장성읍,유탕리,978,484,494,980,488,492,2,4,-2
4688025024,2024-01-31,전라남도,장성군,장성읍,영천리,8942,4366,4576,8913,4346,4567,-29,-20,-9
4688025025,2024-01-31,전라남도,장성군,장성읍,단광리,371,204,167,364,200,164,-7,-4,-3
4688025026,2024-01-31,전라남도,장성군,장성읍,기산리,666,327,339,685,340,345,19,13,6
4688025027,2024-01-31,전라남도,장성군,장성읍,장안리,263,122,141,267,126,141,4,4,0
4688025028,2024-01-31,전라남도,장성군,장성읍,안평리,305,162,143,302,160,142,-3,-2,-1
4688025029,2024-01-31,전라남도,장성군,장성읍,부흥리,82,43,39,82,43,39,0,0,0
4688025030,2024-01-31,전라남도,장성군,장성읍,백계리,196,98,98,195,97,98,-1,-1,0
4688025031,2024-01-31,전라남도,장성군,장성읍,용강리,55,30,25,53,30,23,-2,0,-2
4688025033,2024-01-31,전라남도,장성군,장성읍,덕진리,115,54,61,113,53,60,-2,-1,-1
4688025034,2024-01-31,전라남도,장성군,장성읍,상오리,354,181,173,357,182,175,3,1,2
4688025035,2024-01-31,전라남도,장성군,장성읍,야은리,177,86,91,177,86,91,0,0,0
4688031021,2024-01-31,전라남도,장성군,진원면,율곡리,262,136,126,261,136,125,-1,0,-1
4688031022,2024-01-31,전라남도,장성군,진원면,산정리,248,123,125,243,119,124,-5,-4,-1
4688031023,2024-01-31,전라남도,장성군,진원면,선적리,1025,521,504,1032,526,506,7,5,2
4688031024,2024-01-31,전라남도,장성군,진원면,학전리,286,140,146,284,139,145,-2,-1,-1
4688031025,2024-01-31,전라남도,장성군,진원면,진원리,323,177,146,322,176,146,-1,-1,0
4688031026,2024-01-31,전라남도,장성군,진원면,산동리,291,146,145,291,147,144,0,1,-1
4688031027,2024-01-31,전라남도,장성군,진원면,학림리,372,195,177,376,198,178,4,3,1
4688031028,2024-01-31,전라남도,장성군,진원면,상림리,386,190,196,386,188,198,0,-2,2
4688031029,2024-01-31,전라남도,장성군,진원면,용산리,441,231,210,438,228,210,-3,-3,0
4688032021,2024-01-31,전라남도,장성군,남면,분향리,793,406,387,804,410,394,11,4,7
4688032022,2024-01-31,전라남도,장성군,남면,녹진리,300,159,141,299,159,140,-1,0,-1
4688032023,2024-01-31,전라남도,장성군,남면,덕성리,382,208,174,382,206,176,0,-2,2
4688032024,2024-01-31,전라남도,장성군,남면,마령리,321,173,148,322,173,149,1,0,1
4688032025,2024-01-31,전라남도,장성군,남면,평산리,294,155,139,296,154,142,2,-1,3
4688032026,2024-01-31,전라남도,장성군,남면,행정리,190,99,91,187,98,89,-3,-1,-2
4688032027,2024-01-31,전라남도,장성군,남면,월정리,318,175,143,322,177,145,4,2,2
4688032028,2024-01-31,전라남도,장성군,남면,삼태리,628,444,184,631,443,188,3,-1,4
4688032029,2024-01-31,전라남도,장성군,남면,월곡리,401,186,215,407,192,215,6,6,0
4688033021,2024-01-31,전라남도,장성군,동화면,용정리,308,172,136,309,170,139,1,-2,3
4688033022,2024-01-31,전라남도,장성군,동화면,동호리,199,101,98,198,101,97,-1,0,-1
4688033024,2024-01-31,전라남도,장성군,동화면,구림리,284,149,135,285,150,135,1,1,0
4688033025,2024-01-31,전라남도,장성군,동화면,남평리,188,107,81,185,106,79,-3,-1,-2
4688033026,2024-01-31,전라남도,장성군,동화면,남산리,256,131,125,253,130,123,-3,-1,-2
4688033027,2024-01-31,전라남도,장성군,동화면,월산리,308,164,144,310,167,143,2,3,-1
4688033028,2024-01-31,전라남도,장성군,동화면,구룡리,146,72,74,146,72,74,0,0,0
4688033029,2024-01-31,전라남도,장성군,동화면,송계리,112,64,48,114,65,49,2,1,1
4688034021,2024-01-31,전라남도,장성군,삼서면,대곡리,381,199,182,379,201,178,-2,2,-4
4688034022,2024-01-31,전라남도,장성군,삼서면,삼계리,180,95,85,178,93,85,-2,-2,0
4688034023,2024-01-31,전라남도,장성군,삼서면,유평리,593,306,287,595,308,287,2,2,0
4688034024,2024-01-31,전라남도,장성군,삼서면,학성리,45,39,6,33,27,6,-12,-12,0
4688034025,2024-01-31,전라남도,장성군,삼서면,대도리,100,58,42,98,57,41,-2,-1,-1
4688034026,2024-01-31,전라남도,장성군,삼서면,소룡리,206,106,100,206,106,100,0,0,0
4688034027,2024-01-31,전라남도,장성군,삼서면,수해리,189,99,90,186,98,88,-3,-1,-2
4688034028,2024-01-31,전라남도,장성군,삼서면,우치리,144,71,73,145,71,74,1,0,1
4688034029,2024-01-31,전라남도,장성군,삼서면,금산리,186,105,81,188,106,82,2,1,1
4688034030,2024-01-31,전라남도,장성군,삼서면,석마리,227,131,96,223,127,96,-4,-4,0
4688034031,2024-01-31,전라남도,장성군,삼서면,보생리,264,140,124,263,139,124,-1,-1,0
4688034032,2024-01-31,전라남도,장성군,삼서면,두월리,238,129,109,239,128,111,1,-1,2
4688034033,2024-01-31,전라남도,장성군,삼서면,홍정리,157,81,76,160,81,79,3,0,3
4688034034,2024-01-31,전라남도,장성군,삼서면,수양리,131,68,63,130,67,63,-1,-1,0
4688035021,2024-01-31,전라남도,장성군,삼계면,사창리,3176,1752,1424,3119,1721,1398,-57,-31,-26
4688035022,2024-01-31,전라남도,장성군,삼계면,월연리,190,96,94,187,94,93,-3,-2,-1
4688035023,2024-01-31,전라남도,장성군,삼계면,주산리,366,190,176,367,192,175,1,2,-1
4688035024,2024-01-31,전라남도,장성군,삼계면,상도리,183,86,97,184,86,98,1,0,1
4688035025,2024-01-31,전라남도,장성군,삼계면,능성리,160,90,70,160,91,69,0,1,-1
4688035026,2024-01-31,전라남도,장성군,삼계면,발산리,142,68,74,143,69,74,1,1,0
4688035027,2024-01-31,전라남도,장성군,삼계면,수옥리,248,125,123,250,126,124,2,1,1
4688035028,2024-01-31,전라남도,장성군,삼계면,덕산리,53,27,26,55,28,27,2,1,1
4688035029,2024-01-31,전라남도,장성군,삼계면,수산리,72,34,38,72,34,38,0,0,0
4688035030,2024-01-31,전라남도,장성군,삼계면,죽림리,66,33,33,65,32,33,-1,-1,0
4688035031,2024-01-31,전라남도,장성군,삼계면,생촌리,91,44,47,91,44,47,0,0,0
4688035032,2024-01-31,전라남도,장성군,삼계면,부성리,138,80,58,138,80,58,0,0,0
4688035033,2024-01-31,전라남도,장성군,삼계면,화산리,203,98,105,204,97,107,1,-1,2
4688035034,2024-01-31,전라남도,장성군,삼계면,신기리,128,66,62,132,68,64,4,2,2
4688035035,2024-01-31,전라남도,장성군,삼계면,내계리,235,126,109,234,126,108,-1,0,-1
4688036021,2024-01-31,전라남도,장성군,황룡면,월평리,1041,534,507,1040,534,506,-1,0,-1
4688036022,2024-01-31,전라남도,장성군,황룡면,와룡리,94,54,40,94,54,40,0,0,0
4688036023,2024-01-31,전라남도,장성군,황룡면,옥정리,187,90,97,189,93,96,2,3,-1
4688036024,2024-01-31,전라남도,장성군,황룡면,황룡리,341,171,170,346,175,171,5,4,1
4688036025,2024-01-31,전라남도,장성군,황룡면,신호리,362,194,168,363,194,169,1,0,1
4688036026,2024-01-31,전라남도,장성군,황룡면,장산리,1022,531,491,1018,526,492,-4,-5,1
4688036027,2024-01-31,전라남도,장성군,황룡면,필암리,335,167,168,333,165,168,-2,-2,0
4688036028,2024-01-31,전라남도,장성군,황룡면,아곡리,199,107,92,201,108,93,2,1,1
4688036029,2024-01-31,전라남도,장성군,황룡면,금호리,140,77,63,138,76,62,-2,-1,-1
4688036031,2024-01-31,전라남도,장성군,황룡면,맥호리,175,89,86,174,89,85,-1,0,-1
4688037021,2024-01-31,전라남도,장성군,서삼면,장산리,283,139,144,287,140,147,4,1,3
4688037022,2024-01-31,전라남도,장성군,서삼면,송현리,212,118,94,213,117,96,1,-1,2
4688037023,2024-01-31,전라남도,장성군,서삼면,모암리,188,95,93,187,95,92,-1,0,-1
4688037024,2024-01-31,전라남도,장성군,서삼면,대덕리,183,98,85,179,97,82,-4,-1,-3
4688037025,2024-01-31,전라남도,장성군,서삼면,추암리,241,127,114,244,129,115,3,2,1
4688037026,2024-01-31,전라남도,장성군,서삼면,금계리,148,78,70,148,78,70,0,0,0
4688037027,2024-01-31,전라남도,장성군,서삼면,용흥리,222,115,107,227,116,111,5,1,4
4688038021,2024-01-31,전라남도,장성군,북일면,신흥리,388,200,188,390,202,188,2,2,0
4688038022,2024-01-31,전라남도,장성군,북일면,박산리,98,46,52,98,46,52,0,0,0
4688038023,2024-01-31,전라남도,장성군,북일면,오산리,168,82,86,168,82,86,0,0,0
4688038024,2024-01-31,전라남도,장성군,북일면,월계리,202,93,109,198,90,108,-4,-3,-1
4688038025,2024-01-31,전라남도,장성군,북일면,성산리,132,71,61,132,71,61,0,0,0
4688038026,2024-01-31,전라남도,장성군,북일면,성덕리,190,93,97,189,93,96,-1,0,-1
4688038027,2024-01-31,전라남도,장성군,북일면,문암리,170,96,74,172,97,75,2,1,1
4688039021,2024-01-31,전라남도,장성군,북이면,사거리,765,355,410,756,349,407,-9,-6,-3
4688039022,2024-01-31,전라남도,장성군,북이면,원덕리,205,103,102,204,104,100,-1,1,-2
4688039023,2024-01-31,전라남도,장성군,북이면,신평리,196,96,100,199,97,102,3,1,2
4688039024,2024-01-31,전라남도,장성군,북이면,달성리,211,111,100,209,110,99,-2,-1,-1
4688039025,2024-01-31,전라남도,장성군,북이면,백암리,215,112,103,217,114,103,2,2,0
4688039026,2024-01-31,전라남도,장성군,북이면,죽청리,165,85,80,163,85,78,-2,0,-2
4688039027,2024-01-31,전라남도,장성군,북이면,만무리,131,66,65,135,68,67,4,2,2
4688039028,2024-01-31,전라남도,장성군,북이면,신월리,175,88,87,174,86,88,-1,-2,1
4688039029,2024-01-31,전라남도,장성군,북이면,모현리,151,74,77,149,73,76,-2,-1,-1
4688039030,2024-01-31,전라남도,장성군,북이면,수성리,81,49,32,81,48,33,0,-1,1
4688039031,2024-01-31,전라남도,장성군,북이면,오월리,229,113,116,229,112,117,0,-1,1
4688039032,2024-01-31,전라남도,장성군,북이면,조양리,171,77,94,172,78,94,1,1,0
4688040021,2024-01-31,전라남도,장성군,북하면,월성리,129,69,60,125,66,59,-4,-3,-1
4688040022,2024-01-31,전라남도,장성군,북하면,대악리,186,91,95,186,91,95,0,0,0
4688040023,2024-01-31,전라남도,장성군,북하면,단전리,145,80,65,144,80,64,-1,0,-1
4688040024,2024-01-31,전라남도,장성군,북하면,용두리,134,66,68,135,66,69,1,0,1
4688040025,2024-01-31,전라남도,장성군,북하면,약수리,368,186,182,369,187,182,1,1,0
4688040026,2024-01-31,전라남도,장성군,북하면,중평리,232,114,118,230,113,117,-2,-1,-1
4688040027,2024-01-31,전라남도,장성군,북하면,성암리,196,98,98,196,97,99,0,-1,1
4688040028,2024-01-31,전라남도,장성군,북하면,대흥리,142,64,78,141,63,78,-1,-1,0
4688040029,2024-01-31,전라남도,장성군,북하면,덕재리,69,38,31,68,37,31,-1,-1,0
4688040031,2024-01-31,전라남도,장성군,북하면,쌍웅리,115,61,54,115,60,55,0,-1,1
4688040032,2024-01-31,전라남도,장성군,북하면,신성리,355,206,149,357,208,149,2,2,0
4689025021,2024-01-31,전라남도,완도군,완도읍,군내리,8531,4270,4261,8479,4237,4242,-52,-33,-19
4689025022,2024-01-31,전라남도,완도군,완도읍,가용리,5500,2755,2745,5533,2766,2767,33,11,22
4689025023,2024-01-31,전라남도,완도군,완도읍,죽청리,527,280,247,525,277,248,-2,-3,1
4689025024,2024-01-31,전라남도,완도군,완도읍,장좌리,317,152,165,317,152,165,0,0,0
4689025025,2024-01-31,전라남도,완도군,완도읍,대야리,461,220,241,454,220,234,-7,0,-7
4689025026,2024-01-31,전라남도,완도군,완도읍,망석리,429,222,207,426,224,202,-3,2,-5
4689025027,2024-01-31,전라남도,완도군,완도읍,중도리,427,225,202,430,224,206,3,-1,4
4689025028,2024-01-31,전라남도,완도군,완도읍,정도리,264,145,119,265,144,121,1,-1,2
4689025029,2024-01-31,전라남도,완도군,완도읍,화흥리,342,181,161,339,179,160,-3,-2,-1
4689025030,2024-01-31,전라남도,완도군,완도읍,대신리,483,237,246,477,234,243,-6,-3,-3
4689025321,2024-01-31,전라남도,완도군,금일읍,화목리,669,358,311,671,357,314,2,-1,3
4689025322,2024-01-31,전라남도,완도군,금일읍,신구리,439,219,220,440,220,220,1,1,0
4689025323,2024-01-31,전라남도,완도군,금일읍,척치리,314,163,151,315,163,152,1,0,1
4689025324,2024-01-31,전라남도,완도군,금일읍,장정리,560,293,267,559,292,267,-1,-1,0
4689025325,2024-01-31,전라남도,완도군,금일읍,충동리,469,239,230,469,240,229,0,1,-1
4689025326,2024-01-31,전라남도,완도군,금일읍,월송리,314,143,171,314,144,170,0,1,-1
4689025327,2024-01-31,전라남도,완도군,금일읍,동백리,359,169,190,357,168,189,-2,-1,-1
4689025328,2024-01-31,전라남도,완도군,금일읍,사동리,337,164,173,339,163,176,2,-1,3
4689025329,2024-01-31,전라남도,완도군,금일읍,장원리,20,16,4,20,16,4,0,0,0
4689025621,2024-01-31,전라남도,완도군,노화읍,이포리,1241,639,602,1236,629,607,-5,-10,5
4689025622,2024-01-31,전라남도,완도군,노화읍,도청리,488,240,248,483,237,246,-5,-3,-2
4689025623,2024-01-31,전라남도,완도군,노화읍,등산리,459,230,229,460,230,230,1,0,1
4689025624,2024-01-31,전라남도,완도군,노화읍,고막리,702,360,342,694,359,335,-8,-1,-7
4689025625,2024-01-31,전라남도,완도군,노화읍,신양리,372,184,188,372,184,188,0,0,0
4689025626,2024-01-31,전라남도,완도군,노화읍,구석리,242,116,126,242,116,126,0,0,0
4689025627,2024-01-31,전라남도,완도군,노화읍,동천리,318,173,145,318,173,145,0,0,0
4689025628,2024-01-31,전라남도,완도군,노화읍,충도리,256,118,138,252,117,135,-4,-1,-3
4689025629,2024-01-31,전라남도,완도군,노화읍,내리,377,202,175,374,199,175,-3,-3,0
4689025630,2024-01-31,전라남도,완도군,노화읍,방서리,338,195,143,337,194,143,-1,-1,0
4689031021,2024-01-31,전라남도,완도군,군외면,영풍리,353,184,169,358,188,170,5,4,1
4689031022,2024-01-31,전라남도,완도군,군외면,불목리,477,225,252,472,219,253,-5,-6,1
4689031023,2024-01-31,전라남도,완도군,군외면,황진리,348,179,169,344,178,166,-4,-1,-3
4689031024,2024-01-31,전라남도,완도군,군외면,원동리,520,265,255,521,266,255,1,1,0
4689031025,2024-01-31,전라남도,완도군,군외면,신학리,362,182,180,358,179,179,-4,-3,-1
4689031026,2024-01-31,전라남도,완도군,군외면,대문리,226,106,120,226,107,119,0,1,-1
4689031027,2024-01-31,전라남도,완도군,군외면,삼두리,228,117,111,228,117,111,0,0,0
4689031028,2024-01-31,전라남도,완도군,군외면,당인리,500,270,230,497,269,228,-3,-1,-2
4689032021,2024-01-31,전라남도,완도군,신지면,송곡리,385,194,191,387,196,191,2,2,0
4689032022,2024-01-31,전라남도,완도군,신지면,대곡리,764,388,376,745,381,364,-19,-7,-12
4689032023,2024-01-31,전라남도,완도군,신지면,신상리,265,141,124,263,140,123,-2,-1,-1
4689032024,2024-01-31,전라남도,완도군,신지면,월양리,707,360,347,703,356,347,-4,-4,0
4689032025,2024-01-31,전라남도,완도군,신지면,신리,617,313,304,646,324,322,29,11,18
4689032026,2024-01-31,전라남도,완도군,신지면,동고리,449,233,216,448,233,215,-1,0,-1
4689033021,2024-01-31,전라남도,완도군,고금면,농상리,595,301,294,592,299,293,-3,-2,-1
4689033022,2024-01-31,전라남도,완도군,고금면,덕암리,429,202,227,426,198,228,-3,-4,1
4689033023,2024-01-31,전라남도,완도군,고금면,도남리,416,196,220,416,196,220,0,0,0
4689033024,2024-01-31,전라남도,완도군,고금면,청용리,357,181,176,345,174,171,-12,-7,-5
4689033025,2024-01-31,전라남도,완도군,고금면,회룡리,341,166,175,341,165,176,0,-1,1
4689033026,2024-01-31,전라남도,완도군,고금면,봉명리,339,161,178,337,160,177,-2,-1,-1
4689033027,2024-01-31,전라남도,완도군,고금면,상정리,280,137,143,280,138,142,0,1,-1
4689033028,2024-01-31,전라남도,완도군,고금면,세동리,406,212,194,400,208,192,-6,-4,-2
4689033029,2024-01-31,전라남도,완도군,고금면,가교리,444,217,227,440,215,225,-4,-2,-2
4689033030,2024-01-31,전라남도,완도군,고금면,덕동리,374,190,184,375,190,185,1,0,1
4689034021,2024-01-31,전라남도,완도군,약산면,장용리,489,244,245,487,241,246,-2,-3,1
4689034022,2024-01-31,전라남도,완도군,약산면,우두리,485,234,251,482,232,250,-3,-2,-1
4689034023,2024-01-31,전라남도,완도군,약산면,관산리,312,165,147,312,165,147,0,0,0
4689034024,2024-01-31,전라남도,완도군,약산면,득암리,294,151,143,294,151,143,0,0,0
4689034025,2024-01-31,전라남도,완도군,약산면,해동리,596,313,283,602,315,287,6,2,4
4689035021,2024-01-31,전라남도,완도군,청산면,도청리,605,296,309,604,298,306,-1,2,-3
4689035022,2024-01-31,전라남도,완도군,청산면,당락리,293,140,153,296,142,154,3,2,1
4689035023,2024-01-31,전라남도,완도군,청산면,읍리,181,97,84,182,97,85,1,0,1
4689035024,2024-01-31,전라남도,완도군,청산면,청계리,77,37,40,74,35,39,-3,-2,-1
4689035025,2024-01-31,전라남도,완도군,청산면,부흥리,60,29,31,60,29,31,0,0,0
4689035026,2024-01-31,전라남도,완도군,청산면,양중리,102,48,54,101,47,54,-1,-1,0
4689035027,2024-01-31,전라남도,완도군,청산면,상동리,89,40,49,90,40,50,1,0,1
4689035028,2024-01-31,전라남도,완도군,청산면,동촌리,56,29,27,55,28,27,-1,-1,0
4689035029,2024-01-31,전라남도,완도군,청산면,신흥리,92,52,40,92,52,40,0,0,0
4689035030,2024-01-31,전라남도,완도군,청산면,국산리,132,69,63,132,69,63,0,0,0
4689035031,2024-01-31,전라남도,완도군,청산면,지리,222,110,112,221,109,112,-1,-1,0
4689035032,2024-01-31,전라남도,완도군,청산면,모도리,221,118,103,219,116,103,-2,-2,0
4689035033,2024-01-31,전라남도,완도군,청산면,여서리,100,53,47,99,52,47,-1,-1,0
4689036021,2024-01-31,전라남도,완도군,소안면,비자리,616,314,302,620,316,304,4,2,2
4689036022,2024-01-31,전라남도,완도군,소안면,이월리,388,197,191,386,195,191,-2,-2,0
4689036023,2024-01-31,전라남도,완도군,소안면,가학리,244,125,119,245,125,120,1,0,1
4689036024,2024-01-31,전라남도,완도군,소안면,맹선리,146,69,77,146,68,78,0,-1,1
4689036025,2024-01-31,전라남도,완도군,소안면,진산리,328,150,178,327,149,178,-1,-1,0
4689036026,2024-01-31,전라남도,완도군,소안면,미라리,402,203,199,396,199,197,-6,-4,-2
4689036027,2024-01-31,전라남도,완도군,소안면,당사리,31,16,15,31,16,15,0,0,0
4689036028,2024-01-31,전라남도,완도군,소안면,횡간리,158,76,82,158,76,82,0,0,0
4689037021,2024-01-31,전라남도,완도군,금당면,차우리,469,235,234,468,237,231,-1,2,-3
4689037022,2024-01-31,전라남도,완도군,금당면,육산리,272,133,139,270,134,136,-2,1,-3
4689037023,2024-01-31,전라남도,완도군,금당면,가학리,159,83,76,159,83,76,0,0,0
4689038021,2024-01-31,전라남도,완도군,보길면,중통리,930,482,448,922,480,442,-8,-2,-6
4689038022,2024-01-31,전라남도,완도군,보길면,예송리,363,183,180,362,182,180,-1,-1,0
4689038023,2024-01-31,전라남도,완도군,보길면,부황리,531,264,267,525,258,267,-6,-6,0
4689038024,2024-01-31,전라남도,완도군,보길면,정자리,709,357,352,710,357,353,1,0,1
4689039021,2024-01-31,전라남도,완도군,생일면,유서리,377,202,175,381,201,180,4,-1,5
4689039022,2024-01-31,전라남도,완도군,생일면,금곡리,121,64,57,121,64,57,0,0,0
4689039023,2024-01-31,전라남도,완도군,생일면,봉선리,254,139,115,256,141,115,2,2,0
4690025021,2024-01-31,전라남도,진도군,진도읍,동외리,1749,879,870,1740,871,869,-9,-8,-1
4690025022,2024-01-31,전라남도,진도군,진도읍,쌍정리,1090,550,540,1100,558,542,10,8,2
4690025023,2024-01-31,전라남도,진도군,진도읍,성내리,688,341,347,683,338,345,-5,-3,-2
4690025024,2024-01-31,전라남도,진도군,진도읍,교동리,2640,1287,1353,2640,1279,1361,0,-8,8
4690025025,2024-01-31,전라남도,진도군,진도읍,남동리,2622,1253,1369,2628,1258,1370,6,5,1
4690025026,2024-01-31,전라남도,진도군,진도읍,포산리,540,274,266,541,275,266,1,1,0
4690025027,2024-01-31,전라남도,진도군,진도읍,수역리,311,164,147,308,164,144,-3,0,-3
4690025028,2024-01-31,전라남도,진도군,진도읍,수유리,367,202,165,367,203,164,0,1,-1
4690025029,2024-01-31,전라남도,진도군,진도읍,산월리,186,106,80,188,107,81,2,1,1
4690025030,2024-01-31,전라남도,진도군,진도읍,해창리,204,95,109,209,99,110,5,4,1
4690025031,2024-01-31,전라남도,진도군,진도읍,염장리,82,38,44,81,37,44,-1,-1,0
4690031021,2024-01-31,전라남도,진도군,군내면,나리,286,147,139,286,147,139,0,0,0
4690031022,2024-01-31,전라남도,진도군,군내면,녹진리,534,290,244,534,289,245,0,-1,1
4690031023,2024-01-31,전라남도,진도군,군내면,덕병리,313,163,150,308,161,147,-5,-2,-3
4690031024,2024-01-31,전라남도,진도군,군내면,둔전리,678,330,348,680,332,348,2,2,0
4690031025,2024-01-31,전라남도,진도군,군내면,세등리,195,93,102,194,91,103,-1,-2,1
4690031026,2024-01-31,전라남도,진도군,군내면,용장리,113,51,62,112,51,61,-1,0,-1
4690031027,2024-01-31,전라남도,진도군,군내면,송산리,127,63,64,128,64,64,1,1,0
4690031028,2024-01-31,전라남도,진도군,군내면,분토리,249,120,129,249,119,130,0,-1,1
4690031029,2024-01-31,전라남도,진도군,군내면,월가리,249,134,115,248,132,116,-1,-2,1
4690031030,2024-01-31,전라남도,진도군,군내면,정자리,91,45,46,90,44,46,-1,-1,0
4690032021,2024-01-31,전라남도,진도군,고군면,석현리,192,92,100,191,91,100,-1,-1,0
4690032022,2024-01-31,전라남도,진도군,고군면,고성리,508,243,265,510,243,267,2,0,2
4690032023,2024-01-31,전라남도,진도군,고군면,도평리,87,46,41,84,44,40,-3,-2,-1
4690032024,2024-01-31,전라남도,진도군,고군면,오류리,175,84,91,177,85,92,2,1,1
4690032025,2024-01-31,전라남도,진도군,고군면,벽파리,185,90,95,184,90,94,-1,0,-1
4690032026,2024-01-31,전라남도,진도군,고군면,내산리,197,104,93,198,105,93,1,1,0
4690032027,2024-01-31,전라남도,진도군,고군면,오산리,414,188,226,413,187,226,-1,-1,0
4690032028,2024-01-31,전라남도,진도군,고군면,지막리,410,185,225,406,183,223,-4,-2,-2
4690032029,2024-01-31,전라남도,진도군,고군면,원포리,207,102,105,206,101,105,-1,-1,0
4690032030,2024-01-31,전라남도,진도군,고군면,향동리,350,177,173,355,180,175,5,3,2
4690032031,2024-01-31,전라남도,진도군,고군면,금계리,676,349,327,674,346,328,-2,-3,1
4690033021,2024-01-31,전라남도,진도군,의신면,사천리,221,119,102,219,118,101,-2,-1,-1
4690033022,2024-01-31,전라남도,진도군,의신면,침계리,162,73,89,161,73,88,-1,0,-1
4690033023,2024-01-31,전라남도,진도군,의신면,칠전리,332,153,179,335,155,180,3,2,1
4690033024,2024-01-31,전라남도,진도군,의신면,창포리,92,48,44,93,48,45,1,0,1
4690033025,2024-01-31,전라남도,진도군,의신면,돈지리,427,219,208,431,220,211,4,1,3
4690033026,2024-01-31,전라남도,진도군,의신면,옥대리,206,97,109,202,95,107,-4,-2,-2
4690033027,2024-01-31,전라남도,진도군,의신면,청용리,81,35,46,81,36,45,0,1,-1
4690033028,2024-01-31,전라남도,진도군,의신면,연주리,139,67,72,136,65,71,-3,-2,-1
4690033029,2024-01-31,전라남도,진도군,의신면,초사리,399,215,184,397,215,182,-2,0,-2
4690033030,2024-01-31,전라남도,진도군,의신면,모도리,73,41,32,78,42,36,5,1,4
4690033031,2024-01-31,전라남도,진도군,의신면,거룡리,117,55,62,116,55,61,-1,0,-1
4690033032,2024-01-31,전라남도,진도군,의신면,만길리,372,195,177,372,194,178,0,-1,1
4690033033,2024-01-31,전라남도,진도군,의신면,송정리,132,65,67,129,64,65,-3,-1,-2
4690033034,2024-01-31,전라남도,진도군,의신면,금갑리,510,275,235,508,272,236,-2,-3,1
4690033035,2024-01-31,전라남도,진도군,의신면,구자도리,41,28,13,41,28,13,0,0,0
4690034021,2024-01-31,전라남도,진도군,임회면,명슬리,97,47,50,97,47,50,0,0,0
4690034022,2024-01-31,전라남도,진도군,임회면,삼막리,320,149,171,320,147,173,0,-2,2
4690034023,2024-01-31,전라남도,진도군,임회면,용호리,204,95,109,202,94,108,-2,-1,-1
4690034024,2024-01-31,전라남도,진도군,임회면,고정리,175,85,90,170,82,88,-5,-3,-2
4690034025,2024-01-31,전라남도,진도군,임회면,사령리,34,19,15,34,19,15,0,0,0
4690034026,2024-01-31,전라남도,진도군,임회면,석교리,669,340,329,671,339,332,2,-1,3
4690034027,2024-01-31,전라남도,진도군,임회면,봉상리,214,98,116,218,101,117,4,3,1
4690034028,2024-01-31,전라남도,진도군,임회면,상만리,317,156,161,317,157,160,0,1,-1
4690034029,2024-01-31,전라남도,진도군,임회면,죽림리,280,125,155,280,126,154,0,1,-1
4690034030,2024-01-31,전라남도,진도군,임회면,백동리,154,78,76,153,77,76,-1,-1,0
4690034031,2024-01-31,전라남도,진도군,임회면,굴포리,249,119,130,246,117,129,-3,-2,-1
4690034032,2024-01-31,전라남도,진도군,임회면,남동리,244,146,98,238,142,96,-6,-4,-2
4690034033,2024-01-31,전라남도,진도군,임회면,연동리,270,135,135,267,133,134,-3,-2,-1
4690035021,2024-01-31,전라남도,진도군,지산면,인지리,474,219,255,472,216,256,-2,-3,1
4690035022,2024-01-31,전라남도,진도군,지산면,관마리,163,80,83,162,80,82,-1,0,-1
4690035023,2024-01-31,전라남도,진도군,지산면,삼당리,133,61,72,134,62,72,1,1,0
4690035024,2024-01-31,전라남도,진도군,지산면,고야리,138,64,74,138,64,74,0,0,0
4690035025,2024-01-31,전라남도,진도군,지산면,앵무리,146,76,70,146,77,69,0,1,-1
4690035026,2024-01-31,전라남도,진도군,지산면,길은리,177,82,95,180,83,97,3,1,2
4690035027,2024-01-31,전라남도,진도군,지산면,소포리,280,135,145,279,134,145,-1,-1,0
4690035028,2024-01-31,전라남도,진도군,지산면,거제리,120,59,61,118,57,61,-2,-2,0
4690035029,2024-01-31,전라남도,진도군,지산면,보전리,283,130,153,285,131,154,2,1,1
4690035030,2024-01-31,전라남도,진도군,지산면,와우리,177,91,86,177,91,86,0,0,0
4690035031,2024-01-31,전라남도,진도군,지산면,가치리,240,118,122,242,119,123,2,1,1
4690035032,2024-01-31,전라남도,진도군,지산면,가학리,212,116,96,211,116,95,-1,0,-1
4690035033,2024-01-31,전라남도,진도군,지산면,심동리,137,71,66,137,71,66,0,0,0
4690035034,2024-01-31,전라남도,진도군,지산면,오류리,144,74,70,146,74,72,2,0,2
4690035035,2024-01-31,전라남도,진도군,지산면,송호리,127,62,65,127,62,65,0,0,0
4690036021,2024-01-31,전라남도,진도군,조도면,관매도리,194,94,100,189,92,97,-5,-2,-3
4690036022,2024-01-31,전라남도,진도군,조도면,동거차도리,119,63,56,119,62,57,0,-1,1
4690036023,2024-01-31,전라남도,진도군,조도면,서거차도리,110,56,54,109,55,54,-1,-1,0
4690036024,2024-01-31,전라남도,진도군,조도면,신육리,362,186,176,357,184,173,-5,-2,-3
4690036025,2024-01-31,전라남도,진도군,조도면,창유리,708,377,331,704,375,329,-4,-2,-2
4690036026,2024-01-31,전라남도,진도군,조도면,대마도리,83,39,44,83,39,44,0,0,0
4690036027,2024-01-31,전라남도,진도군,조도면,소마도리,33,16,17,31,15,16,-2,-1,-1
4690036028,2024-01-31,전라남도,진도군,조도면,관사도리,73,40,33,72,39,33,-1,-1,0
4690036029,2024-01-31,전라남도,진도군,조도면,나배도리,54,23,31,54,23,31,0,0,0
4690036030,2024-01-31,전라남도,진도군,조도면,맹성리,131,60,71,127,58,69,-4,-2,-2
4690036031,2024-01-31,전라남도,진도군,조도면,여미리,178,87,91,177,87,90,-1,0,-1
4690036032,2024-01-31,전라남도,진도군,조도면,성남도리,35,24,11,35,24,11,0,0,0
4690036033,2024-01-31,전라남도,진도군,조도면,죽항도리,44,26,18,45,26,19,1,0,1
4690036034,2024-01-31,전라남도,진도군,조도면,독거도리,84,50,34,84,50,34,0,0,0
4690036035,2024-01-31,전라남도,진도군,조도면,청등도리,24,15,9,25,16,9,1,1,0
4690036036,2024-01-31,전라남도,진도군,조도면,모도리,11,7,4,11,7,4,0,0,0
4690036037,2024-01-31,전라남도,진도군,조도면,맹골도리,153,80,73,154,80,74,1,0,1
4690036038,2024-01-31,전라남도,진도군,조도면,진목도리,23,10,13,23,10,13,0,0,0
4690036039,2024-01-31,전라남도,진도군,조도면,옥도리,49,27,22,48,26,22,-1,-1,0
4690036040,2024-01-31,전라남도,진도군,조도면,눌옥도리,17,9,8,17,9,8,0,0,0
4690036041,2024-01-31,전라남도,진도군,조도면,외병도리,23,12,11,23,12,11,0,0,0
4690036042,2024-01-31,전라남도,진도군,조도면,내병도리,34,23,11,34,23,11,0,0,0
4690036043,2024-01-31,전라남도,진도군,조도면,가사도리,240,129,111,239,129,110,-1,0,-1
4691025021,2024-01-31,전라남도,신안군,지도읍,내양리,384,212,172,395,216,179,11,4,7
4691025022,2024-01-31,전라남도,신안군,지도읍,봉리,347,185,162,341,183,158,-6,-2,-4
4691025023,2024-01-31,전라남도,신안군,지도읍,어의리,116,67,49,114,66,48,-2,-1,-1
4691025024,2024-01-31,전라남도,신안군,지도읍,감정리,511,268,243,513,269,244,2,1,1
4691025025,2024-01-31,전라남도,신안군,지도읍,읍내리,1130,589,541,1134,591,543,4,2,2
4691025026,2024-01-31,전라남도,신안군,지도읍,광정리,426,227,199,428,226,202,2,-1,3
4691025027,2024-01-31,전라남도,신안군,지도읍,탄동리,416,217,199,424,223,201,8,6,2
4691025028,2024-01-31,전라남도,신안군,지도읍,당촌리,176,99,77,180,100,80,4,1,3
4691025029,2024-01-31,전라남도,신안군,지도읍,자동리,414,217,197,416,218,198,2,1,1
4691025030,2024-01-31,전라남도,신안군,지도읍,태천리,434,226,208,433,227,206,-1,1,-2
4691025031,2024-01-31,전라남도,신안군,지도읍,선도리,229,122,107,228,122,106,-1,0,-1
4691025321,2024-01-31,전라남도,신안군,압해읍,복룡리,643,344,299,640,342,298,-3,-2,-1
4691025322,2024-01-31,전라남도,신안군,압해읍,가룡리,256,146,110,259,148,111,3,2,1
4691025323,2024-01-31,전라남도,신안군,압해읍,고이리,210,118,92,206,117,89,-4,-1,-3
4691025324,2024-01-31,전라남도,신안군,압해읍,매화리,247,124,123,242,122,120,-5,-2,-3
4691025325,2024-01-31,전라남도,신안군,압해읍,신용리,286,156,130,282,155,127,-4,-1,-3
4691025326,2024-01-31,전라남도,신안군,압해읍,학교리,624,337,287,625,338,287,1,1,0
4691025327,2024-01-31,전라남도,신안군,압해읍,동서리,809,458,351,810,460,350,1,2,-1
4691025328,2024-01-31,전라남도,신안군,압해읍,대천리,721,396,325,719,392,327,-2,-4,2
4691025329,2024-01-31,전라남도,신안군,압해읍,송공리,566,295,271,562,293,269,-4,-2,-2
4691025330,2024-01-31,전라남도,신안군,압해읍,분매리,541,286,255,540,290,250,-1,4,-5
4691025331,2024-01-31,전라남도,신안군,압해읍,신장리,646,342,304,653,342,311,7,0,7
4691025332,2024-01-31,전라남도,신안군,압해읍,장감리,320,176,144,322,177,145,2,1,1
4691025333,2024-01-31,전라남도,신안군,압해읍,가란리,97,56,41,97,56,41,0,0,0
4691031021,2024-01-31,전라남도,신안군,증도면,증동리,481,258,223,482,260,222,1,2,-1
4691031022,2024-01-31,전라남도,신안군,증도면,방축리,243,129,114,242,128,114,-1,-1,0
4691031023,2024-01-31,전라남도,신안군,증도면,대초리,520,292,228,510,287,223,-10,-5,-5
4691031024,2024-01-31,전라남도,신안군,증도면,우전리,198,105,93,195,105,90,-3,0,-3
4691031025,2024-01-31,전라남도,신안군,증도면,병풍리,306,175,131,300,173,127,-6,-2,-4
4691032021,2024-01-31,전라남도,신안군,임자면,도찬리,458,249,209,457,248,209,-1,-1,0
4691032022,2024-01-31,전라남도,신안군,임자면,대기리,910,474,436,916,479,437,6,5,1
4691032023,2024-01-31,전라남도,신안군,임자면,광산리,213,110,103,211,112,99,-2,2,-4
4691032024,2024-01-31,전라남도,신안군,임자면,재원리,175,100,75,177,101,76,2,1,1
4691032025,2024-01-31,전라남도,신안군,임자면,삼두리,375,194,181,375,196,179,0,2,-2
4691032026,2024-01-31,전라남도,신안군,임자면,이흑암리,434,226,208,436,227,209,2,1,1
4691032027,2024-01-31,전라남도,신안군,임자면,진리,619,331,288,614,327,287,-5,-4,-1
4691032028,2024-01-31,전라남도,신안군,임자면,수도리,52,31,21,52,31,21,0,0,0
4691033021,2024-01-31,전라남도,신안군,자은면,한운리,197,110,87,200,110,90,3,0,3
4691033022,2024-01-31,전라남도,신안군,자은면,송산리,172,94,78,170,93,77,-2,-1,-1
4691033023,2024-01-31,전라남도,신안군,자은면,대율리,215,118,97,215,118,97,0,0,0
4691033024,2024-01-31,전라남도,신안군,자은면,유천리,201,106,95,202,106,96,1,0,1
4691033025,2024-01-31,전라남도,신안군,자은면,유각리,301,171,130,300,169,131,-1,-2,1
4691033026,2024-01-31,전라남도,신안군,자은면,면전리,90,43,47,90,43,47,0,0,0
4691033027,2024-01-31,전라남도,신안군,자은면,백산리,314,176,138,314,175,139,0,-1,1
4691033028,2024-01-31,전라남도,신안군,자은면,고장리,312,174,138,309,173,136,-3,-1,-2
4691033029,2024-01-31,전라남도,신안군,자은면,구영리,438,224,214,431,220,211,-7,-4,-3
4691034021,2024-01-31,전라남도,신안군,비금면,광대리,119,62,57,120,62,58,1,0,1
4691034022,2024-01-31,전라남도,신안군,비금면,용소리,255,125,130,257,125,132,2,0,2
4691034023,2024-01-31,전라남도,신안군,비금면,도고리,349,194,155,352,194,158,3,0,3
4691034024,2024-01-31,전라남도,신안군,비금면,가산리,117,62,55,120,63,57,3,1,2
4691034025,2024-01-31,전라남도,신안군,비금면,덕산리,602,339,263,620,349,271,18,10,8
4691034026,2024-01-31,전라남도,신안군,비금면,지당리,436,239,197,444,245,199,8,6,2
4691034027,2024-01-31,전라남도,신안군,비금면,구림리,262,147,115,258,144,114,-4,-3,-1
4691034028,2024-01-31,전라남도,신안군,비금면,신원리,320,159,161,320,161,159,0,2,-2
4691034029,2024-01-31,전라남도,신안군,비금면,고서리,152,68,84,152,67,85,0,-1,1
4691034030,2024-01-31,전라남도,신안군,비금면,죽림리,236,119,117,234,117,117,-2,-2,0
4691034031,2024-01-31,전라남도,신안군,비금면,내월리,224,110,114,221,109,112,-3,-1,-2
4691034032,2024-01-31,전라남도,신안군,비금면,수대리,319,185,134,316,187,129,-3,2,-5
4691034033,2024-01-31,전라남도,신안군,비금면,수치리,136,77,59,135,78,57,-1,1,-2
4691035021,2024-01-31,전라남도,신안군,도초면,발매리,375,184,191,370,183,187,-5,-1,-4
4691035022,2024-01-31,전라남도,신안군,도초면,지남리,217,102,115,214,101,113,-3,-1,-2
4691035023,2024-01-31,전라남도,신안군,도초면,외남리,173,90,83,177,91,86,4,1,3
4691035024,2024-01-31,전라남도,신안군,도초면,오류리,149,84,65,153,86,67,4,2,2
4691035025,2024-01-31,전라남도,신안군,도초면,수항리,531,298,233,532,298,234,1,0,1
4691035026,2024-01-31,전라남도,신안군,도초면,죽연리,172,91,81,171,91,80,-1,0,-1
4691035027,2024-01-31,전라남도,신안군,도초면,고란리,160,90,70,157,87,70,-3,-3,0
4691035028,2024-01-31,전라남도,신안군,도초면,이곡리,162,82,80,160,82,78,-2,0,-2
4691035029,2024-01-31,전라남도,신안군,도초면,만년리,230,119,111,230,119,111,0,0,0
4691035030,2024-01-31,전라남도,신안군,도초면,수다리,239,117,122,238,118,120,-1,1,-2
4691035031,2024-01-31,전라남도,신안군,도초면,우이도리,222,129,93,221,128,93,-1,-1,0
4691036021,2024-01-31,전라남도,신안군,흑산면,진리,547,331,216,537,325,212,-10,-6,-4
4691036022,2024-01-31,전라남도,신안군,흑산면,예리,820,486,334,830,493,337,10,7,3
4691036023,2024-01-31,전라남도,신안군,흑산면,비리,233,122,111,231,122,109,-2,0,-2
4691036024,2024-01-31,전라남도,신안군,흑산면,사리,108,48,60,108,49,59,0,1,-1
4691036025,2024-01-31,전라남도,신안군,흑산면,심리,91,51,40,91,51,40,0,0,0
4691036026,2024-01-31,전라남도,신안군,흑산면,영산리,50,30,20,49,29,20,-1,-1,0
4691036028,2024-01-31,전라남도,신안군,흑산면,오리,165,101,64,164,100,64,-1,-1,0
4691036029,2024-01-31,전라남도,신안군,흑산면,홍도리,439,247,192,443,250,193,4,3,1
4691036030,2024-01-31,전라남도,신안군,흑산면,태도리,196,115,81,195,115,80,-1,0,-1
4691036031,2024-01-31,전라남도,신안군,흑산면,수리,114,66,48,112,64,48,-2,-2,0
4691036032,2024-01-31,전라남도,신안군,흑산면,가거도리,386,250,136,391,255,136,5,5,0
4691036033,2024-01-31,전라남도,신안군,흑산면,만재도리,70,38,32,70,38,32,0,0,0
4691036034,2024-01-31,전라남도,신안군,흑산면,다물도리,194,114,80,194,114,80,0,0,0
4691037021,2024-01-31,전라남도,신안군,하의면,웅곡리,462,248,214,461,246,215,-1,-2,1
4691037022,2024-01-31,전라남도,신안군,하의면,어은리,209,116,93,209,116,93,0,0,0
4691037023,2024-01-31,전라남도,신안군,하의면,오림리,195,104,91,192,101,91,-3,-3,0
4691037024,2024-01-31,전라남도,신안군,하의면,대리,211,117,94,211,117,94,0,0,0
4691037025,2024-01-31,전라남도,신안군,하의면,후광리,310,174,136,309,174,135,-1,0,-1
4691037026,2024-01-31,전라남도,신안군,하의면,능산리,140,81,59,139,81,58,-1,0,-1
4691037027,2024-01-31,전라남도,신안군,하의면,옥도리,105,59,46,106,59,47,1,0,1
4691038021,2024-01-31,전라남도,신안군,신의면,상태서리,422,223,199,425,224,201,3,1,2
4691038022,2024-01-31,전라남도,신안군,신의면,상태동리,524,285,239,516,279,237,-8,-6,-2
4691038023,2024-01-31,전라남도,신안군,신의면,하태서리,159,89,70,159,88,71,0,-1,1
4691038024,2024-01-31,전라남도,신안군,신의면,하태동리,315,177,138,317,178,139,2,1,1
4691038025,2024-01-31,전라남도,신안군,신의면,고평사도리,54,33,21,54,33,21,0,0,0
4691039021,2024-01-31,전라남도,신안군,장산면,오음리,252,136,116,250,135,115,-2,-1,-1
4691039022,2024-01-31,전라남도,신안군,장산면,대리,250,139,111,251,140,111,1,1,0
4691039023,2024-01-31,전라남도,신안군,장산면,도창리,203,117,86,203,117,86,0,0,0
4691039024,2024-01-31,전라남도,신안군,장산면,공수리,207,102,105,201,98,103,-6,-4,-2
4691039025,2024-01-31,전라남도,신안군,장산면,팽진리,298,161,137,295,160,135,-3,-1,-2
4691039026,2024-01-31,전라남도,신안군,장산면,다수리,201,108,93,198,107,91,-3,-1,-2
4691039027,2024-01-31,전라남도,신안군,장산면,마진도리,75,43,32,75,43,32,0,0,0
4691040021,2024-01-31,전라남도,신안군,안좌면,금산리,79,43,36,80,44,36,1,1,0
4691040022,2024-01-31,전라남도,신안군,안좌면,탄동리,72,41,31,71,40,31,-1,-1,0
4691040023,2024-01-31,전라남도,신안군,안좌면,산두리,125,70,55,123,68,55,-2,-2,0
4691040024,2024-01-31,전라남도,신안군,안좌면,대리,180,90,90,183,92,91,3,2,1
4691040025,2024-01-31,전라남도,신안군,안좌면,복호리,66,36,30,66,36,30,0,0,0
4691040026,2024-01-31,전라남도,신안군,안좌면,자라리,323,168,155,328,172,156,5,4,1
4691040027,2024-01-31,전라남도,신안군,안좌면,존포리,90,46,44,94,46,48,4,0,4
4691040028,2024-01-31,전라남도,신안군,안좌면,향목리,100,44,56,103,46,57,3,2,1
4691040029,2024-01-31,전라남도,신안군,안좌면,여흘리,130,68,62,129,67,62,-1,-1,0
4691040030,2024-01-31,전라남도,신안군,안좌면,남강리,63,33,30,64,33,31,1,0,1
4691040031,2024-01-31,전라남도,신안군,안좌면,대척리,143,73,70,143,73,70,0,0,0
4691040032,2024-01-31,전라남도,신안군,안좌면,창마리,145,82,63,150,83,67,5,1,4
4691040033,2024-01-31,전라남도,신안군,안좌면,소곡리,103,52,51,104,52,52,1,0,1
4691040034,2024-01-31,전라남도,신안군,안좌면,박지리,31,18,13,31,18,13,0,0,0
4691040035,2024-01-31,전라남도,신안군,안좌면,반월리,117,66,51,117,67,50,0,1,-1
4691040036,2024-01-31,전라남도,신안군,안좌면,구대리,201,106,95,202,108,94,1,2,-1
4691040037,2024-01-31,전라남도,신안군,안좌면,마명리,74,34,40,73,34,39,-1,0,-1
4691040038,2024-01-31,전라남도,신안군,안좌면,신촌리,35,17,18,35,17,18,0,0,0
4691040039,2024-01-31,전라남도,신안군,안좌면,대우리,84,43,41,82,41,41,-2,-2,0
4691040040,2024-01-31,전라남도,신안군,안좌면,방월리,105,46,59,105,46,59,0,0,0
4691040041,2024-01-31,전라남도,신안군,안좌면,내호리,44,24,20,44,24,20,0,0,0
4691040042,2024-01-31,전라남도,신안군,안좌면,한운리,124,74,50,123,73,50,-1,-1,0
4691040043,2024-01-31,전라남도,신안군,안좌면,시서리,149,83,66,148,82,66,-1,-1,0
4691040044,2024-01-31,전라남도,신안군,안좌면,읍동리,582,305,277,583,305,278,1,0,1
4691040045,2024-01-31,전라남도,신안군,안좌면,마진리,105,55,50,103,56,47,-2,1,-3
4691041021,2024-01-31,전라남도,신안군,팔금면,대심리,90,50,40,91,51,40,1,1,0
4691041022,2024-01-31,전라남도,신안군,팔금면,장촌리,88,41,47,88,41,47,0,0,0
4691041023,2024-01-31,전라남도,신안군,팔금면,원산리,151,71,80,153,72,81,2,1,1
4691041024,2024-01-31,전라남도,신안군,팔금면,읍리,208,112,96,209,111,98,1,-1,2
4691041025,2024-01-31,전라남도,신안군,팔금면,진고리,85,35,50,88,37,51,3,2,1
4691041026,2024-01-31,전라남도,신안군,팔금면,이목리,134,73,61,134,72,62,0,-1,1
4691041027,2024-01-31,전라남도,신안군,팔금면,당고리,153,70,83,153,71,82,0,1,-1
4691042021,2024-01-31,전라남도,신안군,암태면,도창리,96,43,53,93,41,52,-3,-2,-1
4691042022,2024-01-31,전라남도,신안군,암태면,수곡리,192,96,96,194,97,97,2,1,1
4691042023,2024-01-31,전라남도,신안군,암태면,와촌리,244,128,116,242,126,116,-2,-2,0
4691042024,2024-01-31,전라남도,신안군,암태면,단고리,321,167,154,325,170,155,4,3,1
4691042025,2024-01-31,전라남도,신안군,암태면,오상리,148,77,71,151,79,72,3,2,1
4691042026,2024-01-31,전라남도,신안군,암태면,기동리,203,110,93,200,108,92,-3,-2,-1
4691042027,2024-01-31,전라남도,신안군,암태면,송곡리,138,74,64,137,73,64,-1,-1,0
4691042028,2024-01-31,전라남도,신안군,암태면,신석리,397,214,183,395,210,185,-2,-4,2
4691042029,2024-01-31,전라남도,신안군,암태면,당사리,184,100,84,188,103,85,4,3,1
4711110100,2024-01-31,경상북도,포항시 남구,상도동,상도동,8835,4657,4178,8822,4657,4165,-13,0,-13
4711110200,2024-01-31,경상북도,포항시 남구,대도동,대도동,15119,7914,7205,15091,7904,7187,-28,-10,-18
4711110300,2024-01-31,경상북도,포항시 남구,해도동,해도동,16537,8518,8019,16550,8521,8029,13,3,10
4711110400,2024-01-31,경상북도,포항시 남구,송도동,송도동,11608,5797,5811,11595,5792,5803,-13,-5,-8
4711110500,2024-01-31,경상북도,포항시 남구,청림동,청림동,3829,2100,1729,3838,2107,1731,9,7,2
4711110600,2024-01-31,경상북도,포항시 남구,일월동,일월동,993,557,436,986,554,432,-7,-3,-4
4711110900,2024-01-31,경상북도,포항시 남구,괴동동,괴동동,106,104,2,97,95,2,-9,-9,0
4711111000,2024-01-31,경상북도,포항시 남구,동촌동,동촌동,91,86,5,103,100,3,12,14,-2
4711111100,2024-01-31,경상북도,포항시 남구,장흥동,장흥동,24,19,5,23,18,5,-1,-1,0
4711111200,2024-01-31,경상북도,포항시 남구,인덕동,인덕동,2372,1277,1095,2360,1267,1093,-12,-10,-2
4711111400,2024-01-31,경상북도,포항시 남구,효자동,효자동,12759,6573,6186,12752,6577,6175,-7,4,-11
4711111500,2024-01-31,경상북도,포항시 남구,지곡동,지곡동,17182,8728,8454,17163,8720,8443,-19,-8,-11
4711111600,2024-01-31,경상북도,포항시 남구,대잠동,대잠동,21154,10806,10348,21170,10832,10338,16,26,-10
4711111700,2024-01-31,경상북도,포항시 남구,이동,이동,3727,1916,1811,3710,1905,1805,-17,-11,-6
4711125000,2024-01-31,경상북도,포항시 남구,구룡포읍,구룡포읍,2,2,0,0,0,0,-2,-2,0
4711125021,2024-01-31,경상북도,포항시 남구,구룡포읍,구룡포리,3537,1759,1778,3512,1749,1763,-25,-10,-15
4711125022,2024-01-31,경상북도,포항시 남구,구룡포읍,삼정리,412,189,223,412,189,223,0,0,0
4711125023,2024-01-31,경상북도,포항시 남구,구룡포읍,석병리,476,249,227,475,246,229,-1,-3,2
4711125024,2024-01-31,경상북도,포항시 남구,구룡포읍,성동리,24,18,6,24,18,6,0,0,0
4711125025,2024-01-31,경상북도,포항시 남구,구룡포읍,구평리,284,130,154,283,129,154,-1,-1,0
4711125026,2024-01-31,경상북도,포항시 남구,구룡포읍,장길리,181,96,85,179,94,85,-2,-2,0
4711125027,2024-01-31,경상북도,포항시 남구,구룡포읍,하정리,321,167,154,320,165,155,-1,-2,1
4711125028,2024-01-31,경상북도,포항시 남구,구룡포읍,병포리,1141,594,547,1145,596,549,4,2,2
4711125029,2024-01-31,경상북도,포항시 남구,구룡포읍,후동리,117,65,52,121,68,53,4,3,1
4711125030,2024-01-31,경상북도,포항시 남구,구룡포읍,눌태리,332,185,147,325,179,146,-7,-6,-1
4711125321,2024-01-31,경상북도,포항시 남구,연일읍,생지리,7435,3708,3727,7413,3700,3713,-22,-8,-14
4711125322,2024-01-31,경상북도,포항시 남구,연일읍,괴정리,2319,1189,1130,2305,1181,1124,-14,-8,-6
4711125323,2024-01-31,경상북도,포항시 남구,연일읍,동문리,3977,2008,1969,3976,2005,1971,-1,-3,2
4711125324,2024-01-31,경상북도,포항시 남구,연일읍,오천리,3076,1622,1454,3081,1620,1461,5,-2,7
4711125325,2024-01-31,경상북도,포항시 남구,연일읍,유강리,9901,5027,4874,9916,5040,4876,15,13,2
4711125326,2024-01-31,경상북도,포항시 남구,연일읍,자명리,370,184,186,373,185,188,3,1,2
4711125327,2024-01-31,경상북도,포항시 남구,연일읍,학전리,182,99,83,179,97,82,-3,-2,-1
4711125328,2024-01-31,경상북도,포항시 남구,연일읍,달전리,162,87,75,163,87,76,1,0,1
4711125329,2024-01-31,경상북도,포항시 남구,연일읍,중명리,425,211,214,423,210,213,-2,-1,-1
4711125330,2024-01-31,경상북도,포항시 남구,연일읍,중단리,267,139,128,268,139,129,1,0,1
4711125331,2024-01-31,경상북도,포항시 남구,연일읍,택전리,744,397,347,746,397,349,2,0,2
4711125332,2024-01-31,경상북도,포항시 남구,연일읍,인주리,162,81,81,162,81,81,0,0,0
4711125333,2024-01-31,경상북도,포항시 남구,연일읍,우복리,114,53,61,114,53,61,0,0,0
4711125621,2024-01-31,경상북도,포항시 남구,오천읍,원리,22350,12278,10072,22441,12340,10101,91,62,29
4711125622,2024-01-31,경상북도,포항시 남구,오천읍,문덕리,17881,9964,7917,17869,9950,7919,-12,-14,2
4711125623,2024-01-31,경상북도,포항시 남구,오천읍,항사리,90,50,40,87,49,38,-3,-1,-2
4711125624,2024-01-31,경상북도,포항시 남구,오천읍,진전리,89,50,39,91,52,39,2,2,0
4711125625,2024-01-31,경상북도,포항시 남구,오천읍,갈평리,169,89,80,169,89,80,0,0,0
4711125626,2024-01-31,경상북도,포항시 남구,오천읍,문충리,602,326,276,604,327,277,2,1,1
4711125627,2024-01-31,경상북도,포항시 남구,오천읍,용산리,751,369,382,748,368,380,-3,-1,-2
4711125628,2024-01-31,경상북도,포항시 남구,오천읍,광명리,66,37,29,70,39,31,4,2,2
4711125629,2024-01-31,경상북도,포항시 남구,오천읍,세계리,2885,1402,1483,2871,1392,1479,-14,-10,-4
4711125630,2024-01-31,경상북도,포항시 남구,오천읍,용덕리,6993,3512,3481,6975,3509,3466,-18,-3,-15
4711125631,2024-01-31,경상북도,포항시 남구,오천읍,구정리,5803,2915,2888,5773,2896,2877,-30,-19,-11
4711131021,2024-01-31,경상북도,포항시 남구,대송면,공수리,94,55,39,94,55,39,0,0,0
4711131022,2024-01-31,경상북도,포항시 남구,대송면,장동리,237,121,116,237,121,116,0,0,0
4711131023,2024-01-31,경상북도,포항시 남구,대송면,홍계리,85,43,42,85,43,42,0,0,0
4711131024,2024-01-31,경상북도,포항시 남구,대송면,산여리,16,9,7,16,9,7,0,0,0
4711131025,2024-01-31,경상북도,포항시 남구,대송면,대각리,159,83,76,158,83,75,-1,0,-1
4711131026,2024-01-31,경상북도,포항시 남구,대송면,송동리,381,213,168,375,210,165,-6,-3,-3
4711131027,2024-01-31,경상북도,포항시 남구,대송면,제내리,1983,1024,959,1983,1025,958,0,1,-1
4711131028,2024-01-31,경상북도,포항시 남구,대송면,옥명리,1,1,0,1,1,0,0,0,0
4711131029,2024-01-31,경상북도,포항시 남구,대송면,남성리,264,121,143,260,120,140,-4,-1,-3
4711132021,2024-01-31,경상북도,포항시 남구,동해면,도구리,2550,1276,1274,2557,1281,1276,7,5,2
4711132022,2024-01-31,경상북도,포항시 남구,동해면,약전리,2516,1221,1295,2529,1224,1305,13,3,10
4711132023,2024-01-31,경상북도,포항시 남구,동해면,금광리,258,145,113,258,146,112,0,1,-1
4711132024,2024-01-31,경상북도,포항시 남구,동해면,신정리,2196,1092,1104,2185,1082,1103,-11,-10,-1
4711132025,2024-01-31,경상북도,포항시 남구,동해면,석리,786,434,352,794,436,358,8,2,6
4711132026,2024-01-31,경상북도,포항시 남구,동해면,임곡리,245,135,110,243,134,109,-2,-1,-1
4711132027,2024-01-31,경상북도,포항시 남구,동해면,입암리,122,74,48,121,73,48,-1,-1,0
4711132028,2024-01-31,경상북도,포항시 남구,동해면,마산리,83,40,43,83,40,43,0,0,0
4711132029,2024-01-31,경상북도,포항시 남구,동해면,흥환리,115,61,54,113,61,52,-2,0,-2
4711132030,2024-01-31,경상북도,포항시 남구,동해면,중흥리,43,23,20,43,23,20,0,0,0
4711132031,2024-01-31,경상북도,포항시 남구,동해면,발산리,176,76,100,174,74,100,-2,-2,0
4711132032,2024-01-31,경상북도,포항시 남구,동해면,상정리,235,116,119,232,115,117,-3,-1,-2
4711132033,2024-01-31,경상북도,포항시 남구,동해면,중산리,20,12,8,20,12,8,0,0,0
4711132034,2024-01-31,경상북도,포항시 남구,동해면,공당리,158,99,59,161,102,59,3,3,0
4711133021,2024-01-31,경상북도,포항시 남구,장기면,읍내리,240,108,132,240,109,131,0,1,-1
4711133022,2024-01-31,경상북도,포항시 남구,장기면,마현리,82,46,36,82,46,36,0,0,0
4711133023,2024-01-31,경상북도,포항시 남구,장기면,금곡리,49,25,24,49,25,24,0,0,0
4711133024,2024-01-31,경상북도,포항시 남구,장기면,영암리,280,140,140,279,139,140,-1,-1,0
4711133025,2024-01-31,경상북도,포항시 남구,장기면,신창리,345,181,164,344,180,164,-1,-1,0
4711133026,2024-01-31,경상북도,포항시 남구,장기면,양포리,514,246,268,513,243,270,-1,-3,2
4711133027,2024-01-31,경상북도,포항시 남구,장기면,계원리,280,140,140,278,138,140,-2,-2,0
4711133028,2024-01-31,경상북도,포항시 남구,장기면,두원리,146,65,81,144,64,80,-2,-1,-1
4711133029,2024-01-31,경상북도,포항시 남구,장기면,수성리,138,65,73,138,65,73,0,0,0
4711133030,2024-01-31,경상북도,포항시 남구,장기면,임중리,241,102,139,242,102,140,1,0,1
4711133031,2024-01-31,경상북도,포항시 남구,장기면,방산리,149,74,75,149,73,76,0,-1,1
4711133032,2024-01-31,경상북도,포항시 남구,장기면,산서리,192,93,99,193,95,98,1,2,-1
4711133033,2024-01-31,경상북도,포항시 남구,장기면,서촌리,115,50,65,113,50,63,-2,0,-2
4711133034,2024-01-31,경상북도,포항시 남구,장기면,금오리,78,43,35,78,43,35,0,0,0
4711133035,2024-01-31,경상북도,포항시 남구,장기면,대진리,98,51,47,99,51,48,1,0,1
4711133036,2024-01-31,경상북도,포항시 남구,장기면,모포리,230,107,123,230,106,124,0,-1,1
4711133037,2024-01-31,경상북도,포항시 남구,장기면,학계리,70,33,37,69,33,36,-1,0,-1
4711133038,2024-01-31,경상북도,포항시 남구,장기면,학곡리,66,30,36,66,30,36,0,0,0
4711133039,2024-01-31,경상북도,포항시 남구,장기면,신계리,79,48,31,82,49,33,3,1,2
4711133040,2024-01-31,경상북도,포항시 남구,장기면,창지리,139,67,72,139,67,72,0,0,0
4711133041,2024-01-31,경상북도,포항시 남구,장기면,대곡리,107,52,55,106,51,55,-1,-1,0
4711133042,2024-01-31,경상북도,포항시 남구,장기면,죽정리,35,21,14,35,21,14,0,0,0
4711133043,2024-01-31,경상북도,포항시 남구,장기면,정천리,188,107,81,189,108,81,1,1,0
4711135021,2024-01-31,경상북도,포항시 남구,호미곶면,강사리,455,229,226,458,229,229,3,0,3
4711135022,2024-01-31,경상북도,포항시 남구,호미곶면,대보리,631,307,324,628,306,322,-3,-1,-2
4711135023,2024-01-31,경상북도,포항시 남구,호미곶면,구만리,483,226,257,479,223,256,-4,-3,-1
4711135024,2024-01-31,경상북도,포항시 남구,호미곶면,대동배리,149,76,73,148,76,72,-1,0,-1
4711310100,2024-01-31,경상북도,포항시 북구,대흥동,대흥동,633,308,325,637,311,326,4,3,1
4711310200,2024-01-31,경상북도,포항시 북구,신흥동,신흥동,594,314,280,589,313,276,-5,-1,-4
4711310300,2024-01-31,경상북도,포항시 북구,남빈동,남빈동,148,73,75,147,72,75,-1,-1,0
4711310400,2024-01-31,경상북도,포항시 북구,상원동,상원동,298,179,119,296,177,119,-2,-2,0
4711310500,2024-01-31,경상북도,포항시 북구,여천동,여천동,296,149,147,295,149,146,-1,0,-1
4711310600,2024-01-31,경상북도,포항시 북구,중앙동,중앙동,224,125,99,221,124,97,-3,-1,-2
4711310700,2024-01-31,경상북도,포항시 북구,덕산동,덕산동,669,340,329,670,341,329,1,1,0
4711310800,2024-01-31,경상북도,포항시 북구,덕수동,덕수동,1259,619,640,1259,619,640,0,0,0
4711310900,2024-01-31,경상북도,포항시 북구,대신동,대신동,2262,1059,1203,2271,1064,1207,9,5,4
4711311000,2024-01-31,경상북도,포항시 북구,동빈1가,동빈1가,926,457,469,924,458,466,-2,1,-3
4711311100,2024-01-31,경상북도,포항시 북구,동빈2가,동빈2가,391,197,194,390,198,192,-1,1,-2
4711311200,2024-01-31,경상북도,포항시 북구,학산동,학산동,4229,2114,2115,4232,2109,2123,3,-5,8
4711311300,2024-01-31,경상북도,포항시 북구,항구동,항구동,2750,1325,1425,2752,1325,1427,2,0,2
4711311400,2024-01-31,경상북도,포항시 북구,득량동,득량동,8945,4432,4513,9023,4466,4557,78,34,44
4711311500,2024-01-31,경상북도,포항시 북구,학잠동,학잠동,8008,3933,4075,7996,3928,4068,-12,-5,-7
4711311600,2024-01-31,경상북도,포항시 북구,죽도동,죽도동,19472,9681,9791,19491,9669,9822,19,-12,31
4711311700,2024-01-31,경상북도,포항시 북구,용흥동,용흥동,21012,10274,10738,20932,10224,10708,-80,-50,-30
4711311800,2024-01-31,경상북도,포항시 북구,우현동,우현동,17998,8907,9091,17973,8897,9076,-25,-10,-15
4711311900,2024-01-31,경상북도,포항시 북구,창포동,창포동,14869,7130,7739,14871,7134,7737,2,4,-2
4711312000,2024-01-31,경상북도,포항시 북구,두호동,두호동,22152,10862,11290,22146,10849,11297,-6,-13,7
4711312100,2024-01-31,경상북도,포항시 북구,장성동,장성동,38562,19807,18755,38561,19843,18718,-1,36,-37
4711312200,2024-01-31,경상북도,포항시 북구,양덕동,양덕동,32491,16382,16109,32442,16361,16081,-49,-21,-28
4711312300,2024-01-31,경상북도,포항시 북구,환호동,환호동,8759,4284,4475,8729,4274,4455,-30,-10,-20
4711312400,2024-01-31,경상북도,포항시 북구,여남동,여남동,378,207,171,379,207,172,1,0,1
4711325021,2024-01-31,경상북도,포항시 북구,흥해읍,매산리,382,174,208,384,174,210,2,0,2
4711325022,2024-01-31,경상북도,포항시 북구,흥해읍,북송리,438,215,223,430,209,221,-8,-6,-2
4711325023,2024-01-31,경상북도,포항시 북구,흥해읍,마산리,2336,1153,1183,2332,1154,1178,-4,1,-5
4711325024,2024-01-31,경상북도,포항시 북구,흥해읍,옥성리,2204,1060,1144,2187,1053,1134,-17,-7,-10
4711325025,2024-01-31,경상북도,포항시 북구,흥해읍,약성리,1667,837,830,1657,836,821,-10,-1,-9
4711325026,2024-01-31,경상북도,포항시 북구,흥해읍,학성리,319,166,153,321,168,153,2,2,0
4711325027,2024-01-31,경상북도,포항시 북구,흥해읍,남성리,5079,2473,2606,5303,2589,2714,224,116,108
4711325028,2024-01-31,경상북도,포항시 북구,흥해읍,성내리,190,83,107,191,84,107,1,1,0
4711325029,2024-01-31,경상북도,포항시 북구,흥해읍,중성리,862,413,449,862,412,450,0,-1,1
4711325030,2024-01-31,경상북도,포항시 북구,흥해읍,망천리,311,151,160,308,149,159,-3,-2,-1
4711325031,2024-01-31,경상북도,포항시 북구,흥해읍,남송리,415,218,197,404,213,191,-11,-5,-6
4711325032,2024-01-31,경상북도,포항시 북구,흥해읍,곡강리,256,135,121,258,136,122,2,1,1
4711325033,2024-01-31,경상북도,포항시 북구,흥해읍,용한리,383,206,177,385,208,177,2,2,0
4711325034,2024-01-31,경상북도,포항시 북구,흥해읍,우목리,177,92,85,177,92,85,0,0,0
4711325035,2024-01-31,경상북도,포항시 북구,흥해읍,죽천리,229,129,100,228,129,99,-1,0,-1
4711325036,2024-01-31,경상북도,포항시 북구,흥해읍,용곡리,212,104,108,210,102,108,-2,-2,0
4711325037,2024-01-31,경상북도,포항시 북구,흥해읍,양백리,274,140,134,274,139,135,0,-1,1
4711325038,2024-01-31,경상북도,포항시 북구,흥해읍,덕성리,176,96,80,177,97,80,1,1,0
4711325039,2024-01-31,경상북도,포항시 북구,흥해읍,덕장리,312,151,161,312,151,161,0,0,0
4711325040,2024-01-31,경상북도,포항시 북구,흥해읍,용전리,321,166,155,325,168,157,4,2,2
4711325041,2024-01-31,경상북도,포항시 북구,흥해읍,용천리,383,192,191,383,192,191,0,0,0
4711325042,2024-01-31,경상북도,포항시 북구,흥해읍,금장리,267,129,138,268,129,139,1,0,1
4711325043,2024-01-31,경상북도,포항시 북구,흥해읍,흥안리,251,133,118,254,134,120,3,1,2
4711325044,2024-01-31,경상북도,포항시 북구,흥해읍,칠포리,258,126,132,258,126,132,0,0,0
4711325045,2024-01-31,경상북도,포항시 북구,흥해읍,오도리,299,150,149,297,149,148,-2,-1,-1
4711325046,2024-01-31,경상북도,포항시 북구,흥해읍,초곡리,11866,5962,5904,11792,5920,5872,-74,-42,-32
4711325047,2024-01-31,경상북도,포항시 북구,흥해읍,학천리,6275,3160,3115,6265,3144,3121,-10,-16,6
4711325048,2024-01-31,경상북도,포항시 북구,흥해읍,성곡리,719,352,367,713,350,363,-6,-2,-4
4711325049,2024-01-31,경상북도,포항시 북구,흥해읍,이인리,3474,1764,1710,3470,1765,1705,-4,1,-5
4711325050,2024-01-31,경상북도,포항시 북구,흥해읍,대련리,397,205,192,397,205,192,0,0,0
4711331021,2024-01-31,경상북도,포항시 북구,신광면,냉수리,166,86,80,165,85,80,-1,-1,0
4711331022,2024-01-31,경상북도,포항시 북구,신광면,흥곡리,270,139,131,272,140,132,2,1,1
4711331023,2024-01-31,경상북도,포항시 북구,신광면,우각리,250,120,130,251,120,131,1,0,1
4711331024,2024-01-31,경상북도,포항시 북구,신광면,죽성리,294,149,145,297,151,146,3,2,1
4711331025,2024-01-31,경상북도,포항시 북구,신광면,상읍리,275,133,142,281,135,146,6,2,4
4711331026,2024-01-31,경상북도,포항시 북구,신광면,토성리,475,239,236,476,239,237,1,0,1
4711331027,2024-01-31,경상북도,포항시 북구,신광면,사정리,251,127,124,251,127,124,0,0,0
4711331028,2024-01-31,경상북도,포항시 북구,신광면,안덕리,264,132,132,266,132,134,2,0,2
4711331029,2024-01-31,경상북도,포항시 북구,신광면,만석리,223,108,115,223,109,114,0,1,-1
4711331030,2024-01-31,경상북도,포항시 북구,신광면,반곡리,115,56,59,116,56,60,1,0,1
4711331031,2024-01-31,경상북도,포항시 북구,신광면,기일리,100,47,53,98,46,52,-2,-1,-1
4711331032,2024-01-31,경상북도,포항시 북구,신광면,마북리,64,35,29,64,35,29,0,0,0
4711331033,2024-01-31,경상북도,포항시 북구,신광면,호리,89,49,40,88,48,40,-1,-1,0
4711332021,2024-01-31,경상북도,포항시 북구,청하면,덕성리,638,303,335,648,310,338,10,7,3
4711332022,2024-01-31,경상북도,포항시 북구,청하면,덕천리,208,98,110,202,95,107,-6,-3,-3
4711332023,2024-01-31,경상북도,포항시 북구,청하면,미남리,467,229,238,472,231,241,5,2,3
4711332024,2024-01-31,경상북도,포항시 북구,청하면,필화리,243,119,124,243,120,123,0,1,-1
4711332025,2024-01-31,경상북도,포항시 북구,청하면,용두리,266,135,131,270,138,132,4,3,1
4711332026,2024-01-31,경상북도,포항시 북구,청하면,월포리,470,218,252,461,214,247,-9,-4,-5
4711332027,2024-01-31,경상북도,포항시 북구,청하면,방어리,176,83,93,178,83,95,2,0,2
4711332028,2024-01-31,경상북도,포항시 북구,청하면,이가리,230,103,127,231,104,127,1,1,0
4711332029,2024-01-31,경상북도,포항시 북구,청하면,청진리,318,161,157,319,161,158,1,0,1
4711332030,2024-01-31,경상북도,포항시 북구,청하면,신흥리,122,59,63,121,59,62,-1,0,-1
4711332031,2024-01-31,경상북도,포항시 북구,청하면,소동리,282,149,133,279,146,133,-3,-3,0
4711332032,2024-01-31,경상북도,포항시 북구,청하면,고현리,211,109,102,216,112,104,5,3,2
4711332033,2024-01-31,경상북도,포항시 북구,청하면,하대리,148,78,70,147,78,69,-1,0,-1
4711332034,2024-01-31,경상북도,포항시 북구,청하면,상대리,93,44,49,95,45,50,2,1,1
4711332035,2024-01-31,경상북도,포항시 북구,청하면,서정리,318,155,163,326,159,167,8,4,4
4711332036,2024-01-31,경상북도,포항시 북구,청하면,명안리,122,63,59,122,63,59,0,0,0
4711332037,2024-01-31,경상북도,포항시 북구,청하면,유계리,130,64,66,129,64,65,-1,0,-1
4711332038,2024-01-31,경상북도,포항시 북구,청하면,청계리,128,74,54,129,75,54,1,1,0
4711333021,2024-01-31,경상북도,포항시 북구,송라면,상송리,138,66,72,139,66,73,1,0,1
4711333022,2024-01-31,경상북도,포항시 북구,송라면,하송리,340,159,181,337,155,182,-3,-4,1
4711333023,2024-01-31,경상북도,포항시 북구,송라면,중산리,341,167,174,341,165,176,0,-2,2
4711333024,2024-01-31,경상북도,포항시 북구,송라면,광천리,512,239,273,508,238,270,-4,-1,-3
4711333025,2024-01-31,경상북도,포항시 북구,송라면,조사리,182,94,88,182,93,89,0,-1,1
4711333026,2024-01-31,경상북도,포항시 북구,송라면,방석리,293,137,156,293,136,157,0,-1,1
4711333027,2024-01-31,경상북도,포항시 북구,송라면,화진리,296,145,151,296,145,151,0,0,0
4711333028,2024-01-31,경상북도,포항시 북구,송라면,대전리,139,72,67,138,72,66,-1,0,-1
4711333029,2024-01-31,경상북도,포항시 북구,송라면,지경리,174,82,92,179,83,96,5,1,4
4711334021,2024-01-31,경상북도,포항시 북구,기계면,현내리,1177,560,617,1174,560,614,-3,0,-3
4711334022,2024-01-31,경상북도,포항시 북구,기계면,지가리,460,219,241,457,218,239,-3,-1,-2
4711334023,2024-01-31,경상북도,포항시 북구,기계면,봉계리,294,149,145,299,149,150,5,0,5
4711334024,2024-01-31,경상북도,포항시 북구,기계면,고지리,240,124,116,239,124,115,-1,0,-1
4711334025,2024-01-31,경상북도,포항시 북구,기계면,문성리,207,99,108,205,97,108,-2,-2,0
4711334026,2024-01-31,경상북도,포항시 북구,기계면,학야리,355,183,172,353,182,171,-2,-1,-1
4711334027,2024-01-31,경상북도,포항시 북구,기계면,성계리,353,175,178,359,176,183,6,1,5
4711334028,2024-01-31,경상북도,포항시 북구,기계면,내단리,403,205,198,399,202,197,-4,-3,-1
4711334029,2024-01-31,경상북도,포항시 북구,기계면,화대리,272,141,131,272,139,133,0,-2,2
4711334030,2024-01-31,경상북도,포항시 북구,기계면,화봉리,180,90,90,179,90,89,-1,0,-1
4711334031,2024-01-31,경상북도,포항시 북구,기계면,계전리,85,47,38,85,47,38,0,0,0
4711334032,2024-01-31,경상북도,포항시 북구,기계면,미현리,106,51,55,106,51,55,0,0,0
4711334033,2024-01-31,경상북도,포항시 북구,기계면,인비리,345,167,178,339,164,175,-6,-3,-3
4711334034,2024-01-31,경상북도,포항시 북구,기계면,구지리,162,77,85,164,79,85,2,2,0
4711334035,2024-01-31,경상북도,포항시 북구,기계면,가안리,162,75,87,165,75,90,3,0,3
4711334036,2024-01-31,경상북도,포항시 북구,기계면,남계리,93,45,48,94,46,48,1,1,0
4711335021,2024-01-31,경상북도,포항시 북구,죽장면,가사리,130,63,67,131,64,67,1,1,0
4711335022,2024-01-31,경상북도,포항시 북구,죽장면,매현리,140,71,69,140,72,68,0,1,-1
4711335023,2024-01-31,경상북도,포항시 북구,죽장면,침곡리,35,20,15,34,19,15,-1,-1,0
4711335024,2024-01-31,경상북도,포항시 북구,죽장면,입암리,323,153,170,329,156,173,6,3,3
4711335025,2024-01-31,경상북도,포항시 북구,죽장면,일광리,71,44,27,72,45,27,1,1,0
4711335026,2024-01-31,경상북도,포항시 북구,죽장면,지동리,136,68,68,135,67,68,-1,-1,0
4711335027,2024-01-31,경상북도,포항시 북구,죽장면,정자리,130,66,64,130,65,65,0,-1,1
4711335028,2024-01-31,경상북도,포항시 북구,죽장면,감곡리,68,31,37,68,31,37,0,0,0
4711335029,2024-01-31,경상북도,포항시 북구,죽장면,상사리,145,78,67,143,77,66,-2,-1,-1
4711335030,2024-01-31,경상북도,포항시 북구,죽장면,하사리,79,37,42,79,37,42,0,0,0
4711335031,2024-01-31,경상북도,포항시 북구,죽장면,석계리,76,42,34,77,43,34,1,1,0
4711335032,2024-01-31,경상북도,포항시 북구,죽장면,합덕리,158,74,84,160,76,84,2,2,0
4711335033,2024-01-31,경상북도,포항시 북구,죽장면,월평리,124,70,54,122,70,52,-2,0,-2
4711335034,2024-01-31,경상북도,포항시 북구,죽장면,방흥리,79,38,41,78,38,40,-1,0,-1
4711335035,2024-01-31,경상북도,포항시 북구,죽장면,현내리,87,43,44,90,44,46,3,1,2
4711335036,2024-01-31,경상북도,포항시 북구,죽장면,봉계리,76,36,40,76,37,39,0,1,-1
4711335037,2024-01-31,경상북도,포항시 북구,죽장면,두마리,210,108,102,210,108,102,0,0,0
4711335038,2024-01-31,경상북도,포항시 북구,죽장면,상옥리,519,269,250,517,269,248,-2,0,-2
4711335039,2024-01-31,경상북도,포항시 북구,죽장면,하옥리,98,51,47,97,51,46,-1,0,-1
4711336021,2024-01-31,경상북도,포항시 북구,기북면,관천리,73,36,37,77,38,39,4,2,2
4711336022,2024-01-31,경상북도,포항시 북구,기북면,대곡리,306,150,156,308,150,158,2,0,2
4711336023,2024-01-31,경상북도,포항시 북구,기북면,율산리,255,125,130,256,126,130,1,1,0
4711336024,2024-01-31,경상북도,포항시 북구,기북면,용기리,213,102,111,216,104,112,3,2,1
4711336025,2024-01-31,경상북도,포항시 북구,기북면,오덕리,215,112,103,216,113,103,1,1,0
4711336026,2024-01-31,경상북도,포항시 북구,기북면,탑정리,124,64,60,125,65,60,1,1,0
4711336027,2024-01-31,경상북도,포항시 북구,기북면,성법리,113,57,56,112,57,55,-1,0,-1
4713010100,2024-01-31,경상북도,경주시,동부동,동부동,433,208,225,432,206,226,-1,-2,1
4713010200,2024-01-31,경상북도,경주시,서부동,서부동,1401,686,715,1394,681,713,-7,-5,-2
4713010300,2024-01-31,경상북도,경주시,북부동,북부동,365,187,178,369,191,178,4,4,0
4713010400,2024-01-31,경상북도,경주시,성동동,성동동,3199,1521,1678,3190,1519,1671,-9,-2,-7
4713010500,2024-01-31,경상북도,경주시,황오동,황오동,2667,1282,1385,2670,1278,1392,3,-4,7
4713010600,2024-01-31,경상북도,경주시,노동동,노동동,379,205,174,379,205,174,0,0,0
4713010700,2024-01-31,경상북도,경주시,노서동,노서동,2134,1070,1064,2122,1064,1058,-12,-6,-6
4713010800,2024-01-31,경상북도,경주시,성건동,성건동,11438,5589,5849,11371,5548,5823,-67,-41,-26
4713010900,2024-01-31,경상북도,경주시,사정동,사정동,1613,798,815,1600,789,811,-13,-9,-4
4713011000,2024-01-31,경상북도,경주시,황남동,황남동,707,336,371,709,337,372,2,1,1
4713011100,2024-01-31,경상북도,경주시,교동,교동,148,65,83,148,65,83,0,0,0
4713011200,2024-01-31,경상북도,경주시,인왕동,인왕동,655,332,323,656,333,323,1,1,0
4713011300,2024-01-31,경상북도,경주시,탑동,탑동,482,236,246,480,235,245,-2,-1,-1
4713011400,2024-01-31,경상북도,경주시,충효동,충효동,12703,6387,6316,12713,6383,6330,10,-4,14
4713011500,2024-01-31,경상북도,경주시,서악동,서악동,637,309,328,638,308,330,1,-1,2
4713011600,2024-01-31,경상북도,경주시,효현동,효현동,583,312,271,580,310,270,-3,-2,-1
4713011700,2024-01-31,경상북도,경주시,광명동,광명동,521,256,265,521,256,265,0,0,0
4713011800,2024-01-31,경상북도,경주시,동방동,동방동,731,360,371,727,356,371,-4,-4,0
4713011900,2024-01-31,경상북도,경주시,도지동,도지동,2083,1018,1065,2085,1020,1065,2,2,0
4713012000,2024-01-31,경상북도,경주시,남산동,남산동,439,205,234,439,205,234,0,0,0
4713012100,2024-01-31,경상북도,경주시,배반동,배반동,540,264,276,542,268,274,2,4,-2
4713012200,2024-01-31,경상북도,경주시,구황동,구황동,415,205,210,408,201,207,-7,-4,-3
4713012300,2024-01-31,경상북도,경주시,보문동,보문동,599,300,299,599,297,302,0,-3,3
4713012400,2024-01-31,경상북도,경주시,황성동,황성동,27456,13406,14050,27439,13416,14023,-17,10,-27
4713012500,2024-01-31,경상북도,경주시,용강동,용강동,25457,12541,12916,25532,12573,12959,75,32,43
4713012600,2024-01-31,경상북도,경주시,동천동,동천동,21346,10673,10673,21339,10666,10673,-7,-7,0
4713012700,2024-01-31,경상북도,경주시,평동,평동,430,205,225,427,204,223,-3,-1,-2
4713012800,2024-01-31,경상북도,경주시,조양동,조양동,536,279,257,531,278,253,-5,-1,-4
4713012900,2024-01-31,경상북도,경주시,시동,시동,392,189,203,388,187,201,-4,-2,-2
4713013000,2024-01-31,경상북도,경주시,시래동,시래동,2868,1534,1334,2893,1549,1344,25,15,10
4713013100,2024-01-31,경상북도,경주시,구정동,구정동,2064,956,1108,2049,948,1101,-15,-8,-7
4713013200,2024-01-31,경상북도,경주시,마동,마동,1112,534,578,1106,533,573,-6,-1,-5
4713013300,2024-01-31,경상북도,경주시,하동,하동,465,226,239,468,227,241,3,1,2
4713013400,2024-01-31,경상북도,경주시,진현동,진현동,1865,932,933,1877,941,936,12,9,3
4713013500,2024-01-31,경상북도,경주시,천군동,천군동,422,202,220,415,199,216,-7,-3,-4
4713013600,2024-01-31,경상북도,경주시,신평동,신평동,159,85,74,159,85,74,0,0,0
4713013700,2024-01-31,경상북도,경주시,덕동,덕동,40,18,22,40,18,22,0,0,0
4713013800,2024-01-31,경상북도,경주시,암곡동,암곡동,370,178,192,371,180,191,1,2,-1
4713013900,2024-01-31,경상북도,경주시,황용동,황용동,153,86,67,154,87,67,1,1,0
4713014000,2024-01-31,경상북도,경주시,북군동,북군동,424,195,229,430,197,233,6,2,4
4713014100,2024-01-31,경상북도,경주시,손곡동,손곡동,114,55,59,115,55,60,1,0,1
4713014200,2024-01-31,경상북도,경주시,율동,율동,787,402,385,787,403,384,0,1,-1
4713014300,2024-01-31,경상북도,경주시,배동,배동,445,227,218,446,230,216,1,3,-2
4713014400,2024-01-31,경상북도,경주시,석장동,석장동,2043,1119,924,1973,1086,887,-70,-33,-37
4713025021,2024-01-31,경상북도,경주시,감포읍,대본리,561,266,295,556,262,294,-5,-4,-1
4713025022,2024-01-31,경상북도,경주시,감포읍,전동리,244,131,113,247,131,116,3,0,3
4713025023,2024-01-31,경상북도,경주시,감포읍,전촌리,388,192,196,387,193,194,-1,1,-2
4713025024,2024-01-31,경상북도,경주시,감포읍,나정리,311,152,159,309,150,159,-2,-2,0
4713025025,2024-01-31,경상북도,경주시,감포읍,오류리,888,448,440,874,442,432,-14,-6,-8
4713025026,2024-01-31,경상북도,경주시,감포읍,노동리,129,64,65,126,63,63,-3,-1,-2
4713025027,2024-01-31,경상북도,경주시,감포읍,팔조리,201,100,101,200,100,100,-1,0,-1
4713025028,2024-01-31,경상북도,경주시,감포읍,호동리,80,41,39,80,41,39,0,0,0
4713025029,2024-01-31,경상북도,경주시,감포읍,감포리,2451,1229,1222,2446,1225,1221,-5,-4,-1
4713025321,2024-01-31,경상북도,경주시,안강읍,검단리,314,169,145,314,170,144,0,1,-1
4713025322,2024-01-31,경상북도,경주시,안강읍,사방리,400,199,201,399,198,201,-1,-1,0
4713025323,2024-01-31,경상북도,경주시,안강읍,갑산리,267,135,132,265,133,132,-2,-2,0
4713025324,2024-01-31,경상북도,경주시,안강읍,대동리,173,86,87,173,86,87,0,0,0
4713025325,2024-01-31,경상북도,경주시,안강읍,근계리,861,432,429,865,436,429,4,4,0
4713025326,2024-01-31,경상북도,경주시,안강읍,육통리,620,318,302,622,318,304,2,0,2
4713025327,2024-01-31,경상북도,경주시,안강읍,노당리,383,192,191,385,193,192,2,1,1
4713025328,2024-01-31,경상북도,경주시,안강읍,옥산리,1000,518,482,1001,520,481,1,2,-1
4713025329,2024-01-31,경상북도,경주시,안강읍,두류리,265,134,131,267,133,134,2,-1,3
4713025330,2024-01-31,경상북도,경주시,안강읍,하곡리,189,97,92,188,98,90,-1,1,-2
4713025331,2024-01-31,경상북도,경주시,안강읍,강교리,208,101,107,205,100,105,-3,-1,-2
4713025332,2024-01-31,경상북도,경주시,안강읍,산대리,13973,6893,7080,13936,6874,7062,-37,-19,-18
4713025333,2024-01-31,경상북도,경주시,안강읍,안강리,1883,930,953,1868,927,941,-15,-3,-12
4713025334,2024-01-31,경상북도,경주시,안강읍,양월리,2379,1146,1233,2366,1142,1224,-13,-4,-9
4713025335,2024-01-31,경상북도,경주시,안강읍,청령리,284,146,138,280,142,138,-4,-4,0
4713025600,2024-01-31,경상북도,경주시,건천읍,건천읍,1,1,0,0,0,0,-1,-1,0
4713025621,2024-01-31,경상북도,경주시,건천읍,대곡리,357,195,162,357,192,165,0,-3,3
4713025622,2024-01-31,경상북도,경주시,건천읍,용명리,464,239,225,467,241,226,3,2,1
4713025623,2024-01-31,경상북도,경주시,건천읍,신평리,500,237,263,499,238,261,-1,1,-2
4713025624,2024-01-31,경상북도,경주시,건천읍,송선리,439,225,214,435,223,212,-4,-2,-2
4713025625,2024-01-31,경상북도,경주시,건천읍,천포리,1333,699,634,1312,689,623,-21,-10,-11
4713025626,2024-01-31,경상북도,경주시,건천읍,화천리,555,276,279,562,279,283,7,3,4
4713025627,2024-01-31,경상북도,경주시,건천읍,모량리,666,346,320,673,348,325,7,2,5
4713025628,2024-01-31,경상북도,경주시,건천읍,방내리,403,201,202,389,195,194,-14,-6,-8
4713025629,2024-01-31,경상북도,경주시,건천읍,조전리,700,359,341,697,358,339,-3,-1,-2
4713025630,2024-01-31,경상북도,경주시,건천읍,금척리,437,215,222,439,215,224,2,0,2
4713025631,2024-01-31,경상북도,경주시,건천읍,건천리,3146,1567,1579,3133,1562,1571,-13,-5,-8
4713025921,2024-01-31,경상북도,경주시,외동읍,입실리,5416,2918,2498,5411,2910,2501,-5,-8,3
4713025922,2024-01-31,경상북도,경주시,외동읍,모화리,9030,4719,4311,9002,4700,4302,-28,-19,-9
4713025923,2024-01-31,경상북도,경주시,외동읍,석계리,676,356,320,674,353,321,-2,-3,1
4713025924,2024-01-31,경상북도,경주시,외동읍,녹동리,316,169,147,318,171,147,2,2,0
4713025925,2024-01-31,경상북도,경주시,외동읍,냉천리,319,168,151,318,169,149,-1,1,-2
4713025926,2024-01-31,경상북도,경주시,외동읍,제내리,229,118,111,230,119,111,1,1,0
4713025927,2024-01-31,경상북도,경주시,외동읍,연안리,574,312,262,566,306,260,-8,-6,-2
4713025928,2024-01-31,경상북도,경주시,외동읍,개곡리,721,376,345,721,378,343,0,2,-2
4713025929,2024-01-31,경상북도,경주시,외동읍,활성리,337,177,160,338,177,161,1,0,1
4713025930,2024-01-31,경상북도,경주시,외동읍,말방리,320,156,164,320,154,166,0,-2,2
4713025931,2024-01-31,경상북도,경주시,외동읍,죽동리,255,133,122,252,132,120,-3,-1,-2
4713025932,2024-01-31,경상북도,경주시,외동읍,구어리,1118,609,509,1109,602,507,-9,-7,-2
4713025933,2024-01-31,경상북도,경주시,외동읍,방어리,427,213,214,427,214,213,0,1,-1
4713025934,2024-01-31,경상북도,경주시,외동읍,괘릉리,826,396,430,822,392,430,-4,-4,0
4713025935,2024-01-31,경상북도,경주시,외동읍,신계리,528,256,272,535,260,275,7,4,3
4713025936,2024-01-31,경상북도,경주시,외동읍,문산리,459,289,170,458,287,171,-1,-2,1
4713025937,2024-01-31,경상북도,경주시,외동읍,북토리,299,156,143,297,155,142,-2,-1,-1
4713031521,2024-01-31,경상북도,경주시,문무대왕면,어일리,1471,794,677,1467,790,677,-4,-4,0
4713031522,2024-01-31,경상북도,경주시,문무대왕면,입천리,240,123,117,242,124,118,2,1,1
4713031523,2024-01-31,경상북도,경주시,문무대왕면,두산리,101,55,46,102,56,46,1,1,0
4713031524,2024-01-31,경상북도,경주시,문무대왕면,송전리,199,89,110,200,89,111,1,0,1
4713031525,2024-01-31,경상북도,경주시,문무대왕면,죽전리,25,12,13,25,12,13,0,0,0
4713031526,2024-01-31,경상북도,경주시,문무대왕면,구길리,157,82,75,157,82,75,0,0,0
4713031527,2024-01-31,경상북도,경주시,문무대왕면,용당리,235,120,115,234,120,114,-1,0,-1
4713031528,2024-01-31,경상북도,경주시,문무대왕면,봉길리,288,147,141,283,142,141,-5,-5,0
4713031529,2024-01-31,경상북도,경주시,문무대왕면,권이리,72,35,37,74,36,38,2,1,1
4713031530,2024-01-31,경상북도,경주시,문무대왕면,호암리,103,59,44,103,59,44,0,0,0
4713031531,2024-01-31,경상북도,경주시,문무대왕면,용동리,392,196,196,395,198,197,3,2,1
4713031532,2024-01-31,경상북도,경주시,문무대왕면,와읍리,198,105,93,196,104,92,-2,-1,-1
4713031533,2024-01-31,경상북도,경주시,문무대왕면,안동리,284,150,134,280,148,132,-4,-2,-2
4713031534,2024-01-31,경상북도,경주시,문무대왕면,장항리,274,145,129,273,144,129,-1,-1,0
4713031535,2024-01-31,경상북도,경주시,문무대왕면,범곡리,118,63,55,117,63,54,-1,0,-1
4713032021,2024-01-31,경상북도,경주시,양남면,하서리,1118,579,539,1115,581,534,-3,2,-5
4713032022,2024-01-31,경상북도,경주시,양남면,수렴리,469,242,227,470,242,228,1,0,1
4713032023,2024-01-31,경상북도,경주시,양남면,신서리,297,147,150,298,149,149,1,2,-1
4713032024,2024-01-31,경상북도,경주시,양남면,서동리,142,71,71,139,71,68,-3,0,-3
4713032025,2024-01-31,경상북도,경주시,양남면,효동리,280,154,126,279,153,126,-1,-1,0
4713032026,2024-01-31,경상북도,경주시,양남면,상계리,240,131,109,241,131,110,1,0,1
4713032027,2024-01-31,경상북도,경주시,양남면,신대리,356,197,159,357,199,158,1,2,-1
4713032028,2024-01-31,경상북도,경주시,양남면,읍천리,1526,839,687,1529,837,692,3,-2,5
4713032029,2024-01-31,경상북도,경주시,양남면,석촌리,217,117,100,215,116,99,-2,-1,-1
4713032030,2024-01-31,경상북도,경주시,양남면,석읍리,135,59,76,133,59,74,-2,0,-2
4713032031,2024-01-31,경상북도,경주시,양남면,기구리,136,68,68,134,65,69,-2,-3,1
4713032032,2024-01-31,경상북도,경주시,양남면,환서리,303,158,145,304,158,146,1,0,1
4713032033,2024-01-31,경상북도,경주시,양남면,상라리,123,63,60,125,64,61,2,1,1
4713032034,2024-01-31,경상북도,경주시,양남면,나산리,366,200,166,365,200,165,-1,0,-1
4713032035,2024-01-31,경상북도,경주시,양남면,나아리,673,367,306,668,364,304,-5,-3,-2
4713033021,2024-01-31,경상북도,경주시,내남면,명계리,301,162,139,303,163,140,2,1,1
4713033022,2024-01-31,경상북도,경주시,내남면,노곡리,381,183,198,381,184,197,0,1,-1
4713033023,2024-01-31,경상북도,경주시,내남면,월산리,230,128,102,227,126,101,-3,-2,-1
4713033024,2024-01-31,경상북도,경주시,내남면,이조리,726,354,372,718,351,367,-8,-3,-5
4713033025,2024-01-31,경상북도,경주시,내남면,용장리,606,298,308,595,294,301,-11,-4,-7
4713033026,2024-01-31,경상북도,경주시,내남면,망성리,331,159,172,330,158,172,-1,-1,0
4713033027,2024-01-31,경상북도,경주시,내남면,화곡리,169,92,77,169,91,78,0,-1,1
4713033028,2024-01-31,경상북도,경주시,내남면,부지리,181,92,89,181,92,89,0,0,0
4713033029,2024-01-31,경상북도,경주시,내남면,덕천리,357,193,164,358,195,163,1,2,-1
4713033030,2024-01-31,경상북도,경주시,내남면,상신리,290,147,143,294,150,144,4,3,1
4713033031,2024-01-31,경상북도,경주시,내남면,안심리,304,149,155,302,149,153,-2,0,-2
4713033032,2024-01-31,경상북도,경주시,내남면,박달리,421,227,194,423,228,195,2,1,1
4713033033,2024-01-31,경상북도,경주시,내남면,비지리,237,116,121,238,116,122,1,0,1
4713034021,2024-01-31,경상북도,경주시,산내면,감산리,344,172,172,344,173,171,0,1,-1
4713034022,2024-01-31,경상북도,경주시,산내면,내칠리,185,94,91,188,97,91,3,3,0
4713034023,2024-01-31,경상북도,경주시,산내면,외칠리,287,138,149,285,138,147,-2,0,-2
4713034024,2024-01-31,경상북도,경주시,산내면,일부리,359,183,176,357,182,175,-2,-1,-1
4713034025,2024-01-31,경상북도,경주시,산내면,신원리,210,109,101,211,110,101,1,1,0
4713034026,2024-01-31,경상북도,경주시,산내면,의곡리,399,194,205,393,193,200,-6,-1,-5
4713034027,2024-01-31,경상북도,경주시,산내면,내일리,301,144,157,301,145,156,0,1,-1
4713034028,2024-01-31,경상북도,경주시,산내면,우라리,189,96,93,187,95,92,-2,-1,-1
4713034029,2024-01-31,경상북도,경주시,산내면,대현리,944,472,472,945,476,469,1,4,-3
4713035021,2024-01-31,경상북도,경주시,서면,천촌리,225,115,110,224,115,109,-1,0,-1
4713035022,2024-01-31,경상북도,경주시,서면,아화리,1169,573,596,1162,569,593,-7,-4,-3
4713035023,2024-01-31,경상북도,경주시,서면,도계리,241,118,123,239,116,123,-2,-2,0
4713035024,2024-01-31,경상북도,경주시,서면,도리,349,188,161,342,182,160,-7,-6,-1
4713035025,2024-01-31,경상북도,경주시,서면,서오리,266,141,125,262,141,121,-4,0,-4
4713035026,2024-01-31,경상북도,경주시,서면,심곡리,225,114,111,227,114,113,2,0,2
4713035027,2024-01-31,경상북도,경주시,서면,사라리,290,148,142,285,147,138,-5,-1,-4
4713035028,2024-01-31,경상북도,경주시,서면,운대리,266,136,130,269,139,130,3,3,0
4713036021,2024-01-31,경상북도,경주시,현곡면,라원리,1011,501,510,1006,501,505,-5,0,-5
4713036022,2024-01-31,경상북도,경주시,현곡면,소현리,495,245,250,499,247,252,4,2,2
4713036023,2024-01-31,경상북도,경주시,현곡면,하구리,7665,3866,3799,7649,3849,3800,-16,-17,1
4713036024,2024-01-31,경상북도,경주시,현곡면,상구리,492,232,260,490,230,260,-2,-2,0
4713036025,2024-01-31,경상북도,경주시,현곡면,무과리,168,87,81,168,87,81,0,0,0
4713036026,2024-01-31,경상북도,경주시,현곡면,남사리,159,84,75,159,84,75,0,0,0
4713036027,2024-01-31,경상북도,경주시,현곡면,금장리,10144,4840,5304,10166,4862,5304,22,22,0
4713036028,2024-01-31,경상북도,경주시,현곡면,래태리,240,131,109,236,128,108,-4,-3,-1
4713036029,2024-01-31,경상북도,경주시,현곡면,가정리,363,178,185,361,178,183,-2,0,-2
4713036030,2024-01-31,경상북도,경주시,현곡면,오류리,545,271,274,544,271,273,-1,0,-1
4713037021,2024-01-31,경상북도,경주시,강동면,모서리,398,188,210,391,183,208,-7,-5,-2
4713037022,2024-01-31,경상북도,경주시,강동면,호명리,233,120,113,229,119,110,-4,-1,-3
4713037023,2024-01-31,경상북도,경주시,강동면,안계리,273,155,118,272,155,117,-1,0,-1
4713037024,2024-01-31,경상북도,경주시,강동면,다산리,320,158,162,321,158,163,1,0,1
4713037025,2024-01-31,경상북도,경주시,강동면,단구리,364,193,171,363,192,171,-1,-1,0
4713037026,2024-01-31,경상북도,경주시,강동면,유금리,2716,1393,1323,2719,1395,1324,3,2,1
4713037027,2024-01-31,경상북도,경주시,강동면,오금리,341,174,167,341,174,167,0,0,0
4713037028,2024-01-31,경상북도,경주시,강동면,왕신리,412,222,190,412,219,193,0,-3,3
4713037029,2024-01-31,경상북도,경주시,강동면,국당리,437,210,227,439,210,229,2,0,2
4713037030,2024-01-31,경상북도,경주시,강동면,인동리,349,180,169,349,181,168,0,1,-1
4713037031,2024-01-31,경상북도,경주시,강동면,양동리,213,111,102,215,112,103,2,1,1
4713038021,2024-01-31,경상북도,경주시,천북면,물천리,544,276,268,539,273,266,-5,-3,-2
4713038022,2024-01-31,경상북도,경주시,천북면,덕산리,153,80,73,153,80,73,0,0,0
4713038023,2024-01-31,경상북도,경주시,천북면,갈곡리,327,173,154,324,170,154,-3,-3,0
4713038024,2024-01-31,경상북도,경주시,천북면,성지리,410,212,198,408,213,195,-2,1,-3
4713038025,2024-01-31,경상북도,경주시,천북면,동산리,1975,999,976,1976,1001,975,1,2,-1
4713038026,2024-01-31,경상북도,경주시,천북면,화산리,456,246,210,459,247,212,3,1,2
4713038027,2024-01-31,경상북도,경주시,천북면,오야리,372,216,156,374,216,158,2,0,2
4713038028,2024-01-31,경상북도,경주시,천북면,모아리,767,416,351,769,417,352,2,1,1
4713038029,2024-01-31,경상북도,경주시,천북면,신당리,703,374,329,702,376,326,-1,2,-3
4715010100,2024-01-31,경상북도,김천시,감호동,감호동,399,199,200,391,193,198,-8,-6,-2
4715010200,2024-01-31,경상북도,김천시,용두동,용두동,697,339,358,697,340,357,0,1,-1
4715010300,2024-01-31,경상북도,김천시,모암동,모암동,2840,1465,1375,2850,1472,1378,10,7,3
4715010400,2024-01-31,경상북도,김천시,성내동,성내동,2245,1111,1134,2235,1105,1130,-10,-6,-4
4715010500,2024-01-31,경상북도,김천시,평화동,평화동,5409,2650,2759,5407,2646,2761,-2,-4,2
4715010600,2024-01-31,경상북도,김천시,남산동,남산동,1722,839,883,1715,834,881,-7,-5,-2
4715010700,2024-01-31,경상북도,김천시,황금동,황금동,2858,1379,1479,2850,1375,1475,-8,-4,-4
4715010800,2024-01-31,경상북도,김천시,신음동,신음동,15851,7780,8071,15839,7770,8069,-12,-10,-2
4715010900,2024-01-31,경상북도,김천시,교동,교동,3017,1466,1551,3015,1459,1556,-2,-7,5
4715011000,2024-01-31,경상북도,김천시,삼락동,삼락동,2913,1434,1479,2883,1420,1463,-30,-14,-16
4715011100,2024-01-31,경상북도,김천시,문당동,문당동,384,190,194,385,192,193,1,2,-1
4715011200,2024-01-31,경상북도,김천시,다수동,다수동,1069,536,533,1066,536,530,-3,0,-3
4715011300,2024-01-31,경상북도,김천시,백옥동,백옥동,893,442,451,888,437,451,-5,-5,0
4715011400,2024-01-31,경상북도,김천시,부곡동,부곡동,17669,8902,8767,17694,8951,8743,25,49,-24
4715011500,2024-01-31,경상북도,김천시,지좌동,지좌동,4393,2198,2195,4380,2196,2184,-13,-2,-11
4715011600,2024-01-31,경상북도,김천시,덕곡동,덕곡동,6437,3360,3077,6420,3346,3074,-17,-14,-3
4715011700,2024-01-31,경상북도,김천시,대광동,대광동,872,452,420,872,452,420,0,0,0
4715011800,2024-01-31,경상북도,김천시,응명동,응명동,1419,769,650,1405,760,645,-14,-9,-5
4715011900,2024-01-31,경상북도,김천시,양천동,양천동,792,399,393,793,399,394,1,0,1
4715012000,2024-01-31,경상북도,김천시,율곡동,율곡동,23627,11866,11761,23541,11830,11711,-86,-36,-50
4715025021,2024-01-31,경상북도,김천시,아포읍,인리,590,302,288,587,296,291,-3,-6,3
4715025022,2024-01-31,경상북도,김천시,아포읍,의리,435,221,214,440,224,216,5,3,2
4715025023,2024-01-31,경상북도,김천시,아포읍,예리,274,139,135,275,138,137,1,-1,2
4715025024,2024-01-31,경상북도,김천시,아포읍,지리,292,139,153,293,139,154,1,0,1
4715025025,2024-01-31,경상북도,김천시,아포읍,대신리,566,283,283,563,281,282,-3,-2,-1
4715025026,2024-01-31,경상북도,김천시,아포읍,봉산리,416,205,211,410,203,207,-6,-2,-4
4715025027,2024-01-31,경상북도,김천시,아포읍,제석리,511,268,243,516,271,245,5,3,2
4715025028,2024-01-31,경상북도,김천시,아포읍,국사리,2586,1282,1304,2582,1285,1297,-4,3,-7
4715025029,2024-01-31,경상북도,김천시,아포읍,송천리,1809,921,888,1799,915,884,-10,-6,-4
4715025030,2024-01-31,경상북도,김천시,아포읍,대성리,232,109,123,231,108,123,-1,-1,0
4715031021,2024-01-31,경상북도,김천시,농소면,입석리,362,197,165,365,200,165,3,3,0
4715031022,2024-01-31,경상북도,김천시,농소면,신촌리,430,217,213,421,212,209,-9,-5,-4
4715031023,2024-01-31,경상북도,김천시,농소면,월곡리,835,454,381,833,452,381,-2,-2,0
4715031024,2024-01-31,경상북도,김천시,농소면,용암리,643,330,313,639,330,309,-4,0,-4
4715031025,2024-01-31,경상북도,김천시,농소면,봉곡리,433,221,212,434,224,210,1,3,-2
4715031026,2024-01-31,경상북도,김천시,농소면,연명리,247,121,126,248,121,127,1,0,1
4715031027,2024-01-31,경상북도,김천시,농소면,노곡리,161,81,80,163,83,80,2,2,0
4715032021,2024-01-31,경상북도,김천시,남면,옥산리,392,206,186,387,206,181,-5,0,-5
4715032022,2024-01-31,경상북도,김천시,남면,운곡리,360,183,177,361,183,178,1,0,1
4715032023,2024-01-31,경상북도,김천시,남면,송곡리,234,125,109,232,123,109,-2,-2,0
4715032024,2024-01-31,경상북도,김천시,남면,월명리,360,154,206,360,155,205,0,1,-1
4715032025,2024-01-31,경상북도,김천시,남면,부상리,335,180,155,339,181,158,4,1,3
4715032026,2024-01-31,경상북도,김천시,남면,오봉리,294,158,136,293,157,136,-1,-1,0
4715032027,2024-01-31,경상북도,김천시,남면,봉천리,442,239,203,442,237,205,0,-2,2
4715032028,2024-01-31,경상북도,김천시,남면,초곡리,249,130,119,250,131,119,1,1,0
4715032030,2024-01-31,경상북도,김천시,남면,운남리,311,158,153,303,155,148,-8,-3,-5
4715034021,2024-01-31,경상북도,김천시,개령면,황계리,408,209,199,406,208,198,-2,-1,-1
4715034022,2024-01-31,경상북도,김천시,개령면,신룡리,423,214,209,426,214,212,3,0,3
4715034023,2024-01-31,경상북도,김천시,개령면,덕촌리,215,101,114,215,102,113,0,1,-1
4715034024,2024-01-31,경상북도,김천시,개령면,서부리,249,132,117,248,132,116,-1,0,-1
4715034025,2024-01-31,경상북도,김천시,개령면,동부리,329,168,161,329,171,158,0,3,-3
4715034026,2024-01-31,경상북도,김천시,개령면,양천리,233,118,115,230,119,111,-3,1,-4
4715034027,2024-01-31,경상북도,김천시,개령면,광천리,255,124,131,257,126,131,2,2,0
4715034028,2024-01-31,경상북도,김천시,개령면,남전리,185,102,83,186,104,82,1,2,-1
4715035021,2024-01-31,경상북도,김천시,감문면,보광리,154,82,72,154,82,72,0,0,0
4715035022,2024-01-31,경상북도,김천시,감문면,금라리,236,114,122,238,115,123,2,1,1
4715035023,2024-01-31,경상북도,김천시,감문면,구야리,198,94,104,201,97,104,3,3,0
4715035024,2024-01-31,경상북도,김천시,감문면,은림리,200,99,101,200,99,101,0,0,0
4715035025,2024-01-31,경상북도,김천시,감문면,도명리,119,59,60,119,59,60,0,0,0
4715035026,2024-01-31,경상북도,김천시,감문면,문무리,196,82,114,192,81,111,-4,-1,-3
4715035027,2024-01-31,경상북도,김천시,감문면,남곡리,267,130,137,266,130,136,-1,0,-1
4715035028,2024-01-31,경상북도,김천시,감문면,송북리,122,72,50,122,72,50,0,0,0
4715035029,2024-01-31,경상북도,김천시,감문면,금곡리,171,91,80,172,91,81,1,0,1
4715035030,2024-01-31,경상북도,김천시,감문면,삼성리,247,122,125,247,123,124,0,1,-1
4715035031,2024-01-31,경상북도,김천시,감문면,광덕리,246,138,108,247,139,108,1,1,0
4715035032,2024-01-31,경상북도,김천시,감문면,덕남리,299,152,147,295,149,146,-4,-3,-1
4715035033,2024-01-31,경상북도,김천시,감문면,태촌리,361,178,183,361,179,182,0,1,-1
4715035034,2024-01-31,경상북도,김천시,감문면,성촌리,182,89,93,181,88,93,-1,-1,0
4715035035,2024-01-31,경상북도,김천시,감문면,대양리,178,85,93,179,85,94,1,0,1
4715036021,2024-01-31,경상북도,김천시,어모면,중왕리,1156,586,570,1148,583,565,-8,-3,-5
4715036022,2024-01-31,경상북도,김천시,어모면,옥율리,311,166,145,316,169,147,5,3,2
4715036023,2024-01-31,경상북도,김천시,어모면,남산리,395,215,180,391,214,177,-4,-1,-3
4715036024,2024-01-31,경상북도,김천시,어모면,다남리,221,113,108,220,112,108,-1,-1,0
4715036025,2024-01-31,경상북도,김천시,어모면,군자리,121,66,55,118,63,55,-3,-3,0
4715036026,2024-01-31,경상북도,김천시,어모면,덕마리,119,62,57,121,64,57,2,2,0
4715036027,2024-01-31,경상북도,김천시,어모면,구례리,236,115,121,238,116,122,2,1,1
4715036028,2024-01-31,경상북도,김천시,어모면,옥계리,144,82,62,149,85,64,5,3,2
4715036029,2024-01-31,경상북도,김천시,어모면,능치리,599,296,303,600,298,302,1,2,-1
4715036030,2024-01-31,경상북도,김천시,어모면,도암리,318,161,157,322,162,160,4,1,3
4715036031,2024-01-31,경상북도,김천시,어모면,은기리,187,91,96,185,90,95,-2,-1,-1
4715036032,2024-01-31,경상북도,김천시,어모면,동좌리,221,107,114,220,107,113,-1,0,-1
4715037021,2024-01-31,경상북도,김천시,봉산면,신리,288,148,140,283,146,137,-5,-2,-3
4715037022,2024-01-31,경상북도,김천시,봉산면,인의리,341,186,155,337,182,155,-4,-4,0
4715037023,2024-01-31,경상북도,김천시,봉산면,예지리,523,258,265,522,255,267,-1,-3,2
4715037024,2024-01-31,경상북도,김천시,봉산면,덕천리,492,255,237,490,253,237,-2,-2,0
4715037025,2024-01-31,경상북도,김천시,봉산면,태화리,413,216,197,407,211,196,-6,-5,-1
4715037026,2024-01-31,경상북도,김천시,봉산면,상금리,266,140,126,265,139,126,-1,-1,0
4715037027,2024-01-31,경상북도,김천시,봉산면,신암리,364,198,166,360,197,163,-4,-1,-3
4715037028,2024-01-31,경상북도,김천시,봉산면,광천리,231,124,107,231,124,107,0,0,0
4715038021,2024-01-31,경상북도,김천시,대항면,향천리,822,401,421,819,399,420,-3,-2,-1
4715038022,2024-01-31,경상북도,김천시,대항면,운수리,367,203,164,362,202,160,-5,-1,-4
4715038023,2024-01-31,경상북도,김천시,대항면,주례리,155,94,61,155,94,61,0,0,0
4715038024,2024-01-31,경상북도,김천시,대항면,대성리,155,83,72,158,85,73,3,2,1
4715038025,2024-01-31,경상북도,김천시,대항면,덕전리,786,397,389,790,398,392,4,1,3
4715038026,2024-01-31,경상북도,김천시,대항면,대룡리,528,261,267,526,259,267,-2,-2,0
4715038027,2024-01-31,경상북도,김천시,대항면,복전리,489,250,239,489,250,239,0,0,0
4715039021,2024-01-31,경상북도,김천시,감천면,용호리,281,142,139,278,143,135,-3,1,-4
4715039022,2024-01-31,경상북도,김천시,감천면,무안리,321,169,152,323,169,154,2,0,2
4715039023,2024-01-31,경상북도,김천시,감천면,도평리,325,168,157,330,170,160,5,2,3
4715039024,2024-01-31,경상북도,김천시,감천면,광기리,504,262,242,502,263,239,-2,1,-3
4715039025,2024-01-31,경상북도,김천시,감천면,금송리,384,193,191,383,192,191,-1,-1,0
4715040021,2024-01-31,경상북도,김천시,조마면,신안리,451,229,222,448,226,222,-3,-3,0
4715040022,2024-01-31,경상북도,김천시,조마면,장암리,288,137,151,290,138,152,2,1,1
4715040023,2024-01-31,경상북도,김천시,조마면,강곡리,367,195,172,365,193,172,-2,-2,0
4715040024,2024-01-31,경상북도,김천시,조마면,신곡리,206,106,100,207,107,100,1,1,0
4715040025,2024-01-31,경상북도,김천시,조마면,삼산리,159,83,76,161,85,76,2,2,0
4715040026,2024-01-31,경상북도,김천시,조마면,신왕리,291,145,146,291,145,146,0,0,0
4715040027,2024-01-31,경상북도,김천시,조마면,대방리,383,186,197,382,187,195,-1,1,-2
4715041000,2024-01-31,경상북도,김천시,구성면,구성면,5,2,3,0,0,0,-5,-2,-3
4715041021,2024-01-31,경상북도,김천시,구성면,하강리,257,131,126,256,132,124,-1,1,-2
4715041022,2024-01-31,경상북도,김천시,구성면,양각리,320,168,152,325,169,156,5,1,4
4715041023,2024-01-31,경상북도,김천시,구성면,흥평리,184,95,89,183,95,88,-1,0,-1
4715041024,2024-01-31,경상북도,김천시,구성면,송죽리,229,109,120,231,109,122,2,0,2
4715041025,2024-01-31,경상북도,김천시,구성면,광명리,246,120,126,247,121,126,1,1,0
4715041026,2024-01-31,경상북도,김천시,구성면,금평리,173,83,90,179,86,93,6,3,3
4715041027,2024-01-31,경상북도,김천시,구성면,구미리,105,51,54,102,49,53,-3,-2,-1
4715041028,2024-01-31,경상북도,김천시,구성면,임평리,42,19,23,42,19,23,0,0,0
4715041029,2024-01-31,경상북도,김천시,구성면,임천리,100,51,49,99,51,48,-1,0,-1
4715041030,2024-01-31,경상북도,김천시,구성면,월계리,85,42,43,85,42,43,0,0,0
4715041031,2024-01-31,경상북도,김천시,구성면,마산리,96,45,51,95,45,50,-1,0,-1
4715041032,2024-01-31,경상북도,김천시,구성면,작내리,96,47,49,91,43,48,-5,-4,-1
4715041033,2024-01-31,경상북도,김천시,구성면,용호리,110,55,55,106,53,53,-4,-2,-2
4715041034,2024-01-31,경상북도,김천시,구성면,상거리,135,62,73,136,62,74,1,0,1
4715041035,2024-01-31,경상북도,김천시,구성면,상원리,138,69,69,138,69,69,0,0,0
4715041036,2024-01-31,경상북도,김천시,구성면,미평리,145,79,66,144,78,66,-1,-1,0
4715041037,2024-01-31,경상북도,김천시,구성면,상좌원리,218,108,110,218,108,110,0,0,0
4715042021,2024-01-31,경상북도,김천시,지례면,교리,300,148,152,297,146,151,-3,-2,-1
4715042022,2024-01-31,경상북도,김천시,지례면,상부리,256,127,129,255,127,128,-1,0,-1
4715042023,2024-01-31,경상북도,김천시,지례면,대율리,96,49,47,93,51,42,-3,2,-5
4715042024,2024-01-31,경상북도,김천시,지례면,거물리,56,31,25,55,31,24,-1,0,-1
4715042025,2024-01-31,경상북도,김천시,지례면,도곡리,164,80,84,162,79,83,-2,-1,-1
4715042026,2024-01-31,경상북도,김천시,지례면,관덕리,131,75,56,129,75,54,-2,0,-2
4715042027,2024-01-31,경상북도,김천시,지례면,신평리,141,72,69,136,70,66,-5,-2,-3
4715042028,2024-01-31,경상북도,김천시,지례면,이전리,88,45,43,85,44,41,-3,-1,-2
4715042029,2024-01-31,경상북도,김천시,지례면,울곡리,117,55,62,117,55,62,0,0,0
4715042030,2024-01-31,경상북도,김천시,지례면,여배리,94,45,49,93,44,49,-1,-1,0
4715043021,2024-01-31,경상북도,김천시,부항면,신옥리,31,18,13,31,18,13,0,0,0
4715043022,2024-01-31,경상북도,김천시,부항면,유촌리,6,4,2,6,4,2,0,0,0
4715043023,2024-01-31,경상북도,김천시,부항면,지좌리,59,27,32,59,27,32,0,0,0
4715043024,2024-01-31,경상북도,김천시,부항면,사등리,176,91,85,173,90,83,-3,-1,-2
4715043025,2024-01-31,경상북도,김천시,부항면,월곡리,157,72,85,158,73,85,1,1,0
4715043026,2024-01-31,경상북도,김천시,부항면,어전리,124,63,61,124,63,61,0,0,0
4715043027,2024-01-31,경상북도,김천시,부항면,하대리,145,73,72,146,74,72,1,1,0
4715043028,2024-01-31,경상북도,김천시,부항면,해인리,68,32,36,68,32,36,0,0,0
4715043029,2024-01-31,경상북도,김천시,부항면,대야리,118,65,53,118,65,53,0,0,0
4715043030,2024-01-31,경상북도,김천시,부항면,파천리,136,67,69,135,67,68,-1,0,-1
4715043031,2024-01-31,경상북도,김천시,부항면,안간리,66,41,25,67,41,26,1,0,1
4715043032,2024-01-31,경상북도,김천시,부항면,두산리,45,19,26,45,19,26,0,0,0
4715043033,2024-01-31,경상북도,김천시,부항면,희곡리,96,44,52,96,44,52,0,0,0
4715044021,2024-01-31,경상북도,김천시,대덕면,연화리,181,89,92,183,90,93,2,1,1
4715044022,2024-01-31,경상북도,김천시,대덕면,덕산리,137,72,65,135,71,64,-2,-1,-1
4715044023,2024-01-31,경상북도,김천시,대덕면,외감리,83,48,35,84,48,36,1,0,1
4715044024,2024-01-31,경상북도,김천시,대덕면,내감리,62,32,30,63,33,30,1,1,0
4715044025,2024-01-31,경상북도,김천시,대덕면,가례리,170,82,88,171,83,88,1,1,0
4715044026,2024-01-31,경상북도,김천시,대덕면,조룡리,176,81,95,176,82,94,0,1,-1
4715044027,2024-01-31,경상북도,김천시,대덕면,추량리,135,60,75,135,60,75,0,0,0
4715044028,2024-01-31,경상북도,김천시,대덕면,관기리,701,343,358,700,342,358,-1,-1,0
4715044029,2024-01-31,경상북도,김천시,대덕면,화전리,207,102,105,213,106,107,6,4,2
4715044030,2024-01-31,경상북도,김천시,대덕면,문의리,77,36,41,75,34,41,-2,-2,0
4715044031,2024-01-31,경상북도,김천시,대덕면,대리,121,64,57,121,64,57,0,0,0
4715044032,2024-01-31,경상북도,김천시,대덕면,중산리,153,80,73,152,79,73,-1,-1,0
4715045021,2024-01-31,경상북도,김천시,증산면,황항리,61,33,28,60,32,28,-1,-1,0
4715045022,2024-01-31,경상북도,김천시,증산면,부항리,90,43,47,90,43,47,0,0,0
4715045023,2024-01-31,경상북도,김천시,증산면,동안리,93,40,53,92,40,52,-1,0,-1
4715045024,2024-01-31,경상북도,김천시,증산면,황정리,71,30,41,76,32,44,5,2,3
4715045025,2024-01-31,경상북도,김천시,증산면,평촌리,167,62,105,168,64,104,1,2,-1
4715045026,2024-01-31,경상북도,김천시,증산면,수도리,67,47,20,64,45,19,-3,-2,-1
4715045027,2024-01-31,경상북도,김천시,증산면,유성리,134,64,70,128,62,66,-6,-2,-4
4715045028,2024-01-31,경상북도,김천시,증산면,금곡리,104,55,49,103,55,48,-1,0,-1
4715045029,2024-01-31,경상북도,김천시,증산면,장전리,117,57,60,121,59,62,4,2,2
4715045030,2024-01-31,경상북도,김천시,증산면,황점리,68,40,28,67,40,27,-1,0,-1
4717010100,2024-01-31,경상북도,안동시,삼산동,삼산동,114,58,56,110,55,55,-4,-3,-1
4717010200,2024-01-31,경상북도,안동시,서부동,서부동,155,76,79,153,76,77,-2,0,-2
4717010300,2024-01-31,경상북도,안동시,북문동,북문동,141,66,75,136,65,71,-5,-1,-4
4717010400,2024-01-31,경상북도,안동시,명륜동,명륜동,283,126,157,290,129,161,7,3,4
4717010500,2024-01-31,경상북도,안동시,신안동,신안동,1048,481,567,1039,477,562,-9,-4,-5
4717010600,2024-01-31,경상북도,안동시,율세동,율세동,321,167,154,318,168,150,-3,1,-4
4717010700,2024-01-31,경상북도,안동시,옥정동,옥정동,341,164,177,334,161,173,-7,-3,-4
4717010800,2024-01-31,경상북도,안동시,신세동,신세동,468,229,239,457,222,235,-11,-7,-4
4717010900,2024-01-31,경상북도,안동시,법흥동,법흥동,1374,701,673,1378,700,678,4,-1,5
4717011000,2024-01-31,경상북도,안동시,용상동,용상동,20850,10169,10681,20949,10214,10735,99,45,54
4717011100,2024-01-31,경상북도,안동시,동문동,동문동,191,106,85,184,101,83,-7,-5,-2
4717011200,2024-01-31,경상북도,안동시,동부동,동부동,268,120,148,276,125,151,8,5,3
4717011300,2024-01-31,경상북도,안동시,운흥동,운흥동,684,314,370,678,310,368,-6,-4,-2
4717011400,2024-01-31,경상북도,안동시,천리동,천리동,267,125,142,262,122,140,-5,-3,-2
4717011500,2024-01-31,경상북도,안동시,남부동,남부동,89,45,44,90,46,44,1,1,0
4717011600,2024-01-31,경상북도,안동시,남문동,남문동,242,115,127,239,113,126,-3,-2,-1
4717011700,2024-01-31,경상북도,안동시,안흥동,안흥동,588,279,309,589,280,309,1,1,0
4717011800,2024-01-31,경상북도,안동시,대석동,대석동,224,109,115,225,109,116,1,0,1
4717011900,2024-01-31,경상북도,안동시,옥야동,옥야동,774,364,410,775,366,409,1,2,-1
4717012000,2024-01-31,경상북도,안동시,광석동,광석동,385,185,200,383,186,197,-2,1,-3
4717012100,2024-01-31,경상북도,안동시,당북동,당북동,3656,1771,1885,3662,1777,1885,6,6,0
4717012200,2024-01-31,경상북도,안동시,태화동,태화동,12359,6108,6251,12349,6108,6241,-10,0,-10
4717012300,2024-01-31,경상북도,안동시,화성동,화성동,456,217,239,450,214,236,-6,-3,-3
4717012400,2024-01-31,경상북도,안동시,목성동,목성동,125,62,63,124,61,63,-1,-1,0
4717012500,2024-01-31,경상북도,안동시,법상동,법상동,944,448,496,942,446,496,-2,-2,0
4717012600,2024-01-31,경상북도,안동시,금곡동,금곡동,1366,632,734,1355,625,730,-11,-7,-4
4717012700,2024-01-31,경상북도,안동시,평화동,평화동,2952,1414,1538,2938,1410,1528,-14,-4,-10
4717012800,2024-01-31,경상북도,안동시,안기동,안기동,5444,2697,2747,5463,2710,2753,19,13,6
4717012900,2024-01-31,경상북도,안동시,운안동,운안동,3011,1460,1551,3016,1460,1556,5,0,5
4717013000,2024-01-31,경상북도,안동시,성곡동,성곡동,218,110,108,220,112,108,2,2,0
4717013100,2024-01-31,경상북도,안동시,상아동,상아동,164,86,78,165,87,78,1,1,0
4717013200,2024-01-31,경상북도,안동시,안막동,안막동,3225,1564,1661,3214,1562,1652,-11,-2,-9
4717013300,2024-01-31,경상북도,안동시,옥동,옥동,20587,9717,10870,20571,9718,10853,-16,1,-17
4717013400,2024-01-31,경상북도,안동시,이천동,이천동,525,262,263,521,261,260,-4,-1,-3
4717013500,2024-01-31,경상북도,안동시,노하동,노하동,1240,618,622,1255,622,633,15,4,11
4717013600,2024-01-31,경상북도,안동시,송현동,송현동,14374,6996,7378,14287,6953,7334,-87,-43,-44
4717013700,2024-01-31,경상북도,안동시,송천동,송천동,1746,1013,733,1711,988,723,-35,-25,-10
4717013800,2024-01-31,경상북도,안동시,석동동,석동동,130,74,56,131,75,56,1,1,0
4717013900,2024-01-31,경상북도,안동시,정상동,정상동,583,296,287,592,301,291,9,5,4
4717014000,2024-01-31,경상북도,안동시,정하동,정하동,8281,4062,4219,8268,4054,4214,-13,-8,-5
4717014100,2024-01-31,경상북도,안동시,수상동,수상동,1296,632,664,1296,636,660,0,4,-4
4717014200,2024-01-31,경상북도,안동시,수하동,수하동,289,152,137,288,151,137,-1,-1,0
4717025021,2024-01-31,경상북도,안동시,풍산읍,안교리,1247,603,644,1239,596,643,-8,-7,-1
4717025022,2024-01-31,경상북도,안동시,풍산읍,상리리,460,248,212,462,248,214,2,0,2
4717025023,2024-01-31,경상북도,안동시,풍산읍,하리리,595,302,293,591,300,291,-4,-2,-2
4717025024,2024-01-31,경상북도,안동시,풍산읍,마애리,163,76,87,159,72,87,-4,-4,0
4717025025,2024-01-31,경상북도,안동시,풍산읍,수리,303,154,149,300,153,147,-3,-1,-2
4717025026,2024-01-31,경상북도,안동시,풍산읍,회곡리,147,73,74,144,71,73,-3,-2,-1
4717025027,2024-01-31,경상북도,안동시,풍산읍,계평리,207,98,109,208,97,111,1,-1,2
4717025028,2024-01-31,경상북도,안동시,풍산읍,막곡리,315,160,155,316,161,155,1,1,0
4717025029,2024-01-31,경상북도,안동시,풍산읍,수곡리,203,91,112,207,93,114,4,2,2
4717025030,2024-01-31,경상북도,안동시,풍산읍,노리,223,111,112,222,110,112,-1,-1,0
4717025031,2024-01-31,경상북도,안동시,풍산읍,죽전리,185,88,97,187,89,98,2,1,1
4717025032,2024-01-31,경상북도,안동시,풍산읍,만운리,115,63,52,115,64,51,0,1,-1
4717025033,2024-01-31,경상북도,안동시,풍산읍,서미리,119,56,63,119,57,62,0,1,-1
4717025034,2024-01-31,경상북도,안동시,풍산읍,신양리,272,142,130,272,142,130,0,0,0
4717025035,2024-01-31,경상북도,안동시,풍산읍,현애리,108,59,49,107,58,49,-1,-1,0
4717025036,2024-01-31,경상북도,안동시,풍산읍,오미리,278,147,131,277,147,130,-1,0,-1
4717025037,2024-01-31,경상북도,안동시,풍산읍,괴정리,295,150,145,293,150,143,-2,0,-2
4717025038,2024-01-31,경상북도,안동시,풍산읍,매곡리,459,254,205,461,254,207,2,0,2
4717025039,2024-01-31,경상북도,안동시,풍산읍,소산리,383,194,189,377,191,186,-6,-3,-3
4717031021,2024-01-31,경상북도,안동시,와룡면,중가구리,269,137,132,269,137,132,0,0,0
4717031022,2024-01-31,경상북도,안동시,와룡면,가구리,556,268,288,559,271,288,3,3,0
4717031023,2024-01-31,경상북도,안동시,와룡면,산야리,216,115,101,217,115,102,1,0,1
4717031024,2024-01-31,경상북도,안동시,와룡면,주계리,195,101,94,195,101,94,0,0,0
4717031025,2024-01-31,경상북도,안동시,와룡면,가야리,166,87,79,172,92,80,6,5,1
4717031026,2024-01-31,경상북도,안동시,와룡면,지내리,305,159,146,305,158,147,0,-1,1
4717031027,2024-01-31,경상북도,안동시,와룡면,태리,403,211,192,403,209,194,0,-2,2
4717031028,2024-01-31,경상북도,안동시,와룡면,서지리,159,81,78,158,80,78,-1,-1,0
4717031029,2024-01-31,경상북도,안동시,와룡면,이하리,267,131,136,266,131,135,-1,0,-1
4717031030,2024-01-31,경상북도,안동시,와룡면,이상리,174,93,81,176,93,83,2,0,2
4717031031,2024-01-31,경상북도,안동시,와룡면,주하리,191,100,91,189,99,90,-2,-1,-1
4717031032,2024-01-31,경상북도,안동시,와룡면,감애리,337,168,169,333,167,166,-4,-1,-3
4717031033,2024-01-31,경상북도,안동시,와룡면,서현리,110,60,50,110,60,50,0,0,0
4717031034,2024-01-31,경상북도,안동시,와룡면,라소리,165,93,72,163,91,72,-2,-2,0
4717031035,2024-01-31,경상북도,안동시,와룡면,가류리,87,47,40,84,45,39,-3,-2,-1
4717031036,2024-01-31,경상북도,안동시,와룡면,도곡리,51,29,22,62,35,27,11,6,5
4717031037,2024-01-31,경상북도,안동시,와룡면,절강리,12,7,5,0,0,0,-12,-7,-5
4717031038,2024-01-31,경상북도,안동시,와룡면,오천리,219,118,101,218,116,102,-1,-2,1
4717032021,2024-01-31,경상북도,안동시,북후면,옹천리,695,333,362,683,326,357,-12,-7,-5
4717032022,2024-01-31,경상북도,안동시,북후면,장기리,168,87,81,168,87,81,0,0,0
4717032023,2024-01-31,경상북도,안동시,북후면,도촌리,463,288,175,462,287,175,-1,-1,0
4717032024,2024-01-31,경상북도,안동시,북후면,오산리,173,93,80,177,95,82,4,2,2
4717032025,2024-01-31,경상북도,안동시,북후면,도진리,150,73,77,149,73,76,-1,0,-1
4717032026,2024-01-31,경상북도,안동시,북후면,물한리,143,75,68,144,76,68,1,1,0
4717032027,2024-01-31,경상북도,안동시,북후면,연곡리,224,111,113,226,113,113,2,2,0
4717032028,2024-01-31,경상북도,안동시,북후면,두산리,191,95,96,191,95,96,0,0,0
4717032029,2024-01-31,경상북도,안동시,북후면,신전리,159,85,74,157,84,73,-2,-1,-1
4717032030,2024-01-31,경상북도,안동시,북후면,월전리,225,119,106,224,119,105,-1,0,-1
4717032031,2024-01-31,경상북도,안동시,북후면,석탑리,113,60,53,112,59,53,-1,-1,0
4717032032,2024-01-31,경상북도,안동시,북후면,대현리,86,38,48,87,38,49,1,0,1
4717033021,2024-01-31,경상북도,안동시,서후면,광평리,240,124,116,239,124,115,-1,0,-1
4717033022,2024-01-31,경상북도,안동시,서후면,저전리,350,174,176,346,172,174,-4,-2,-2
4717033023,2024-01-31,경상북도,안동시,서후면,태장리,231,121,110,232,121,111,1,0,1
4717033024,2024-01-31,경상북도,안동시,서후면,이송천리,417,226,191,415,225,190,-2,-1,-1
4717033025,2024-01-31,경상북도,안동시,서후면,금계리,297,147,150,295,145,150,-2,-2,0
4717033026,2024-01-31,경상북도,안동시,서후면,성곡리,269,149,120,268,148,120,-1,-1,0
4717033027,2024-01-31,경상북도,안동시,서후면,이개리,182,90,92,182,90,92,0,0,0
4717033028,2024-01-31,경상북도,안동시,서후면,교리,333,183,150,324,178,146,-9,-5,-4
4717033029,2024-01-31,경상북도,안동시,서후면,명리,733,382,351,734,388,346,1,6,-5
4717033030,2024-01-31,경상북도,안동시,서후면,대두서리,200,105,95,204,108,96,4,3,1
4717033032,2024-01-31,경상북도,안동시,서후면,재품리,212,124,88,210,123,87,-2,-1,-1
4717034021,2024-01-31,경상북도,안동시,풍천면,갈전리,4128,2124,2004,4147,2127,2020,19,3,16
4717034022,2024-01-31,경상북도,안동시,풍천면,도양리,300,152,148,297,151,146,-3,-1,-2
4717034023,2024-01-31,경상북도,안동시,풍천면,구담리,495,233,262,493,230,263,-2,-3,1
4717034024,2024-01-31,경상북도,안동시,풍천면,광덕리,331,167,164,328,166,162,-3,-1,-2
4717034025,2024-01-31,경상북도,안동시,풍천면,기산리,395,208,187,394,208,186,-1,0,-1
4717034026,2024-01-31,경상북도,안동시,풍천면,신성리,281,157,124,280,157,123,-1,0,-1
4717034027,2024-01-31,경상북도,안동시,풍천면,금계리,118,58,60,118,58,60,0,0,0
4717034028,2024-01-31,경상북도,안동시,풍천면,구호리,66,31,35,65,30,35,-1,-1,0
4717034029,2024-01-31,경상북도,안동시,풍천면,어담리,235,119,116,232,117,115,-3,-2,-1
4717034030,2024-01-31,경상북도,안동시,풍천면,인금리,99,46,53,99,46,53,0,0,0
4717034031,2024-01-31,경상북도,안동시,풍천면,가곡리,302,160,142,303,160,143,1,0,1
4717034032,2024-01-31,경상북도,안동시,풍천면,병산리,71,40,31,73,41,32,2,1,1
4717034033,2024-01-31,경상북도,안동시,풍천면,하회리,353,182,171,350,181,169,-3,-1,-2
4717035021,2024-01-31,경상북도,안동시,일직면,귀미리,239,114,125,237,112,125,-2,-2,0
4717035022,2024-01-31,경상북도,안동시,일직면,구천리,81,42,39,82,42,40,1,0,1
4717035023,2024-01-31,경상북도,안동시,일직면,망호리,322,162,160,321,161,160,-1,-1,0
4717035024,2024-01-31,경상북도,안동시,일직면,원리,163,77,86,162,77,85,-1,0,-1
4717035025,2024-01-31,경상북도,안동시,일직면,광연리,156,74,82,153,72,81,-3,-2,-1
4717035026,2024-01-31,경상북도,안동시,일직면,명진리,151,71,80,150,71,79,-1,0,-1
4717035027,2024-01-31,경상북도,안동시,일직면,평팔리,115,56,59,117,57,60,2,1,1
4717035028,2024-01-31,경상북도,안동시,일직면,용각리,131,59,72,131,59,72,0,0,0
4717035029,2024-01-31,경상북도,안동시,일직면,국곡리,155,80,75,156,80,76,1,0,1
4717035030,2024-01-31,경상북도,안동시,일직면,조탑리,121,59,62,121,59,62,0,0,0
4717035031,2024-01-31,경상북도,안동시,일직면,송리리,159,73,86,162,74,88,3,1,2
4717035032,2024-01-31,경상북도,안동시,일직면,원호리,239,125,114,238,124,114,-1,-1,0
4717035033,2024-01-31,경상북도,안동시,일직면,운산리,446,213,233,449,215,234,3,2,1
4717036021,2024-01-31,경상북도,안동시,남후면,광음리,325,159,166,322,156,166,-3,-3,0
4717036022,2024-01-31,경상북도,안동시,남후면,무릉리,411,217,194,412,216,196,1,-1,2
4717036023,2024-01-31,경상북도,안동시,남후면,개곡리,131,64,67,131,64,67,0,0,0
4717036024,2024-01-31,경상북도,안동시,남후면,검암리,139,72,67,138,71,67,-1,-1,0
4717036025,2024-01-31,경상북도,안동시,남후면,고하리,107,57,50,107,57,50,0,0,0
4717036026,2024-01-31,경상북도,안동시,남후면,고상리,135,62,73,134,62,72,-1,0,-1
4717036027,2024-01-31,경상북도,안동시,남후면,상아리,67,35,32,65,34,31,-2,-1,-1
4717036028,2024-01-31,경상북도,안동시,남후면,하아리,116,57,59,116,57,59,0,0,0
4717036029,2024-01-31,경상북도,안동시,남후면,단호리,196,97,99,195,96,99,-1,-1,0
4717037021,2024-01-31,경상북도,안동시,남선면,이천리,572,308,264,573,308,265,1,0,1
4717037022,2024-01-31,경상북도,안동시,남선면,신석리,246,131,115,248,132,116,2,1,1
4717037023,2024-01-31,경상북도,안동시,남선면,구미리,219,122,97,215,120,95,-4,-2,-2
4717037024,2024-01-31,경상북도,안동시,남선면,신흥리,55,28,27,53,28,25,-2,0,-2
4717037025,2024-01-31,경상북도,안동시,남선면,도로리,129,65,64,129,65,64,0,0,0
4717037026,2024-01-31,경상북도,안동시,남선면,현내리,202,94,108,203,95,108,1,1,0
4717037027,2024-01-31,경상북도,안동시,남선면,원림리,363,181,182,362,181,181,-1,0,-1
4717037028,2024-01-31,경상북도,안동시,남선면,외하리,210,98,112,210,98,112,0,0,0
4717038000,2024-01-31,경상북도,안동시,임하면,임하면,1,1,0,0,0,0,-1,-1,0
4717038021,2024-01-31,경상북도,안동시,임하면,임하리,381,196,185,377,192,185,-4,-4,0
4717038022,2024-01-31,경상북도,안동시,임하면,천전리,204,104,100,205,105,100,1,1,0
4717038023,2024-01-31,경상북도,안동시,임하면,추목리,210,106,104,210,106,104,0,0,0
4717038024,2024-01-31,경상북도,안동시,임하면,신덕리,517,256,261,515,254,261,-2,-2,0
4717038025,2024-01-31,경상북도,안동시,임하면,금소리,365,179,186,362,179,183,-3,0,-3
4717038026,2024-01-31,경상북도,안동시,임하면,고곡리,577,352,225,579,355,224,2,3,-1
4717038027,2024-01-31,경상북도,안동시,임하면,오대리,341,167,174,341,168,173,0,1,-1
4717038028,2024-01-31,경상북도,안동시,임하면,노산리,49,31,18,50,32,18,1,1,0
4717039021,2024-01-31,경상북도,안동시,길안면,천지리,676,333,343,685,336,349,9,3,6
4717039022,2024-01-31,경상북도,안동시,길안면,만음리,180,91,89,182,92,90,2,1,1
4717039023,2024-01-31,경상북도,안동시,길안면,백자리,113,59,54,112,59,53,-1,0,-1
4717039024,2024-01-31,경상북도,안동시,길안면,금곡리,147,76,71,146,75,71,-1,-1,0
4717039025,2024-01-31,경상북도,안동시,길안면,송사리,279,157,122,277,155,122,-2,-2,0
4717039026,2024-01-31,경상북도,안동시,길안면,대사리,135,73,62,136,75,61,1,2,-1
4717039027,2024-01-31,경상북도,안동시,길안면,고란리,101,49,52,101,49,52,0,0,0
4717039028,2024-01-31,경상북도,안동시,길안면,묵계리,216,109,107,214,107,107,-2,-2,0
4717039029,2024-01-31,경상북도,안동시,길안면,구수리,159,74,85,159,74,85,0,0,0
4717039030,2024-01-31,경상북도,안동시,길안면,배방리,99,50,49,97,47,50,-2,-3,1
4717039031,2024-01-31,경상북도,안동시,길안면,용계리,47,25,22,47,25,22,0,0,0
4717039032,2024-01-31,경상북도,안동시,길안면,대곡리,91,44,47,89,44,45,-2,0,-2
4717039033,2024-01-31,경상북도,안동시,길안면,현하리,335,177,158,334,173,161,-1,-4,3
4717040021,2024-01-31,경상북도,안동시,임동면,중평리,320,162,158,316,160,156,-4,-2,-2
4717040022,2024-01-31,경상북도,안동시,임동면,수곡리,84,39,45,84,39,45,0,0,0
4717040023,2024-01-31,경상북도,안동시,임동면,고천리,203,112,91,201,110,91,-2,-2,0
4717040024,2024-01-31,경상북도,안동시,임동면,갈전리,148,74,74,148,74,74,0,0,0
4717040025,2024-01-31,경상북도,안동시,임동면,마령리,167,93,74,165,92,73,-2,-1,-1
4717040026,2024-01-31,경상북도,안동시,임동면,위리,112,52,60,111,51,60,-1,-1,0
4717040027,2024-01-31,경상북도,안동시,임동면,대곡리,223,124,99,228,128,100,5,4,1
4717040028,2024-01-31,경상북도,안동시,임동면,박곡리,54,32,22,54,32,22,0,0,0
4717040029,2024-01-31,경상북도,안동시,임동면,마리,56,35,21,56,35,21,0,0,0
4717040030,2024-01-31,경상북도,안동시,임동면,사월리,126,62,64,126,63,63,0,1,-1
4717040031,2024-01-31,경상북도,안동시,임동면,지리,64,32,32,64,32,32,0,0,0
4717040032,2024-01-31,경상북도,안동시,임동면,망천리,98,45,53,97,44,53,-1,-1,0
4717041000,2024-01-31,경상북도,안동시,예안면,예안면,1,0,1,0,0,0,-1,0,-1
4717041021,2024-01-31,경상북도,안동시,예안면,천전리,14,6,8,22,10,12,8,4,4
4717041022,2024-01-31,경상북도,안동시,예안면,부포리,46,26,20,39,23,16,-7,-3,-4
4717041023,2024-01-31,경상북도,안동시,예안면,귀단리,106,61,45,105,60,45,-1,-1,0
4717041024,2024-01-31,경상북도,안동시,예안면,태곡리,138,64,74,137,64,73,-1,0,-1
4717041025,2024-01-31,경상북도,안동시,예안면,인계리,180,99,81,179,97,82,-1,-2,1
4717041026,2024-01-31,경상북도,안동시,예안면,삼계리,158,76,82,160,78,82,2,2,0
4717041027,2024-01-31,경상북도,안동시,예안면,도촌리,67,39,28,67,39,28,0,0,0
4717041028,2024-01-31,경상북도,안동시,예안면,동천리,49,27,22,47,26,21,-2,-1,-1
4717041029,2024-01-31,경상북도,안동시,예안면,신남리,112,57,55,112,57,55,0,0,0
4717041030,2024-01-31,경상북도,안동시,예안면,기사리,169,96,73,166,94,72,-3,-2,-1
4717041031,2024-01-31,경상북도,안동시,예안면,도목리,39,19,20,39,19,20,0,0,0
4717041032,2024-01-31,경상북도,안동시,예안면,주진리,117,52,65,112,51,61,-5,-1,-4
4717041033,2024-01-31,경상북도,안동시,예안면,계곡리,56,30,26,57,30,27,1,0,1
4717041034,2024-01-31,경상북도,안동시,예안면,정산리,306,150,156,306,150,156,0,0,0
4717041035,2024-01-31,경상북도,안동시,예안면,구룡리,143,72,71,143,71,72,0,-1,1
4717041036,2024-01-31,경상북도,안동시,예안면,미질리,11,5,6,11,5,6,0,0,0
4717042021,2024-01-31,경상북도,안동시,도산면,토계리,59,36,23,59,36,23,0,0,0
4717042022,2024-01-31,경상북도,안동시,도산면,분천리,23,12,11,23,12,11,0,0,0
4717042023,2024-01-31,경상북도,안동시,도산면,의촌리,49,26,23,49,26,23,0,0,0
4717042024,2024-01-31,경상북도,안동시,도산면,원천리,80,47,33,81,48,33,1,1,0
4717042025,2024-01-31,경상북도,안동시,도산면,단천리,97,54,43,97,54,43,0,0,0
4717042026,2024-01-31,경상북도,안동시,도산면,가송리,120,60,60,117,59,58,-3,-1,-2
4717042027,2024-01-31,경상북도,안동시,도산면,태자리,196,101,95,194,100,94,-2,-1,-1
4717042028,2024-01-31,경상북도,안동시,도산면,온혜리,285,144,141,283,141,142,-2,-3,1
4717042029,2024-01-31,경상북도,안동시,도산면,운곡리,62,31,31,62,31,31,0,0,0
4717042030,2024-01-31,경상북도,안동시,도산면,의일리,117,67,50,116,66,50,-1,-1,0
4717042031,2024-01-31,경상북도,안동시,도산면,동부리,40,26,14,39,25,14,-1,-1,0
4717042032,2024-01-31,경상북도,안동시,도산면,서부리,263,134,129,263,135,128,0,1,-1
4717042033,2024-01-31,경상북도,안동시,도산면,선양리,55,29,26,55,29,26,0,0,0
4717043021,2024-01-31,경상북도,안동시,녹전면,신평리,347,172,175,344,171,173,-3,-1,-2
4717043022,2024-01-31,경상북도,안동시,녹전면,갈현리,85,46,39,85,46,39,0,0,0
4717043023,2024-01-31,경상북도,안동시,녹전면,매정리,153,83,70,153,83,70,0,0,0
4717043024,2024-01-31,경상북도,안동시,녹전면,원천리,204,99,105,200,97,103,-4,-2,-2
4717043025,2024-01-31,경상북도,안동시,녹전면,사천리,95,55,40,94,55,39,-1,0,-1
4717043026,2024-01-31,경상북도,안동시,녹전면,녹래리,201,104,97,201,104,97,0,0,0
4717043027,2024-01-31,경상북도,안동시,녹전면,죽송리,86,47,39,84,46,38,-2,-1,-1
4717043028,2024-01-31,경상북도,안동시,녹전면,구송리,118,64,54,119,65,54,1,1,0
4717043029,2024-01-31,경상북도,안동시,녹전면,사신리,173,91,82,172,91,81,-1,0,-1
4717043030,2024-01-31,경상북도,안동시,녹전면,서삼리,171,85,86,173,86,87,2,1,1
4719010100,2024-01-31,경상북도,구미시,원평동,원평동,12231,6442,5789,13463,7070,6393,1232,628,604
4719010200,2024-01-31,경상북도,구미시,지산동,지산동,1682,864,818,1669,860,809,-13,-4,-9
4719010300,2024-01-31,경상북도,구미시,도량동,도량동,27760,13455,14305,27676,13404,14272,-84,-51,-33
4719010400,2024-01-31,경상북도,구미시,봉곡동,봉곡동,25780,13325,12455,25626,13249,12377,-154,-76,-78
4719010500,2024-01-31,경상북도,구미시,부곡동,부곡동,451,230,221,450,229,221,-1,-1,0
4719010600,2024-01-31,경상북도,구미시,선기동,선기동,617,321,296,618,320,298,1,-1,2
4719010700,2024-01-31,경상북도,구미시,수점동,수점동,53,32,21,52,32,20,-1,0,-1
4719010800,2024-01-31,경상북도,구미시,남통동,남통동,8109,4003,4106,8077,3994,4083,-32,-9,-23
4719010900,2024-01-31,경상북도,구미시,형곡동,형곡동,29189,14432,14757,28983,14319,14664,-206,-113,-93
4719011000,2024-01-31,경상북도,구미시,송정동,송정동,23064,11307,11757,22956,11253,11703,-108,-54,-54
4719011100,2024-01-31,경상북도,구미시,신평동,신평동,4370,2481,1889,4378,2484,1894,8,3,5
4719011200,2024-01-31,경상북도,구미시,비산동,비산동,6102,3299,2803,6055,3283,2772,-47,-16,-31
4719011300,2024-01-31,경상북도,구미시,공단동,공단동,12477,6538,5939,12411,6506,5905,-66,-32,-34
4719011400,2024-01-31,경상북도,구미시,광평동,광평동,4144,2281,1863,4139,2288,1851,-5,7,-12
4719011500,2024-01-31,경상북도,구미시,사곡동,사곡동,14406,7762,6644,14404,7764,6640,-2,2,-4
4719011600,2024-01-31,경상북도,구미시,상모동,상모동,14379,7364,7015,14332,7349,6983,-47,-15,-32
4719011700,2024-01-31,경상북도,구미시,임은동,임은동,11366,6041,5325,11295,5995,5300,-71,-46,-25
4719011800,2024-01-31,경상북도,구미시,오태동,오태동,8150,4173,3977,8085,4153,3932,-65,-20,-45
4719011900,2024-01-31,경상북도,구미시,신동,신동,315,156,159,320,159,161,5,3,2
4719012000,2024-01-31,경상북도,구미시,구평동,구평동,21177,10912,10265,21110,10892,10218,-67,-20,-47
4719012100,2024-01-31,경상북도,구미시,황상동,황상동,8566,4382,4184,8528,4350,4178,-38,-32,-6
4719012200,2024-01-31,경상북도,구미시,인의동,인의동,16993,9228,7765,16912,9186,7726,-81,-42,-39
4719012300,2024-01-31,경상북도,구미시,진평동,진평동,15597,8782,6815,15528,8749,6779,-69,-33,-36
4719012400,2024-01-31,경상북도,구미시,시미동,시미동,15,12,3,14,11,3,-1,-1,0
4719012500,2024-01-31,경상북도,구미시,임수동,임수동,1305,710,595,1300,713,587,-5,3,-8
4719012600,2024-01-31,경상북도,구미시,양호동,양호동,599,329,270,589,320,269,-10,-9,-1
4719012700,2024-01-31,경상북도,구미시,거의동,거의동,1830,1206,624,1762,1156,606,-68,-50,-18
4719012800,2024-01-31,경상북도,구미시,옥계동,옥계동,40270,20945,19325,39909,20758,19151,-361,-187,-174
4719012900,2024-01-31,경상북도,구미시,구포동,구포동,3433,1834,1599,3402,1823,1579,-31,-11,-20
4719013000,2024-01-31,경상북도,구미시,금전동,금전동,120,66,54,118,65,53,-2,-1,-1
4719025021,2024-01-31,경상북도,구미시,선산읍,완전리,1301,633,668,1291,628,663,-10,-5,-5
4719025022,2024-01-31,경상북도,구미시,선산읍,동부리,1059,534,525,1055,532,523,-4,-2,-2
4719025023,2024-01-31,경상북도,구미시,선산읍,노상리,2004,894,1110,2003,894,1109,-1,0,-1
4719025024,2024-01-31,경상북도,구미시,선산읍,이문리,1801,901,900,1801,903,898,0,2,-2
4719025025,2024-01-31,경상북도,구미시,선산읍,죽장리,415,215,200,411,212,199,-4,-3,-1
4719025026,2024-01-31,경상북도,구미시,선산읍,내고리,262,125,137,263,126,137,1,1,0
4719025027,2024-01-31,경상북도,구미시,선산읍,북산리,180,99,81,178,98,80,-2,-1,-1
4719025028,2024-01-31,경상북도,구미시,선산읍,습례리,231,114,117,228,111,117,-3,-3,0
4719025029,2024-01-31,경상북도,구미시,선산읍,교리,4692,2352,2340,4697,2347,2350,5,-5,10
4719025030,2024-01-31,경상북도,구미시,선산읍,화조리,460,226,234,456,226,230,-4,0,-4
4719025031,2024-01-31,경상북도,구미시,선산읍,원리,284,140,144,283,139,144,-1,-1,0
4719025032,2024-01-31,경상북도,구미시,선산읍,독동리,143,78,65,143,77,66,0,-1,1
4719025033,2024-01-31,경상북도,구미시,선산읍,생곡리,306,154,152,303,149,154,-3,-5,2
4719025034,2024-01-31,경상북도,구미시,선산읍,신기리,178,101,77,171,96,75,-7,-5,-2
4719025035,2024-01-31,경상북도,구미시,선산읍,봉곡리,219,106,113,219,106,113,0,0,0
4719025036,2024-01-31,경상북도,구미시,선산읍,포상리,179,95,84,180,95,85,1,0,1
4719025037,2024-01-31,경상북도,구미시,선산읍,소재리,136,76,60,135,76,59,-1,0,-1
4719025038,2024-01-31,경상북도,구미시,선산읍,봉남리,146,75,71,151,78,73,5,3,2
4719025321,2024-01-31,경상북도,구미시,고아읍,관심리,851,420,431,851,419,432,0,-1,1
4719025322,2024-01-31,경상북도,구미시,고아읍,이례리,852,425,427,851,423,428,-1,-2,1
4719025323,2024-01-31,경상북도,구미시,고아읍,오로리,2380,1208,1172,2366,1201,1165,-14,-7,-7
4719025324,2024-01-31,경상북도,구미시,고아읍,대망리,313,175,138,311,173,138,-2,-2,0
4719025325,2024-01-31,경상북도,구미시,고아읍,파산리,85,50,35,86,50,36,1,0,1
4719025326,2024-01-31,경상북도,구미시,고아읍,신촌리,262,137,125,260,136,124,-2,-1,-1
4719025327,2024-01-31,경상북도,구미시,고아읍,황산리,203,96,107,202,95,107,-1,-1,0
4719025328,2024-01-31,경상북도,구미시,고아읍,횡산리,140,66,74,135,66,69,-5,0,-5
4719025329,2024-01-31,경상북도,구미시,고아읍,외예리,200,102,98,200,103,97,0,1,-1
4719025330,2024-01-31,경상북도,구미시,고아읍,내예리,92,41,51,92,41,51,0,0,0
4719025331,2024-01-31,경상북도,구미시,고아읍,원호리,13713,6809,6904,13711,6814,6897,-2,5,-7
4719025332,2024-01-31,경상북도,구미시,고아읍,문성리,14570,7315,7255,14507,7281,7226,-63,-34,-29
4719025333,2024-01-31,경상북도,구미시,고아읍,다식리,251,123,128,255,124,131,4,1,3
4719025334,2024-01-31,경상북도,구미시,고아읍,괴평리,776,401,375,770,397,373,-6,-4,-2
4719025335,2024-01-31,경상북도,구미시,고아읍,송림리,339,178,161,336,177,159,-3,-1,-2
4719025336,2024-01-31,경상북도,구미시,고아읍,봉한리,1680,851,829,1678,849,829,-2,-2,0
4719025337,2024-01-31,경상북도,구미시,고아읍,항곡리,708,369,339,693,362,331,-15,-7,-8
4719025338,2024-01-31,경상북도,구미시,고아읍,예강리,538,275,263,537,275,262,-1,0,-1
4719025621,2024-01-31,경상북도,구미시,산동읍,동곡리,368,210,158,367,211,156,-1,1,-2
4719025622,2024-01-31,경상북도,구미시,산동읍,도중리,21,15,6,23,16,7,2,1,1
4719025623,2024-01-31,경상북도,구미시,산동읍,적림리,449,247,202,444,243,201,-5,-4,-1
4719025624,2024-01-31,경상북도,구미시,산동읍,성수리,255,145,110,249,141,108,-6,-4,-2
4719025625,2024-01-31,경상북도,구미시,산동읍,신당리,14958,7633,7325,14864,7582,7282,-94,-51,-43
4719025626,2024-01-31,경상북도,구미시,산동읍,봉산리,861,640,221,843,630,213,-18,-10,-8
4719025627,2024-01-31,경상북도,구미시,산동읍,임천리,411,218,193,405,217,188,-6,-1,-5
4719025628,2024-01-31,경상북도,구미시,산동읍,인덕리,9262,4702,4560,9948,5038,4910,686,336,350
4719025629,2024-01-31,경상북도,구미시,산동읍,백현리,217,112,105,217,113,104,0,1,-1
4719025630,2024-01-31,경상북도,구미시,산동읍,송산리,75,43,32,76,44,32,1,1,0
4719031021,2024-01-31,경상북도,구미시,무을면,송삼리,250,119,131,249,118,131,-1,-1,0
4719031022,2024-01-31,경상북도,구미시,무을면,무수리,255,133,122,254,132,122,-1,-1,0
4719031023,2024-01-31,경상북도,구미시,무을면,오가리,201,106,95,201,106,95,0,0,0
4719031024,2024-01-31,경상북도,구미시,무을면,상송리,123,61,62,124,62,62,1,1,0
4719031025,2024-01-31,경상북도,구미시,무을면,안곡리,220,110,110,217,108,109,-3,-2,-1
4719031026,2024-01-31,경상북도,구미시,무을면,무등리,149,81,68,148,80,68,-1,-1,0
4719031027,2024-01-31,경상북도,구미시,무을면,원리,151,81,70,151,81,70,0,0,0
4719031028,2024-01-31,경상북도,구미시,무을면,백자리,141,70,71,139,70,69,-2,0,-2
4719031029,2024-01-31,경상북도,구미시,무을면,웅곡리,139,65,74,141,66,75,2,1,1
4719031030,2024-01-31,경상북도,구미시,무을면,무이리,167,87,80,168,87,81,1,0,1
4719032021,2024-01-31,경상북도,구미시,옥성면,초곡리,235,111,124,234,110,124,-1,-1,0
4719032022,2024-01-31,경상북도,구미시,옥성면,농소리,249,131,118,248,131,117,-1,0,-1
4719032023,2024-01-31,경상북도,구미시,옥성면,주아리,255,128,127,250,125,125,-5,-3,-2
4719032024,2024-01-31,경상북도,구미시,옥성면,구봉리,179,96,83,176,94,82,-3,-2,-1
4719032025,2024-01-31,경상북도,구미시,옥성면,옥관리,186,94,92,189,95,94,3,1,2
4719032026,2024-01-31,경상북도,구미시,옥성면,산촌리,45,24,21,45,24,21,0,0,0
4719032027,2024-01-31,경상북도,구미시,옥성면,태봉리,81,44,37,80,43,37,-1,-1,0
4719032028,2024-01-31,경상북도,구미시,옥성면,덕촌리,255,126,129,254,125,129,-1,-1,0
4719032029,2024-01-31,경상북도,구미시,옥성면,대원리,166,99,67,161,98,63,-5,-1,-4
4719033021,2024-01-31,경상북도,구미시,도개면,가산리,180,87,93,179,87,92,-1,0,-1
4719033022,2024-01-31,경상북도,구미시,도개면,동산리,168,95,73,164,94,70,-4,-1,-3
4719033023,2024-01-31,경상북도,구미시,도개면,월림리,266,122,144,266,123,143,0,1,-1
4719033024,2024-01-31,경상북도,구미시,도개면,신곡리,173,82,91,169,79,90,-4,-3,-1
4719033025,2024-01-31,경상북도,구미시,도개면,궁기리,545,287,258,538,281,257,-7,-6,-1
4719033026,2024-01-31,경상북도,구미시,도개면,신림리,160,83,77,160,83,77,0,0,0
4719033027,2024-01-31,경상북도,구미시,도개면,도개리,218,111,107,216,110,106,-2,-1,-1
4719033028,2024-01-31,경상북도,구미시,도개면,다곡리,214,114,100,210,112,98,-4,-2,-2
4719033029,2024-01-31,경상북도,구미시,도개면,용산리,161,85,76,163,86,77,2,1,1
4719034021,2024-01-31,경상북도,구미시,해평면,낙성리,666,347,319,663,346,317,-3,-1,-2
4719034022,2024-01-31,경상북도,구미시,해평면,해평리,248,127,121,243,125,118,-5,-2,-3
4719034023,2024-01-31,경상북도,구미시,해평면,오상리,285,143,142,287,144,143,2,1,1
4719034024,2024-01-31,경상북도,구미시,해평면,문량리,410,231,179,411,232,179,1,1,0
4719034025,2024-01-31,경상북도,구미시,해평면,괴곡리,308,171,137,307,169,138,-1,-2,1
4719034026,2024-01-31,경상북도,구미시,해평면,금산리,109,52,57,106,52,54,-3,0,-3
4719034027,2024-01-31,경상북도,구미시,해평면,도문리,154,86,68,154,87,67,0,1,-1
4719034028,2024-01-31,경상북도,구미시,해평면,월호리,296,144,152,294,145,149,-2,1,-3
4719034029,2024-01-31,경상북도,구미시,해평면,금호리,243,123,120,241,122,119,-2,-1,-1
4719034030,2024-01-31,경상북도,구미시,해평면,창림리,68,38,30,68,38,30,0,0,0
4719034031,2024-01-31,경상북도,구미시,해평면,송곡리,229,137,92,229,137,92,0,0,0
4719034032,2024-01-31,경상북도,구미시,해평면,산양리,167,89,78,166,89,77,-1,0,-1
4719034033,2024-01-31,경상북도,구미시,해평면,월곡리,128,71,57,132,72,60,4,1,3
4719034034,2024-01-31,경상북도,구미시,해평면,낙산리,319,172,147,319,171,148,0,-1,1
4719034035,2024-01-31,경상북도,구미시,해평면,일선리,128,63,65,128,63,65,0,0,0
4719036021,2024-01-31,경상북도,구미시,장천면,상장리,905,448,457,931,461,470,26,13,13
4719036022,2024-01-31,경상북도,구미시,장천면,하장리,341,187,154,345,188,157,4,1,3
4719036023,2024-01-31,경상북도,구미시,장천면,상림리,249,122,127,251,121,130,2,-1,3
4719036024,2024-01-31,경상북도,구미시,장천면,금산리,180,89,91,179,89,90,-1,0,-1
4719036025,2024-01-31,경상북도,구미시,장천면,오로리,178,96,82,178,96,82,0,0,0
4719036026,2024-01-31,경상북도,구미시,장천면,묵어리,236,119,117,239,122,117,3,3,0
4719036027,2024-01-31,경상북도,구미시,장천면,여남리,222,124,98,217,120,97,-5,-4,-1
4719036028,2024-01-31,경상북도,구미시,장천면,명곡리,108,55,53,106,54,52,-2,-1,-1
4719036029,2024-01-31,경상북도,구미시,장천면,신장리,421,229,192,424,231,193,3,2,1
4721010100,2024-01-31,경상북도,영주시,영주동,영주동,6834,3316,3518,6801,3291,3510,-33,-25,-8
4721010200,2024-01-31,경상북도,영주시,상망동,상망동,4282,2137,2145,4257,2126,2131,-25,-11,-14
4721010300,2024-01-31,경상북도,영주시,하망동,하망동,8359,4042,4317,8344,4038,4306,-15,-4,-11
4721010400,2024-01-31,경상북도,영주시,휴천동,휴천동,21023,10301,10722,20946,10254,10692,-77,-47,-30
4721010500,2024-01-31,경상북도,영주시,가흥동,가흥동,26972,13380,13592,27005,13402,13603,33,22,11
4721010600,2024-01-31,경상북도,영주시,문정동,문정동,618,323,295,605,314,291,-13,-9,-4
4721010700,2024-01-31,경상북도,영주시,고현동,고현동,349,165,184,350,165,185,1,0,1
4721010800,2024-01-31,경상북도,영주시,창진동,창진동,337,170,167,338,170,168,1,0,1
4721010900,2024-01-31,경상북도,영주시,상줄동,상줄동,368,190,178,369,192,177,1,2,-1
4721011000,2024-01-31,경상북도,영주시,조와동,조와동,454,211,243,455,212,243,1,1,0
4721011100,2024-01-31,경상북도,영주시,조암동,조암동,443,224,219,441,221,220,-2,-3,1
4721011200,2024-01-31,경상북도,영주시,적서동,적서동,78,49,29,79,50,29,1,1,0
4721011300,2024-01-31,경상북도,영주시,아지동,아지동,74,42,32,68,39,29,-6,-3,-3
4721025021,2024-01-31,경상북도,영주시,풍기읍,성내리,1944,896,1048,1930,890,1040,-14,-6,-8
4721025022,2024-01-31,경상북도,영주시,풍기읍,동부리,3831,1886,1945,3840,1894,1946,9,8,1
4721025023,2024-01-31,경상북도,영주시,풍기읍,산법리,652,386,266,629,370,259,-23,-16,-7
4721025024,2024-01-31,경상북도,영주시,풍기읍,미곡리,112,64,48,112,65,47,0,1,-1
4721025025,2024-01-31,경상북도,영주시,풍기읍,삼가리,171,93,78,170,92,78,-1,-1,0
4721025026,2024-01-31,경상북도,영주시,풍기읍,욱금리,44,23,21,46,24,22,2,1,1
4721025027,2024-01-31,경상북도,영주시,풍기읍,금계리,438,220,218,440,221,219,2,1,1
4721025028,2024-01-31,경상북도,영주시,풍기읍,교촌리,977,589,388,1059,674,385,82,85,-3
4721025029,2024-01-31,경상북도,영주시,풍기읍,서부리,1124,535,589,1117,531,586,-7,-4,-3
4721025030,2024-01-31,경상북도,영주시,풍기읍,백리,321,168,153,324,168,156,3,0,3
4721025031,2024-01-31,경상북도,영주시,풍기읍,백신리,225,116,109,221,115,106,-4,-1,-3
4721025032,2024-01-31,경상북도,영주시,풍기읍,창락리,274,137,137,272,137,135,-2,0,-2
4721025033,2024-01-31,경상북도,영주시,풍기읍,수철리,156,83,73,153,81,72,-3,-2,-1
4721025034,2024-01-31,경상북도,영주시,풍기읍,전구리,246,129,117,245,128,117,-1,-1,0
4721031021,2024-01-31,경상북도,영주시,이산면,원리,423,215,208,424,215,209,1,0,1
4721031022,2024-01-31,경상북도,영주시,이산면,신암리,279,151,128,279,150,129,0,-1,1
4721031023,2024-01-31,경상북도,영주시,이산면,지동리,204,102,102,204,101,103,0,-1,1
4721031024,2024-01-31,경상북도,영주시,이산면,석포리,220,116,104,219,116,103,-1,0,-1
4721031025,2024-01-31,경상북도,영주시,이산면,용상리,260,134,126,260,134,126,0,0,0
4721031026,2024-01-31,경상북도,영주시,이산면,신천리,158,72,86,157,72,85,-1,0,-1
4721031027,2024-01-31,경상북도,영주시,이산면,운문리,335,171,164,333,170,163,-2,-1,-1
4721031028,2024-01-31,경상북도,영주시,이산면,내림리,98,51,47,103,54,49,5,3,2
4721031029,2024-01-31,경상북도,영주시,이산면,두월리,216,115,101,215,115,100,-1,0,-1
4721032021,2024-01-31,경상북도,영주시,평은면,강동리,136,72,64,139,74,65,3,2,1
4721032022,2024-01-31,경상북도,영주시,평은면,지곡리,183,98,85,185,100,85,2,2,0
4721032023,2024-01-31,경상북도,영주시,평은면,오운리,343,175,168,344,176,168,1,1,0
4721032024,2024-01-31,경상북도,영주시,평은면,천본리,161,84,77,159,82,77,-2,-2,0
4721032025,2024-01-31,경상북도,영주시,평은면,금광리,64,32,32,65,33,32,1,1,0
4721032026,2024-01-31,경상북도,영주시,평은면,용혈리,125,69,56,127,70,57,2,1,1
4721032027,2024-01-31,경상북도,영주시,평은면,평은리,393,192,201,391,190,201,-2,-2,0
4721033021,2024-01-31,경상북도,영주시,문수면,승문리,223,109,114,224,110,114,1,1,0
4721033022,2024-01-31,경상북도,영주시,문수면,만방리,288,158,130,287,161,126,-1,3,-4
4721033023,2024-01-31,경상북도,영주시,문수면,적동리,374,184,190,378,187,191,4,3,1
4721033024,2024-01-31,경상북도,영주시,문수면,권선리,78,39,39,79,40,39,1,1,0
4721033025,2024-01-31,경상북도,영주시,문수면,월호리,367,179,188,365,178,187,-2,-1,-1
4721033027,2024-01-31,경상북도,영주시,문수면,탄산리,64,30,34,63,30,33,-1,0,-1
4721033028,2024-01-31,경상북도,영주시,문수면,조제리,227,113,114,225,112,113,-2,-1,-1
4721033029,2024-01-31,경상북도,영주시,문수면,수도리,79,39,40,78,39,39,-1,0,-1
4721033030,2024-01-31,경상북도,영주시,문수면,대양리,219,133,86,218,133,85,-1,0,-1
4721034021,2024-01-31,경상북도,영주시,장수면,반구리,396,202,194,391,198,193,-5,-4,-1
4721034022,2024-01-31,경상북도,영주시,장수면,두전리,508,274,234,511,275,236,3,1,2
4721034023,2024-01-31,경상북도,영주시,장수면,갈산리,271,141,130,269,141,128,-2,0,-2
4721034024,2024-01-31,경상북도,영주시,장수면,성곡리,263,127,136,265,129,136,2,2,0
4721034025,2024-01-31,경상북도,영주시,장수면,화기리,203,110,93,198,106,92,-5,-4,-1
4721034026,2024-01-31,경상북도,영주시,장수면,소룡리,194,97,97,192,95,97,-2,-2,0
4721034027,2024-01-31,경상북도,영주시,장수면,호문리,192,90,102,191,90,101,-1,0,-1
4721034028,2024-01-31,경상북도,영주시,장수면,파지리,51,23,28,51,23,28,0,0,0
4721035021,2024-01-31,경상북도,영주시,안정면,신전리,373,186,187,370,185,185,-3,-1,-2
4721035022,2024-01-31,경상북도,영주시,안정면,생현리,203,107,96,204,108,96,1,1,0
4721035023,2024-01-31,경상북도,영주시,안정면,봉암리,183,83,100,180,82,98,-3,-1,-2
4721035024,2024-01-31,경상북도,영주시,안정면,용산리,253,131,122,253,131,122,0,0,0
4721035025,2024-01-31,경상북도,영주시,안정면,여륵리,176,87,89,177,88,89,1,1,0
4721035026,2024-01-31,경상북도,영주시,안정면,묵리,83,44,39,83,44,39,0,0,0
4721035027,2024-01-31,경상북도,영주시,안정면,내줄리,290,131,159,290,132,158,0,1,-1
4721035028,2024-01-31,경상북도,영주시,안정면,일원리,154,82,72,153,82,71,-1,0,-1
4721035029,2024-01-31,경상북도,영주시,안정면,안심리,239,119,120,240,120,120,1,1,0
4721035030,2024-01-31,경상북도,영주시,안정면,옹암리,97,49,48,96,49,47,-1,0,-1
4721035031,2024-01-31,경상북도,영주시,안정면,단촌리,131,67,64,131,67,64,0,0,0
4721035032,2024-01-31,경상북도,영주시,안정면,대평리,104,53,51,103,53,50,-1,0,-1
4721035033,2024-01-31,경상북도,영주시,안정면,오계리,303,162,141,303,162,141,0,0,0
4721035034,2024-01-31,경상북도,영주시,안정면,동촌리,257,129,128,258,130,128,1,1,0
4721036021,2024-01-31,경상북도,영주시,봉현면,두산리,416,217,199,409,214,195,-7,-3,-4
4721036022,2024-01-31,경상북도,영주시,봉현면,오현리,702,345,357,698,343,355,-4,-2,-2
4721036023,2024-01-31,경상북도,영주시,봉현면,대촌리,533,271,262,532,270,262,-1,-1,0
4721036024,2024-01-31,경상북도,영주시,봉현면,한천리,109,51,58,110,51,59,1,0,1
4721036025,2024-01-31,경상북도,영주시,봉현면,유전리,270,135,135,271,137,134,1,2,-1
4721036026,2024-01-31,경상북도,영주시,봉현면,노좌리,292,144,148,293,146,147,1,2,-1
4721036027,2024-01-31,경상북도,영주시,봉현면,하촌리,244,132,112,242,130,112,-2,-2,0
4721037021,2024-01-31,경상북도,영주시,순흥면,태장리,272,157,115,273,157,116,1,0,1
4721037022,2024-01-31,경상북도,영주시,순흥면,지동리,266,140,126,270,142,128,4,2,2
4721037023,2024-01-31,경상북도,영주시,순흥면,석교리,215,92,123,216,92,124,1,0,1
4721037024,2024-01-31,경상북도,영주시,순흥면,읍내리,405,203,202,407,202,205,2,-1,3
4721037025,2024-01-31,경상북도,영주시,순흥면,내죽리,191,88,103,191,87,104,0,-1,1
4721037026,2024-01-31,경상북도,영주시,순흥면,청구리,197,106,91,196,106,90,-1,0,-1
4721037027,2024-01-31,경상북도,영주시,순흥면,배점리,226,111,115,224,110,114,-2,-1,-1
4721037028,2024-01-31,경상북도,영주시,순흥면,덕현리,106,56,50,109,57,52,3,1,2
4721038021,2024-01-31,경상북도,영주시,단산면,동원리,188,102,86,186,103,83,-2,1,-3
4721038022,2024-01-31,경상북도,영주시,단산면,사천리,165,81,84,160,78,82,-5,-3,-2
4721038023,2024-01-31,경상북도,영주시,단산면,구구리,232,92,140,233,92,141,1,0,1
4721038024,2024-01-31,경상북도,영주시,단산면,병산리,257,133,124,256,132,124,-1,-1,0
4721038025,2024-01-31,경상북도,영주시,단산면,옥대리,470,221,249,472,221,251,2,0,2
4721038026,2024-01-31,경상북도,영주시,단산면,단곡리,277,139,138,279,140,139,2,1,1
4721038027,2024-01-31,경상북도,영주시,단산면,좌석리,138,75,63,137,75,62,-1,0,-1
4721038028,2024-01-31,경상북도,영주시,단산면,마락리,35,22,13,35,22,13,0,0,0
4721039021,2024-01-31,경상북도,영주시,부석면,남대리,116,63,53,114,62,52,-2,-1,-1
4721039022,2024-01-31,경상북도,영주시,부석면,북지리,305,160,145,305,159,146,0,-1,1
4721039023,2024-01-31,경상북도,영주시,부석면,임곡리,380,191,189,379,190,189,-1,-1,0
4721039024,2024-01-31,경상북도,영주시,부석면,소천리,903,429,474,912,438,474,9,9,0
4721039025,2024-01-31,경상북도,영주시,부석면,노곡리,254,130,124,255,131,124,1,1,0
4721039026,2024-01-31,경상북도,영주시,부석면,용암리,210,95,115,209,94,115,-1,-1,0
4721039027,2024-01-31,경상북도,영주시,부석면,우곡리,132,70,62,133,71,62,1,1,0
4721039028,2024-01-31,경상북도,영주시,부석면,상석리,178,87,91,179,89,90,1,2,-1
4721039029,2024-01-31,경상북도,영주시,부석면,감곡리,170,87,83,172,88,84,2,1,1
4721039030,2024-01-31,경상북도,영주시,부석면,보계리,198,103,95,197,102,95,-1,-1,0
4723010100,2024-01-31,경상북도,영천시,조교동,조교동,501,299,202,504,301,203,3,2,1
4723010200,2024-01-31,경상북도,영천시,망정동,망정동,13856,6756,7100,13835,6739,7096,-21,-17,-4
4723010300,2024-01-31,경상북도,영천시,야사동,야사동,12494,6155,6339,12450,6136,6314,-44,-19,-25
4723010400,2024-01-31,경상북도,영천시,문내동,문내동,2884,1440,1444,2889,1446,1443,5,6,-1
4723010500,2024-01-31,경상북도,영천시,문외동,문외동,4758,2347,2411,4762,2351,2411,4,4,0
4723010600,2024-01-31,경상북도,영천시,창구동,창구동,274,140,134,275,141,134,1,1,0
4723010700,2024-01-31,경상북도,영천시,교촌동,교촌동,920,462,458,904,455,449,-16,-7,-9
4723010800,2024-01-31,경상북도,영천시,과전동,과전동,162,80,82,165,80,85,3,0,3
4723010900,2024-01-31,경상북도,영천시,성내동,성내동,968,459,509,962,459,503,-6,0,-6
4723011000,2024-01-31,경상북도,영천시,화룡동,화룡동,1363,684,679,1368,688,680,5,4,1
4723011100,2024-01-31,경상북도,영천시,도동,도동,421,224,197,423,220,203,2,-4,6
4723011200,2024-01-31,경상북도,영천시,금노동,금노동,999,527,472,1002,528,474,3,1,2
4723011300,2024-01-31,경상북도,영천시,완산동,완산동,9975,4885,5090,9999,4898,5101,24,13,11
4723011400,2024-01-31,경상북도,영천시,범어동,범어동,189,94,95,193,99,94,4,5,-1
4723011500,2024-01-31,경상북도,영천시,작산동,작산동,306,173,133,306,173,133,0,0,0
4723011600,2024-01-31,경상북도,영천시,봉동,봉동,1157,614,543,1139,606,533,-18,-8,-10
4723011700,2024-01-31,경상북도,영천시,본촌동,본촌동,174,100,74,175,101,74,1,1,0
4723011800,2024-01-31,경상북도,영천시,채신동,채신동,190,119,71,188,119,69,-2,0,-2
4723011900,2024-01-31,경상북도,영천시,괴연동,괴연동,239,128,111,231,123,108,-8,-5,-3
4723012000,2024-01-31,경상북도,영천시,대전동,대전동,369,193,176,369,193,176,0,0,0
4723012100,2024-01-31,경상북도,영천시,녹전동,녹전동,414,222,192,412,222,190,-2,0,-2
4723012200,2024-01-31,경상북도,영천시,도림동,도림동,277,156,121,276,154,122,-1,-2,1
4723012300,2024-01-31,경상북도,영천시,오미동,오미동,344,195,149,341,191,150,-3,-4,1
4723012400,2024-01-31,경상북도,영천시,오수동,오수동,502,267,235,496,265,231,-6,-2,-4
4723012500,2024-01-31,경상북도,영천시,쌍계동,쌍계동,178,88,90,175,85,90,-3,-3,0
4723012600,2024-01-31,경상북도,영천시,도남동,도남동,266,175,91,262,171,91,-4,-4,0
4723012700,2024-01-31,경상북도,영천시,매산동,매산동,288,146,142,284,144,140,-4,-2,-2
4723012800,2024-01-31,경상북도,영천시,언하동,언하동,332,179,153,329,178,151,-3,-1,-2
4723012900,2024-01-31,경상북도,영천시,신기동,신기동,69,36,33,68,36,32,-1,0,-1
4723013000,2024-01-31,경상북도,영천시,서산동,서산동,248,128,120,246,126,120,-2,-2,0
4723025021,2024-01-31,경상북도,영천시,금호읍,교대리,2726,1365,1361,2720,1358,1362,-6,-7,1
4723025022,2024-01-31,경상북도,영천시,금호읍,덕성리,788,387,401,792,389,403,4,2,2
4723025023,2024-01-31,경상북도,영천시,금호읍,성천리,124,65,59,124,66,58,0,1,-1
4723025024,2024-01-31,경상북도,영천시,금호읍,대미리,302,162,140,301,164,137,-1,2,-3
4723025025,2024-01-31,경상북도,영천시,금호읍,석섬리,155,89,66,155,90,65,0,1,-1
4723025026,2024-01-31,경상북도,영천시,금호읍,원제리,1414,881,533,1407,881,526,-7,0,-7
4723025027,2024-01-31,경상북도,영천시,금호읍,냉천리,1085,559,526,1090,558,532,5,-1,6
4723025028,2024-01-31,경상북도,영천시,금호읍,신월리,482,258,224,482,254,228,0,-4,4
4723025029,2024-01-31,경상북도,영천시,금호읍,봉죽리,153,88,65,151,86,65,-2,-2,0
4723025030,2024-01-31,경상북도,영천시,금호읍,관정리,320,169,151,319,170,149,-1,1,-2
4723025031,2024-01-31,경상북도,영천시,금호읍,구암리,234,135,99,233,135,98,-1,0,-1
4723025032,2024-01-31,경상북도,영천시,금호읍,약남리,152,77,75,152,77,75,0,0,0
4723025033,2024-01-31,경상북도,영천시,금호읍,대곡리,199,103,96,199,103,96,0,0,0
4723025034,2024-01-31,경상북도,영천시,금호읍,호남리,163,87,76,165,88,77,2,1,1
4723025035,2024-01-31,경상북도,영천시,금호읍,어은리,174,88,86,172,84,88,-2,-4,2
4723025036,2024-01-31,경상북도,영천시,금호읍,오계리,337,183,154,332,183,149,-5,0,-5
4723025037,2024-01-31,경상북도,영천시,금호읍,원기리,219,109,110,220,109,111,1,0,1
4723025038,2024-01-31,경상북도,영천시,금호읍,신대리,484,259,225,485,258,227,1,-1,2
4723025039,2024-01-31,경상북도,영천시,금호읍,남성리,130,63,67,130,64,66,0,1,-1
4723025040,2024-01-31,경상북도,영천시,금호읍,삼호리,492,255,237,481,248,233,-11,-7,-4
4723025041,2024-01-31,경상북도,영천시,금호읍,황정리,316,163,153,321,165,156,5,2,3
4723031021,2024-01-31,경상북도,영천시,청통면,호당리,315,156,159,316,155,161,1,-1,2
4723031022,2024-01-31,경상북도,영천시,청통면,우천리,314,167,147,316,169,147,2,2,0
4723031023,2024-01-31,경상북도,영천시,청통면,보성리,225,122,103,227,124,103,2,2,0
4723031024,2024-01-31,경상북도,영천시,청통면,신덕리,212,105,107,212,105,107,0,0,0
4723031025,2024-01-31,경상북도,영천시,청통면,대평리,217,115,102,219,116,103,2,1,1
4723031026,2024-01-31,경상북도,영천시,청통면,죽정리,158,82,76,160,83,77,2,1,1
4723031027,2024-01-31,경상북도,영천시,청통면,송천리,309,161,148,308,160,148,-1,-1,0
4723031028,2024-01-31,경상북도,영천시,청통면,원촌리,379,200,179,381,201,180,2,1,1
4723031029,2024-01-31,경상북도,영천시,청통면,신학리,322,165,157,318,163,155,-4,-2,-2
4723031030,2024-01-31,경상북도,영천시,청통면,치일리,377,193,184,371,191,180,-6,-2,-4
4723031031,2024-01-31,경상북도,영천시,청통면,애련리,228,131,97,222,128,94,-6,-3,-3
4723031032,2024-01-31,경상북도,영천시,청통면,계포리,231,127,104,232,128,104,1,1,0
4723031033,2024-01-31,경상북도,영천시,청통면,계지리,357,192,165,352,191,161,-5,-1,-4
4723031034,2024-01-31,경상북도,영천시,청통면,신원리,218,118,100,216,117,99,-2,-1,-1
4723031035,2024-01-31,경상북도,영천시,청통면,용천리,102,60,42,104,61,43,2,1,1
4723032021,2024-01-31,경상북도,영천시,신녕면,치산리,291,148,143,288,147,141,-3,-1,-2
4723032022,2024-01-31,경상북도,영천시,신녕면,부산리,229,116,113,229,117,112,0,1,-1
4723032023,2024-01-31,경상북도,영천시,신녕면,화서리,95,47,48,95,47,48,0,0,0
4723032024,2024-01-31,경상북도,영천시,신녕면,화남리,279,140,139,276,139,137,-3,-1,-2
4723032025,2024-01-31,경상북도,영천시,신녕면,왕산리,401,195,206,399,193,206,-2,-2,0
4723032026,2024-01-31,경상북도,영천시,신녕면,매양리,426,203,223,415,199,216,-11,-4,-7
4723032027,2024-01-31,경상북도,영천시,신녕면,화성리,723,355,368,724,353,371,1,-2,3
4723032028,2024-01-31,경상북도,영천시,신녕면,완전리,616,314,302,620,315,305,4,1,3
4723032029,2024-01-31,경상북도,영천시,신녕면,신덕리,245,121,124,244,121,123,-1,0,-1
4723032030,2024-01-31,경상북도,영천시,신녕면,연정리,276,132,144,271,129,142,-5,-3,-2
4723032031,2024-01-31,경상북도,영천시,신녕면,가천리,81,45,36,81,45,36,0,0,0
4723033021,2024-01-31,경상북도,영천시,화산면,연계리,498,264,234,492,262,230,-6,-2,-4
4723033022,2024-01-31,경상북도,영천시,화산면,덕암리,206,105,101,208,106,102,2,1,1
4723033023,2024-01-31,경상북도,영천시,화산면,대안리,302,168,134,300,168,132,-2,0,-2
4723033024,2024-01-31,경상북도,영천시,화산면,효정리,173,95,78,168,92,76,-5,-3,-2
4723033025,2024-01-31,경상북도,영천시,화산면,당지리,159,85,74,160,88,72,1,3,-2
4723033026,2024-01-31,경상북도,영천시,화산면,화산리,230,123,107,227,121,106,-3,-2,-1
4723033027,2024-01-31,경상북도,영천시,화산면,가상리,163,82,81,163,83,80,0,1,-1
4723033028,2024-01-31,경상북도,영천시,화산면,대기리,124,67,57,125,67,58,1,0,1
4723033029,2024-01-31,경상북도,영천시,화산면,암기리,117,57,60,118,58,60,1,1,0
4723033030,2024-01-31,경상북도,영천시,화산면,삼부리,138,70,68,137,70,67,-1,0,-1
4723033031,2024-01-31,경상북도,영천시,화산면,석촌리,153,73,80,151,73,78,-2,0,-2
4723033032,2024-01-31,경상북도,영천시,화산면,당곡리,111,60,51,111,60,51,0,0,0
4723033033,2024-01-31,경상북도,영천시,화산면,유성리,386,204,182,381,199,182,-5,-5,0
4723033034,2024-01-31,경상북도,영천시,화산면,부계리,106,60,46,105,60,45,-1,0,-1
4723033035,2024-01-31,경상북도,영천시,화산면,용평리,192,92,100,194,93,101,2,1,1
4723034021,2024-01-31,경상북도,영천시,화북면,자천리,600,290,310,591,284,307,-9,-6,-3
4723034022,2024-01-31,경상북도,영천시,화북면,옥계리,125,60,65,129,61,68,4,1,3
4723034023,2024-01-31,경상북도,영천시,화북면,입석리,137,80,57,139,81,58,2,1,1
4723034024,2024-01-31,경상북도,영천시,화북면,용소리,10,7,3,10,7,3,0,0,0
4723034025,2024-01-31,경상북도,영천시,화북면,법화리,55,28,27,55,28,27,0,0,0
4723034026,2024-01-31,경상북도,영천시,화북면,하송리,109,53,56,109,53,56,0,0,0
4723034027,2024-01-31,경상북도,영천시,화북면,상송리,121,59,62,125,59,66,4,0,4
4723034028,2024-01-31,경상북도,영천시,화북면,죽전리,171,88,83,169,87,82,-2,-1,-1
4723034029,2024-01-31,경상북도,영천시,화북면,정각리,255,120,135,256,123,133,1,3,-2
4723034030,2024-01-31,경상북도,영천시,화북면,횡계리,155,73,82,154,72,82,-1,-1,0
4723034031,2024-01-31,경상북도,영천시,화북면,공덕리,95,49,46,94,49,45,-1,0,-1
4723034032,2024-01-31,경상북도,영천시,화북면,오산리,313,154,159,312,153,159,-1,-1,0
4723034034,2024-01-31,경상북도,영천시,화북면,오동리,70,38,32,69,38,31,-1,0,-1
4723035021,2024-01-31,경상북도,영천시,화남면,금호리,312,168,144,313,170,143,1,2,-1
4723035022,2024-01-31,경상북도,영천시,화남면,죽곡리,229,124,105,232,126,106,3,2,1
4723035023,2024-01-31,경상북도,영천시,화남면,신호리,224,111,113,226,111,115,2,0,2
4723035024,2024-01-31,경상북도,영천시,화남면,사천리,335,177,158,334,177,157,-1,0,-1
4723035025,2024-01-31,경상북도,영천시,화남면,대천리,321,171,150,324,173,151,3,2,1
4723035026,2024-01-31,경상북도,영천시,화남면,선천리,371,189,182,376,193,183,5,4,1
4723035027,2024-01-31,경상북도,영천시,화남면,삼창리,514,300,214,501,288,213,-13,-12,-1
4723035028,2024-01-31,경상북도,영천시,화남면,귀호리,205,109,96,206,109,97,1,0,1
4723035029,2024-01-31,경상북도,영천시,화남면,안천리,245,131,114,248,133,115,3,2,1
4723035030,2024-01-31,경상북도,영천시,화남면,온천리,77,37,40,78,38,40,1,1,0
4723035031,2024-01-31,경상북도,영천시,화남면,구전리,131,63,68,132,63,69,1,0,1
4723035032,2024-01-31,경상북도,영천시,화남면,용계리,70,45,25,70,45,25,0,0,0
4723035033,2024-01-31,경상북도,영천시,화남면,월곡리,148,77,71,148,77,71,0,0,0
4723036021,2024-01-31,경상북도,영천시,자양면,보현리,594,305,289,591,306,285,-3,1,-4
4723036022,2024-01-31,경상북도,영천시,자양면,도일리,107,50,57,107,50,57,0,0,0
4723036023,2024-01-31,경상북도,영천시,자양면,충효리,98,50,48,102,53,49,4,3,1
4723036024,2024-01-31,경상북도,영천시,자양면,삼귀리,85,44,41,86,45,41,1,1,0
4723036025,2024-01-31,경상북도,영천시,자양면,용산리,102,55,47,100,55,45,-2,0,-2
4723036026,2024-01-31,경상북도,영천시,자양면,신방리,149,80,69,148,80,68,-1,0,-1
4723036027,2024-01-31,경상북도,영천시,자양면,노항리,25,16,9,24,15,9,-1,-1,0
4723036028,2024-01-31,경상북도,영천시,자양면,성곡리,99,55,44,98,53,45,-1,-2,1
4723036029,2024-01-31,경상북도,영천시,자양면,용화리,65,34,31,65,34,31,0,0,0
4723037021,2024-01-31,경상북도,영천시,임고면,양항리,398,216,182,399,217,182,1,1,0
4723037022,2024-01-31,경상북도,영천시,임고면,선원리,286,148,138,284,148,136,-2,0,-2
4723037023,2024-01-31,경상북도,영천시,임고면,덕연리,324,167,157,320,165,155,-4,-2,-2
4723037024,2024-01-31,경상북도,영천시,임고면,삼매리,388,197,191,385,196,189,-3,-1,-2
4723037025,2024-01-31,경상북도,영천시,임고면,평천리,370,176,194,371,176,195,1,0,1
4723037026,2024-01-31,경상북도,영천시,임고면,황강리,195,95,100,191,94,97,-4,-1,-3
4723037027,2024-01-31,경상북도,영천시,임고면,효리,335,174,161,335,173,162,0,-1,1
4723037028,2024-01-31,경상북도,영천시,임고면,금대리,319,162,157,323,164,159,4,2,2
4723037029,2024-01-31,경상북도,영천시,임고면,사리,259,129,130,260,130,130,1,1,0
4723037030,2024-01-31,경상북도,영천시,임고면,수성리,300,141,159,305,145,160,5,4,1
4723037031,2024-01-31,경상북도,영천시,임고면,우항리,264,149,115,268,151,117,4,2,2
4723037032,2024-01-31,경상북도,영천시,임고면,고천리,108,59,49,108,60,48,0,1,-1
4723037033,2024-01-31,경상북도,영천시,임고면,매호리,294,153,141,291,151,140,-3,-2,-1
4723037034,2024-01-31,경상북도,영천시,임고면,양평리,293,162,131,299,167,132,6,5,1
4723038021,2024-01-31,경상북도,영천시,고경면,단포리,691,348,343,682,343,339,-9,-5,-4
4723038022,2024-01-31,경상북도,영천시,고경면,창하리,1093,727,366,1174,798,376,81,71,10
4723038023,2024-01-31,경상북도,영천시,고경면,창상리,236,125,111,242,127,115,6,2,4
4723038024,2024-01-31,경상북도,영천시,고경면,대의리,224,114,110,223,113,110,-1,-1,0
4723038025,2024-01-31,경상북도,영천시,고경면,대성리,100,51,49,102,52,50,2,1,1
4723038026,2024-01-31,경상북도,영천시,고경면,오류리,118,54,64,116,53,63,-2,-1,-1
4723038027,2024-01-31,경상북도,영천시,고경면,고도리,151,73,78,151,72,79,0,-1,1
4723038028,2024-01-31,경상북도,영천시,고경면,부리,47,20,27,47,20,27,0,0,0
4723038029,2024-01-31,경상북도,영천시,고경면,용전리,220,118,102,223,121,102,3,3,0
4723038030,2024-01-31,경상북도,영천시,고경면,도암리,349,182,167,358,186,172,9,4,5
4723038031,2024-01-31,경상북도,영천시,고경면,상리리,252,128,124,262,139,123,10,11,-1
4723038032,2024-01-31,경상북도,영천시,고경면,학리,95,43,52,95,44,51,0,1,-1
4723038033,2024-01-31,경상북도,영천시,고경면,해선리,257,125,132,267,131,136,10,6,4
4723038034,2024-01-31,경상북도,영천시,고경면,전사리,142,74,68,139,73,66,-3,-1,-2
4723038035,2024-01-31,경상북도,영천시,고경면,동도리,125,62,63,123,61,62,-2,-1,-1
4723038036,2024-01-31,경상북도,영천시,고경면,차당리,102,56,46,101,56,45,-1,0,-1
4723038037,2024-01-31,경상북도,영천시,고경면,삼귀리,78,41,37,78,41,37,0,0,0
4723038038,2024-01-31,경상북도,영천시,고경면,초일리,46,24,22,46,24,22,0,0,0
4723038039,2024-01-31,경상북도,영천시,고경면,상덕리,158,90,68,157,89,68,-1,-1,0
4723038040,2024-01-31,경상북도,영천시,고경면,가수리,136,72,64,136,72,64,0,0,0
4723038041,2024-01-31,경상북도,영천시,고경면,석계리,116,60,56,116,60,56,0,0,0
4723038042,2024-01-31,경상북도,영천시,고경면,삼산리,95,54,41,94,54,40,-1,0,-1
4723038043,2024-01-31,경상북도,영천시,고경면,삼포리,133,69,64,131,69,62,-2,0,-2
4723038044,2024-01-31,경상북도,영천시,고경면,오룡리,122,66,56,123,66,57,1,0,1
4723038045,2024-01-31,경상북도,영천시,고경면,덕암리,132,69,63,128,68,60,-4,-1,-3
4723038046,2024-01-31,경상북도,영천시,고경면,청정리,178,96,82,177,95,82,-1,-1,0
4723038047,2024-01-31,경상북도,영천시,고경면,파계리,87,43,44,85,43,42,-2,0,-2
4723038048,2024-01-31,경상북도,영천시,고경면,칠전리,59,31,28,59,31,28,0,0,0
4723038049,2024-01-31,경상북도,영천시,고경면,덕정리,84,44,40,83,43,40,-1,-1,0
4723038051,2024-01-31,경상북도,영천시,고경면,논실리,61,35,26,60,34,26,-1,-1,0
4723039021,2024-01-31,경상북도,영천시,북안면,상리,146,69,77,143,69,74,-3,0,-3
4723039022,2024-01-31,경상북도,영천시,북안면,당리,137,73,64,138,74,64,1,1,0
4723039023,2024-01-31,경상북도,영천시,북안면,북리,204,103,101,205,103,102,1,0,1
4723039024,2024-01-31,경상북도,영천시,북안면,도유리,119,57,62,117,56,61,-2,-1,-1
4723039025,2024-01-31,경상북도,영천시,북안면,명주리,157,74,83,156,74,82,-1,0,-1
4723039026,2024-01-31,경상북도,영천시,북안면,용계리,160,82,78,158,82,76,-2,0,-2
4723039027,2024-01-31,경상북도,영천시,북안면,신대리,130,64,66,130,64,66,0,0,0
4723039028,2024-01-31,경상북도,영천시,북안면,신리리,133,64,69,136,66,70,3,2,1
4723039029,2024-01-31,경상북도,영천시,북안면,효리,112,51,61,112,51,61,0,0,0
4723039030,2024-01-31,경상북도,영천시,북안면,도천리,281,158,123,277,157,120,-4,-1,-3
4723039031,2024-01-31,경상북도,영천시,북안면,옥천리,138,76,62,137,76,61,-1,0,-1
4723039032,2024-01-31,경상북도,영천시,북안면,서당리,89,54,35,88,53,35,-1,-1,0
4723039033,2024-01-31,경상북도,영천시,북안면,고지리,640,346,294,635,341,294,-5,-5,0
4723039034,2024-01-31,경상북도,영천시,북안면,임포리,621,314,307,614,312,302,-7,-2,-5
4723039035,2024-01-31,경상북도,영천시,북안면,반계리,42,17,25,40,17,23,-2,0,-2
4723039036,2024-01-31,경상북도,영천시,북안면,자포리,141,74,67,141,74,67,0,0,0
4723039037,2024-01-31,경상북도,영천시,북안면,신촌리,47,30,17,48,30,18,1,0,1
4723039038,2024-01-31,경상북도,영천시,북안면,관리,58,33,25,57,33,24,-1,0,-1
4723039039,2024-01-31,경상북도,영천시,북안면,원당리,63,42,21,61,40,21,-2,-2,0
4723039040,2024-01-31,경상북도,영천시,북안면,내포리,73,34,39,73,35,38,0,1,-1
4723039041,2024-01-31,경상북도,영천시,북안면,반정리,281,154,127,282,155,127,1,1,0
4723039042,2024-01-31,경상북도,영천시,북안면,송포리,238,116,122,239,115,124,1,-1,2
4723039043,2024-01-31,경상북도,영천시,북안면,유하리,197,109,88,192,107,85,-5,-2,-3
4723039044,2024-01-31,경상북도,영천시,북안면,유상리,191,99,92,191,99,92,0,0,0
4723040021,2024-01-31,경상북도,영천시,대창면,직천리,102,53,49,103,54,49,1,1,0
4723040022,2024-01-31,경상북도,영천시,대창면,운천리,185,97,88,182,96,86,-3,-1,-2
4723040023,2024-01-31,경상북도,영천시,대창면,용전리,121,67,54,116,63,53,-5,-4,-1
4723040024,2024-01-31,경상북도,영천시,대창면,어방리,83,53,30,82,52,30,-1,-1,0
4723040025,2024-01-31,경상북도,영천시,대창면,오길리,213,106,107,215,107,108,2,1,1
4723040026,2024-01-31,경상북도,영천시,대창면,용호리,133,70,63,133,70,63,0,0,0
4723040027,2024-01-31,경상북도,영천시,대창면,신광리,239,117,122,237,116,121,-2,-1,-1
4723040028,2024-01-31,경상북도,영천시,대창면,조곡리,182,95,87,182,95,87,0,0,0
4723040029,2024-01-31,경상북도,영천시,대창면,대재리,170,90,80,163,87,76,-7,-3,-4
4723040030,2024-01-31,경상북도,영천시,대창면,구지리,271,151,120,267,148,119,-4,-3,-1
4723040031,2024-01-31,경상북도,영천시,대창면,사리리,247,147,100,248,147,101,1,0,1
4723040032,2024-01-31,경상북도,영천시,대창면,대창리,654,353,301,659,356,303,5,3,2
4723040033,2024-01-31,경상북도,영천시,대창면,강회리,193,88,105,191,87,104,-2,-1,-1
4723040034,2024-01-31,경상북도,영천시,대창면,병암리,229,114,115,229,113,116,0,-1,1
4725010100,2024-01-31,경상북도,상주시,성하동,성하동,222,111,111,222,111,111,0,0,0
4725010200,2024-01-31,경상북도,상주시,성동동,성동동,2029,947,1082,2023,945,1078,-6,-2,-4
4725010300,2024-01-31,경상북도,상주시,인봉동,인봉동,371,189,182,368,189,179,-3,0,-3
4725010400,2024-01-31,경상북도,상주시,복룡동,복룡동,4287,2053,2234,4295,2052,2243,8,-1,9
4725010500,2024-01-31,경상북도,상주시,냉림동,냉림동,6871,3259,3612,6844,3241,3603,-27,-18,-9
4725010600,2024-01-31,경상북도,상주시,서성동,서성동,511,244,267,500,237,263,-11,-7,-4
4725010700,2024-01-31,경상북도,상주시,남성동,남성동,3440,1657,1783,3440,1658,1782,0,1,-1
4725010800,2024-01-31,경상북도,상주시,서문동,서문동,1083,512,571,1076,511,565,-7,-1,-6
4725010900,2024-01-31,경상북도,상주시,무양동,무양동,7146,3518,3628,7115,3494,3621,-31,-24,-7
4725011000,2024-01-31,경상북도,상주시,낙양동,낙양동,6568,3307,3261,6568,3289,3279,0,-18,18
4725011100,2024-01-31,경상북도,상주시,개운동,개운동,408,194,214,402,192,210,-6,-2,-4
4725011200,2024-01-31,경상북도,상주시,신봉동,신봉동,6533,3180,3353,6502,3162,3340,-31,-18,-13
4725011300,2024-01-31,경상북도,상주시,가장동,가장동,1083,633,450,1040,611,429,-43,-22,-21
4725011400,2024-01-31,경상북도,상주시,양촌동,양촌동,281,140,141,280,139,141,-1,-1,0
4725011500,2024-01-31,경상북도,상주시,지천동,지천동,361,173,188,367,176,191,6,3,3
4725011600,2024-01-31,경상북도,상주시,오대동,오대동,178,87,91,175,86,89,-3,-1,-2
4725011700,2024-01-31,경상북도,상주시,흥각동,흥각동,164,89,75,165,90,75,1,1,0
4725011800,2024-01-31,경상북도,상주시,거동동,거동동,273,149,124,268,144,124,-5,-5,0
4725011900,2024-01-31,경상북도,상주시,인평동,인평동,399,204,195,398,204,194,-1,0,-1
4725012000,2024-01-31,경상북도,상주시,서곡동,서곡동,408,202,206,410,203,207,2,1,1
4725012100,2024-01-31,경상북도,상주시,화개동,화개동,131,60,71,131,60,71,0,0,0
4725012200,2024-01-31,경상북도,상주시,외답동,외답동,557,270,287,553,272,281,-4,2,-6
4725012300,2024-01-31,경상북도,상주시,헌신동,헌신동,263,147,116,262,147,115,-1,0,-1
4725012400,2024-01-31,경상북도,상주시,병성동,병성동,191,91,100,191,91,100,0,0,0
4725012500,2024-01-31,경상북도,상주시,도남동,도남동,201,95,106,199,96,103,-2,1,-3
4725012600,2024-01-31,경상북도,상주시,낙상동,낙상동,128,61,67,129,61,68,1,0,1
4725012700,2024-01-31,경상북도,상주시,중덕동,중덕동,294,140,154,296,139,157,2,-1,3
4725012800,2024-01-31,경상북도,상주시,초산동,초산동,276,130,146,271,127,144,-5,-3,-2
4725012900,2024-01-31,경상북도,상주시,화산동,화산동,436,219,217,439,220,219,3,1,2
4725013000,2024-01-31,경상북도,상주시,계산동,계산동,1154,575,579,1139,567,572,-15,-8,-7
4725013100,2024-01-31,경상북도,상주시,부원동,부원동,362,189,173,364,188,176,2,-1,3
4725013200,2024-01-31,경상북도,상주시,죽전동,죽전동,277,138,139,276,139,137,-1,1,-2
4725013300,2024-01-31,경상북도,상주시,만산동,만산동,895,463,432,898,467,431,3,4,-1
4725013400,2024-01-31,경상북도,상주시,연원동,연원동,604,308,296,595,303,292,-9,-5,-4
4725013500,2024-01-31,경상북도,상주시,남장동,남장동,345,168,177,342,167,175,-3,-1,-2
4725013600,2024-01-31,경상북도,상주시,남적동,남적동,285,134,151,283,134,149,-2,0,-2
4725025021,2024-01-31,경상북도,상주시,함창읍,구향리,2572,1235,1337,2579,1238,1341,7,3,4
4725025022,2024-01-31,경상북도,상주시,함창읍,오동리,783,357,426,773,357,416,-10,0,-10
4725025023,2024-01-31,경상북도,상주시,함창읍,오사리,290,152,138,289,150,139,-1,-2,1
4725025024,2024-01-31,경상북도,상주시,함창읍,증촌리,442,210,232,441,211,230,-1,1,-2
4725025025,2024-01-31,경상북도,상주시,함창읍,교촌리,191,91,100,190,90,100,-1,-1,0
4725025026,2024-01-31,경상북도,상주시,함창읍,나한리,83,41,42,82,41,41,-1,0,-1
4725025027,2024-01-31,경상북도,상주시,함창읍,대조리,297,147,150,295,146,149,-2,-1,-1
4725025028,2024-01-31,경상북도,상주시,함창읍,윤직리,309,182,127,308,180,128,-1,-2,1
4725025029,2024-01-31,경상북도,상주시,함창읍,덕통리,173,85,88,173,84,89,0,-1,1
4725025030,2024-01-31,경상북도,상주시,함창읍,척동리,191,80,111,191,80,111,0,0,0
4725025031,2024-01-31,경상북도,상주시,함창읍,태봉리,189,96,93,188,96,92,-1,0,-1
4725025032,2024-01-31,경상북도,상주시,함창읍,신흥리,284,146,138,293,153,140,9,7,2
4725025033,2024-01-31,경상북도,상주시,함창읍,신덕리,142,64,78,145,65,80,3,1,2
4725025034,2024-01-31,경상북도,상주시,함창읍,금곡리,123,58,65,122,57,65,-1,-1,0
4725025035,2024-01-31,경상북도,상주시,함창읍,하갈리,130,62,68,130,62,68,0,0,0
4725031021,2024-01-31,경상북도,상주시,중동면,회상리,214,114,100,217,115,102,3,1,2
4725031022,2024-01-31,경상북도,상주시,중동면,오상리,303,144,159,303,143,160,0,-1,1
4725031023,2024-01-31,경상북도,상주시,중동면,죽암리,247,125,122,247,126,121,0,1,-1
4725031024,2024-01-31,경상북도,상주시,중동면,간상리,240,110,130,241,111,130,1,1,0
4725031025,2024-01-31,경상북도,상주시,중동면,신암리,122,62,60,123,63,60,1,1,0
4725031026,2024-01-31,경상북도,상주시,중동면,금당리,117,55,62,117,55,62,0,0,0
4725031027,2024-01-31,경상북도,상주시,중동면,우물리,75,38,37,75,39,36,0,1,-1
4725032521,2024-01-31,경상북도,상주시,사벌국면,덕담리,592,294,298,588,289,299,-4,-5,1
4725032522,2024-01-31,경상북도,상주시,사벌국면,원흥리,398,187,211,396,187,209,-2,0,-2
4725032523,2024-01-31,경상북도,상주시,사벌국면,두릉리,200,88,112,198,86,112,-2,-2,0
4725032524,2024-01-31,경상북도,상주시,사벌국면,목가리,197,109,88,197,109,88,0,0,0
4725032525,2024-01-31,경상북도,상주시,사벌국면,덕가리,179,91,88,179,91,88,0,0,0
4725032526,2024-01-31,경상북도,상주시,사벌국면,용담리,306,157,149,306,156,150,0,-1,1
4725032527,2024-01-31,경상북도,상주시,사벌국면,묵상리,221,112,109,225,114,111,4,2,2
4725032528,2024-01-31,경상북도,상주시,사벌국면,묵하리,211,108,103,212,109,103,1,1,0
4725032529,2024-01-31,경상북도,상주시,사벌국면,매협리,236,118,118,239,118,121,3,0,3
4725032530,2024-01-31,경상북도,상주시,사벌국면,매호리,187,89,98,190,90,100,3,1,2
4725032531,2024-01-31,경상북도,상주시,사벌국면,퇴강리,104,55,49,106,55,51,2,0,2
4725032532,2024-01-31,경상북도,상주시,사벌국면,엄암리,278,142,136,279,141,138,1,-1,2
4725032533,2024-01-31,경상북도,상주시,사벌국면,금흔리,185,86,99,184,86,98,-1,0,-1
4725032534,2024-01-31,경상북도,상주시,사벌국면,화달리,234,122,112,233,120,113,-1,-2,1
4725032535,2024-01-31,경상북도,상주시,사벌국면,삼덕리,168,80,88,168,80,88,0,0,0
4725033021,2024-01-31,경상북도,상주시,낙동면,상촌리,472,230,242,466,226,240,-6,-4,-2
4725033022,2024-01-31,경상북도,상주시,낙동면,낙동리,448,223,225,447,223,224,-1,0,-1
4725033023,2024-01-31,경상북도,상주시,낙동면,장곡리,103,50,53,103,50,53,0,0,0
4725033024,2024-01-31,경상북도,상주시,낙동면,구잠리,209,110,99,206,108,98,-3,-2,-1
4725033025,2024-01-31,경상북도,상주시,낙동면,물량리,210,98,112,206,95,111,-4,-3,-1
4725033026,2024-01-31,경상북도,상주시,낙동면,분황리,205,106,99,207,108,99,2,2,0
4725033027,2024-01-31,경상북도,상주시,낙동면,성동리,207,98,109,205,98,107,-2,0,-2
4725033028,2024-01-31,경상북도,상주시,낙동면,신상리,373,177,196,370,177,193,-3,0,-3
4725033029,2024-01-31,경상북도,상주시,낙동면,화산리,235,117,118,234,116,118,-1,-1,0
4725033030,2024-01-31,경상북도,상주시,낙동면,내곡리,165,79,86,166,79,87,1,0,1
4725033031,2024-01-31,경상북도,상주시,낙동면,운평리,139,70,69,139,70,69,0,0,0
4725033032,2024-01-31,경상북도,상주시,낙동면,승곡리,221,113,108,219,113,106,-2,0,-2
4725033033,2024-01-31,경상북도,상주시,낙동면,비룡리,180,94,86,178,92,86,-2,-2,0
4725033034,2024-01-31,경상북도,상주시,낙동면,용포리,131,65,66,131,65,66,0,0,0
4725033035,2024-01-31,경상북도,상주시,낙동면,수정리,110,54,56,111,56,55,1,2,-1
4725033036,2024-01-31,경상북도,상주시,낙동면,신오리,197,94,103,194,94,100,-3,0,-3
4725033037,2024-01-31,경상북도,상주시,낙동면,유곡리,226,109,117,225,109,116,-1,0,-1
4725034021,2024-01-31,경상북도,상주시,청리면,원장리,361,178,183,361,178,183,0,0,0
4725034022,2024-01-31,경상북도,상주시,청리면,월로리,234,109,125,232,109,123,-2,0,-2
4725034023,2024-01-31,경상북도,상주시,청리면,청하리,419,196,223,414,194,220,-5,-2,-3
4725034024,2024-01-31,경상북도,상주시,청리면,청상리,172,80,92,172,81,91,0,1,-1
4725034025,2024-01-31,경상북도,상주시,청리면,마공리,247,127,120,247,127,120,0,0,0
4725034026,2024-01-31,경상북도,상주시,청리면,가천리,241,120,121,241,120,121,0,0,0
4725034027,2024-01-31,경상북도,상주시,청리면,하초리,70,36,34,74,39,35,4,3,1
4725034028,2024-01-31,경상북도,상주시,청리면,수상리,154,74,80,149,72,77,-5,-2,-3
4725034029,2024-01-31,경상북도,상주시,청리면,덕산리,166,83,83,166,83,83,0,0,0
4725034030,2024-01-31,경상북도,상주시,청리면,율리,131,69,62,132,68,64,1,-1,2
4725034031,2024-01-31,경상북도,상주시,청리면,삼괴리,148,69,79,149,70,79,1,1,0
4725034032,2024-01-31,경상북도,상주시,청리면,학하리,144,68,76,147,69,78,3,1,2
4725035000,2024-01-31,경상북도,상주시,공성면,공성면,0,0,0,1,1,0,1,1,0
4725035021,2024-01-31,경상북도,상주시,공성면,옥산리,535,242,293,529,241,288,-6,-1,-5
4725035022,2024-01-31,경상북도,상주시,공성면,금계리,127,66,61,127,66,61,0,0,0
4725035023,2024-01-31,경상북도,상주시,공성면,장동리,204,101,103,205,103,102,1,2,-1
4725035024,2024-01-31,경상북도,상주시,공성면,거창리,177,86,91,175,85,90,-2,-1,-1
4725035025,2024-01-31,경상북도,상주시,공성면,영오리,112,62,50,112,62,50,0,0,0
4725035026,2024-01-31,경상북도,상주시,공성면,이화리,359,176,183,361,177,184,2,1,1
4725035027,2024-01-31,경상북도,상주시,공성면,산현리,677,341,336,684,347,337,7,6,1
4725035028,2024-01-31,경상북도,상주시,공성면,평천리,245,122,123,244,121,123,-1,-1,0
4725035029,2024-01-31,경상북도,상주시,공성면,무곡리,61,34,27,62,35,27,1,1,0
4725035030,2024-01-31,경상북도,상주시,공성면,용안리,135,74,61,134,74,60,-1,0,-1
4725035031,2024-01-31,경상북도,상주시,공성면,초오리,173,81,92,172,80,92,-1,-1,0
4725035032,2024-01-31,경상북도,상주시,공성면,인창리,146,71,75,148,72,76,2,1,1
4725035033,2024-01-31,경상북도,상주시,공성면,용신리,148,66,82,146,65,81,-2,-1,-1
4725035034,2024-01-31,경상북도,상주시,공성면,효곡리,131,67,64,128,65,63,-3,-2,-1
4725035035,2024-01-31,경상북도,상주시,공성면,봉산리,174,88,86,172,87,85,-2,-1,-1
4725035036,2024-01-31,경상북도,상주시,공성면,오광리,164,88,76,160,86,74,-4,-2,-2
4725035037,2024-01-31,경상북도,상주시,공성면,우하리,90,45,45,90,45,45,0,0,0
4725035038,2024-01-31,경상북도,상주시,공성면,신곡리,90,42,48,90,42,48,0,0,0
4725035039,2024-01-31,경상북도,상주시,공성면,도곡리,141,74,67,142,73,69,1,-1,2
4725036021,2024-01-31,경상북도,상주시,외남면,구서리,225,117,108,223,116,107,-2,-1,-1
4725036022,2024-01-31,경상북도,상주시,외남면,소상리,161,85,76,160,84,76,-1,-1,0
4725036023,2024-01-31,경상북도,상주시,외남면,신촌리,154,70,84,154,70,84,0,0,0
4725036024,2024-01-31,경상북도,상주시,외남면,송지리,137,72,65,137,73,64,0,1,-1
4725036025,2024-01-31,경상북도,상주시,외남면,신상리,285,141,144,284,141,143,-1,0,-1
4725036026,2024-01-31,경상북도,상주시,외남면,흔평리,254,129,125,251,128,123,-3,-1,-2
4725036027,2024-01-31,경상북도,상주시,외남면,소은리,147,67,80,140,63,77,-7,-4,-3
4725036028,2024-01-31,경상북도,상주시,외남면,지사리,193,102,91,196,104,92,3,2,1
4725037021,2024-01-31,경상북도,상주시,내서면,능암리,243,123,120,242,123,119,-1,0,-1
4725037022,2024-01-31,경상북도,상주시,내서면,신촌리,218,119,99,220,120,100,2,1,1
4725037023,2024-01-31,경상북도,상주시,내서면,북장리,167,84,83,166,83,83,-1,-1,0
4725037024,2024-01-31,경상북도,상주시,내서면,고곡리,144,72,72,154,79,75,10,7,3
4725037025,2024-01-31,경상북도,상주시,내서면,서만리,197,106,91,201,108,93,4,2,2
4725037026,2024-01-31,경상북도,상주시,내서면,서원리,334,188,146,344,193,151,10,5,5
4725037027,2024-01-31,경상북도,상주시,내서면,낙서리,204,89,115,215,94,121,11,5,6
4725037028,2024-01-31,경상북도,상주시,내서면,평지리,155,84,71,153,84,69,-2,0,-2
4725037029,2024-01-31,경상북도,상주시,내서면,노류리,185,91,94,183,91,92,-2,0,-2
4725038021,2024-01-31,경상북도,상주시,모동면,덕곡리,421,230,191,417,228,189,-4,-2,-2
4725038022,2024-01-31,경상북도,상주시,모동면,이동리,284,147,137,283,148,135,-1,1,-2
4725038023,2024-01-31,경상북도,상주시,모동면,용호리,453,225,228,448,226,222,-5,1,-6
4725038024,2024-01-31,경상북도,상주시,모동면,금천리,272,123,149,271,123,148,-1,0,-1
4725038025,2024-01-31,경상북도,상주시,모동면,신천리,294,152,142,294,153,141,0,1,-1
4725038026,2024-01-31,경상북도,상주시,모동면,상판리,146,86,60,147,87,60,1,1,0
4725038027,2024-01-31,경상북도,상주시,모동면,반계리,167,93,74,164,91,73,-3,-2,-1
4725038028,2024-01-31,경상북도,상주시,모동면,정양리,149,70,79,151,70,81,2,0,2
4725038029,2024-01-31,경상북도,상주시,모동면,신흥리,143,74,69,144,74,70,1,0,1
4725038030,2024-01-31,경상북도,상주시,모동면,수봉리,231,114,117,227,110,117,-4,-4,0
4725039021,2024-01-31,경상북도,상주시,모서면,삼포리,303,146,157,304,146,158,1,0,1
4725039022,2024-01-31,경상북도,상주시,모서면,도안리,204,108,96,206,110,96,2,2,0
4725039023,2024-01-31,경상북도,상주시,모서면,소정리,190,94,96,189,94,95,-1,0,-1
4725039024,2024-01-31,경상북도,상주시,모서면,대포리,175,94,81,179,94,85,4,0,4
4725039025,2024-01-31,경상북도,상주시,모서면,석산리,224,107,117,225,107,118,1,0,1
4725039026,2024-01-31,경상북도,상주시,모서면,가막리,136,72,64,135,72,63,-1,0,-1
4725039027,2024-01-31,경상북도,상주시,모서면,지산리,217,115,102,218,115,103,1,0,1
4725039028,2024-01-31,경상북도,상주시,모서면,화현리,179,96,83,180,96,84,1,0,1
4725039029,2024-01-31,경상북도,상주시,모서면,득수리,227,117,110,230,118,112,3,1,2
4725039030,2024-01-31,경상북도,상주시,모서면,백학리,122,59,63,123,59,64,1,0,1
4725039031,2024-01-31,경상북도,상주시,모서면,정산리,199,98,101,194,97,97,-5,-1,-4
4725039032,2024-01-31,경상북도,상주시,모서면,호음리,164,72,92,162,71,91,-2,-1,-1
4725040021,2024-01-31,경상북도,상주시,화동면,이소리,532,267,265,526,264,262,-6,-3,-3
4725040022,2024-01-31,경상북도,상주시,화동면,선교리,266,128,138,262,128,134,-4,0,-4
4725040023,2024-01-31,경상북도,상주시,화동면,판곡리,186,98,88,186,99,87,0,1,-1
4725040024,2024-01-31,경상북도,상주시,화동면,어산리,106,48,58,104,48,56,-2,0,-2
4725040025,2024-01-31,경상북도,상주시,화동면,신촌리,234,104,130,234,105,129,0,1,-1
4725040026,2024-01-31,경상북도,상주시,화동면,반곡리,191,103,88,191,103,88,0,0,0
4725040027,2024-01-31,경상북도,상주시,화동면,보미리,126,66,60,125,66,59,-1,0,-1
4725040028,2024-01-31,경상북도,상주시,화동면,양지리,125,74,51,125,74,51,0,0,0
4725040029,2024-01-31,경상북도,상주시,화동면,평산리,118,58,60,120,59,61,2,1,1
4725041021,2024-01-31,경상북도,상주시,화서면,신봉리,538,263,275,540,265,275,2,2,0
4725041022,2024-01-31,경상북도,상주시,화서면,상현리,352,163,189,353,164,189,1,1,0
4725041023,2024-01-31,경상북도,상주시,화서면,달천리,208,98,110,212,99,113,4,1,3
4725041024,2024-01-31,경상북도,상주시,화서면,상용리,563,278,285,560,276,284,-3,-2,-1
4725041025,2024-01-31,경상북도,상주시,화서면,금산리,186,88,98,187,88,99,1,0,1
4725041026,2024-01-31,경상북도,상주시,화서면,사산리,149,73,76,149,73,76,0,0,0
4725041027,2024-01-31,경상북도,상주시,화서면,율림리,197,102,95,197,102,95,0,0,0
4725041028,2024-01-31,경상북도,상주시,화서면,봉촌리,142,66,76,141,65,76,-1,-1,0
4725041029,2024-01-31,경상북도,상주시,화서면,지산리,208,99,109,205,101,104,-3,2,-5
4725041030,2024-01-31,경상북도,상주시,화서면,상곡리,234,121,113,234,121,113,0,0,0
4725041031,2024-01-31,경상북도,상주시,화서면,하송리,152,78,74,153,78,75,1,0,1
4725042021,2024-01-31,경상북도,상주시,화북면,용유리,311,152,159,309,151,158,-2,-1,-1
4725042022,2024-01-31,경상북도,상주시,화북면,장암리,228,112,116,229,112,117,1,0,1
4725042023,2024-01-31,경상북도,상주시,화북면,상오리,254,131,123,254,131,123,0,0,0
4725042024,2024-01-31,경상북도,상주시,화북면,입석리,342,178,164,338,178,160,-4,0,-4
4725042025,2024-01-31,경상북도,상주시,화북면,중벌리,183,98,85,180,97,83,-3,-1,-2
4725042026,2024-01-31,경상북도,상주시,화북면,운흥리,132,72,60,133,73,60,1,1,0
4725043021,2024-01-31,경상북도,상주시,외서면,연봉리,318,150,168,319,152,167,1,2,-1
4725043022,2024-01-31,경상북도,상주시,외서면,관동리,311,141,170,314,142,172,3,1,2
4725043023,2024-01-31,경상북도,상주시,외서면,개곡리,149,67,82,146,65,81,-3,-2,-1
4725043024,2024-01-31,경상북도,상주시,외서면,이천리,162,80,82,161,80,81,-1,0,-1
4725043025,2024-01-31,경상북도,상주시,외서면,봉강리,292,150,142,293,151,142,1,1,0
4725043026,2024-01-31,경상북도,상주시,외서면,백전리,160,76,84,161,78,83,1,2,-1
4725043027,2024-01-31,경상북도,상주시,외서면,가곡리,175,83,92,175,84,91,0,1,-1
4725043028,2024-01-31,경상북도,상주시,외서면,관현리,92,53,39,90,52,38,-2,-1,-1
4725043029,2024-01-31,경상북도,상주시,외서면,우산리,172,83,89,171,83,88,-1,0,-1
4725043030,2024-01-31,경상북도,상주시,외서면,이촌리,138,69,69,138,68,70,0,-1,1
4725043031,2024-01-31,경상북도,상주시,외서면,대전리,500,207,293,499,206,293,-1,-1,0
4725043032,2024-01-31,경상북도,상주시,외서면,예의리,98,52,46,98,52,46,0,0,0
4725044021,2024-01-31,경상북도,상주시,은척면,봉중리,203,83,120,201,83,118,-2,0,-2
4725044022,2024-01-31,경상북도,상주시,은척면,봉상리,140,65,75,145,66,79,5,1,4
4725044023,2024-01-31,경상북도,상주시,은척면,우기리,172,91,81,170,91,79,-2,0,-2
4725044024,2024-01-31,경상북도,상주시,은척면,남곡리,144,68,76,142,68,74,-2,0,-2
4725044025,2024-01-31,경상북도,상주시,은척면,문암리,74,34,40,77,36,41,3,2,1
4725044026,2024-01-31,경상북도,상주시,은척면,두곡리,118,56,62,118,57,61,0,1,-1
4725044027,2024-01-31,경상북도,상주시,은척면,장암리,107,63,44,108,64,44,1,1,0
4725044028,2024-01-31,경상북도,상주시,은척면,무릉리,134,67,67,136,67,69,2,0,2
4725044029,2024-01-31,경상북도,상주시,은척면,황령리,179,94,85,180,94,86,1,0,1
4725044030,2024-01-31,경상북도,상주시,은척면,하흘리,195,87,108,195,88,107,0,1,-1
4725045021,2024-01-31,경상북도,상주시,공검면,부곡리,182,80,102,180,79,101,-2,-1,-1
4725045022,2024-01-31,경상북도,상주시,공검면,동막리,229,112,117,228,113,115,-1,1,-2
4725045023,2024-01-31,경상북도,상주시,공검면,병암리,127,63,64,129,64,65,2,1,1
4725045024,2024-01-31,경상북도,상주시,공검면,오태리,100,53,47,101,53,48,1,0,1
4725045025,2024-01-31,경상북도,상주시,공검면,양정리,471,237,234,468,237,231,-3,0,-3
4725045026,2024-01-31,경상북도,상주시,공검면,화동리,232,106,126,228,105,123,-4,-1,-3
4725045027,2024-01-31,경상북도,상주시,공검면,역곡리,180,87,93,173,84,89,-7,-3,-4
4725045028,2024-01-31,경상북도,상주시,공검면,율곡리,225,108,117,223,107,116,-2,-1,-1
4725045029,2024-01-31,경상북도,상주시,공검면,예주리,118,56,62,119,56,63,1,0,1
4725045030,2024-01-31,경상북도,상주시,공검면,지평리,70,25,45,70,25,45,0,0,0
4725045031,2024-01-31,경상북도,상주시,공검면,중소리,135,64,71,135,64,71,0,0,0
4725046021,2024-01-31,경상북도,상주시,이안면,양범리,304,151,153,309,156,153,5,5,0
4725046022,2024-01-31,경상북도,상주시,이안면,문창리,208,97,111,209,97,112,1,0,1
4725046023,2024-01-31,경상북도,상주시,이안면,안용리,203,97,106,203,97,106,0,0,0
4725046024,2024-01-31,경상북도,상주시,이안면,구미리,112,57,55,113,57,56,1,0,1
4725046025,2024-01-31,경상북도,상주시,이안면,대현리,80,39,41,85,41,44,5,2,3
4725046026,2024-01-31,경상북도,상주시,이안면,아천리,224,115,109,228,118,110,4,3,1
4725046027,2024-01-31,경상북도,상주시,이안면,지산리,203,94,109,204,95,109,1,1,0
4725046028,2024-01-31,경상북도,상주시,이안면,흑암리,192,89,103,191,90,101,-1,1,-2
4725046029,2024-01-31,경상북도,상주시,이안면,소암리,99,50,49,101,50,51,2,0,2
4725046030,2024-01-31,경상북도,상주시,이안면,여물리,133,74,59,133,74,59,0,0,0
4725046031,2024-01-31,경상북도,상주시,이안면,가장리,88,45,43,89,45,44,1,0,1
4725046033,2024-01-31,경상북도,상주시,이안면,이안리,129,61,68,126,59,67,-3,-2,-1
4725047021,2024-01-31,경상북도,상주시,화남면,동관리,147,77,70,144,76,68,-3,-1,-2
4725047022,2024-01-31,경상북도,상주시,화남면,평온리,269,125,144,268,124,144,-1,-1,0
4725047023,2024-01-31,경상북도,상주시,화남면,임곡리,62,35,27,62,35,27,0,0,0
4725047024,2024-01-31,경상북도,상주시,화남면,중눌리,184,94,90,190,96,94,6,2,4
4725047025,2024-01-31,경상북도,상주시,화남면,소곡리,118,57,61,117,56,61,-1,-1,0
4728010100,2024-01-31,경상북도,문경시,점촌동,점촌동,6817,3318,3499,6807,3314,3493,-10,-4,-6
4728010200,2024-01-31,경상북도,문경시,영신동,영신동,536,272,264,530,270,260,-6,-2,-4
4728010300,2024-01-31,경상북도,문경시,흥덕동,흥덕동,8343,4116,4227,8292,4092,4200,-51,-24,-27
4728010400,2024-01-31,경상북도,문경시,우지동,우지동,193,95,98,196,95,101,3,0,3
4728010500,2024-01-31,경상북도,문경시,창동,창동,182,87,95,182,87,95,0,0,0
4728010600,2024-01-31,경상북도,문경시,신기동,신기동,1193,600,593,1204,603,601,11,3,8
4728010700,2024-01-31,경상북도,문경시,불정동,불정동,244,126,118,240,124,116,-4,-2,-2
4728010800,2024-01-31,경상북도,문경시,유곡동,유곡동,523,259,264,516,255,261,-7,-4,-3
4728010900,2024-01-31,경상북도,문경시,공평동,공평동,1007,511,496,1012,512,500,5,1,4
4728011000,2024-01-31,경상북도,문경시,모전동,모전동,20569,9972,10597,20485,9921,10564,-84,-51,-33
4728011100,2024-01-31,경상북도,문경시,윤직동,윤직동,272,135,137,271,134,137,-1,-1,0
4728025021,2024-01-31,경상북도,문경시,문경읍,상리,656,307,349,653,305,348,-3,-2,-1
4728025022,2024-01-31,경상북도,문경시,문경읍,하리,1874,909,965,1890,921,969,16,12,4
4728025023,2024-01-31,경상북도,문경시,문경읍,교촌리,735,327,408,723,323,400,-12,-4,-8
4728025024,2024-01-31,경상북도,문경시,문경읍,요성리,334,152,182,333,151,182,-1,-1,0
4728025025,2024-01-31,경상북도,문경시,문경읍,지곡리,164,78,86,164,77,87,0,-1,1
4728025026,2024-01-31,경상북도,문경시,문경읍,마원리,443,215,228,436,210,226,-7,-5,-2
4728025027,2024-01-31,경상북도,문경시,문경읍,진안리,122,64,58,119,63,56,-3,-1,-2
4728025028,2024-01-31,경상북도,문경시,문경읍,각서리,145,67,78,146,68,78,1,1,0
4728025029,2024-01-31,경상북도,문경시,문경읍,하초리,207,101,106,208,102,106,1,1,0
4728025030,2024-01-31,경상북도,문경시,문경읍,상초리,80,40,40,81,41,40,1,1,0
4728025031,2024-01-31,경상북도,문경시,문경읍,고요리,437,205,232,441,206,235,4,1,3
4728025032,2024-01-31,경상북도,문경시,문경읍,팔영리,212,108,104,209,107,102,-3,-1,-2
4728025033,2024-01-31,경상북도,문경시,문경읍,당포리,283,133,150,282,132,150,-1,-1,0
4728025034,2024-01-31,경상북도,문경시,문경읍,용연리,149,71,78,144,67,77,-5,-4,-1
4728025035,2024-01-31,경상북도,문경시,문경읍,평천리,247,126,121,247,126,121,0,0,0
4728025036,2024-01-31,경상북도,문경시,문경읍,갈평리,330,164,166,328,162,166,-2,-2,0
4728025037,2024-01-31,경상북도,문경시,문경읍,중평리,130,67,63,129,67,62,-1,0,-1
4728025038,2024-01-31,경상북도,문경시,문경읍,관음리,228,131,97,228,130,98,0,-1,1
4728025321,2024-01-31,경상북도,문경시,가은읍,왕능리,1172,551,621,1149,537,612,-23,-14,-9
4728025322,2024-01-31,경상북도,문경시,가은읍,갈전리,331,163,168,329,161,168,-2,-2,0
4728025323,2024-01-31,경상북도,문경시,가은읍,저음리,77,41,36,77,41,36,0,0,0
4728025324,2024-01-31,경상북도,문경시,가은읍,작천리,329,160,169,329,160,169,0,0,0
4728025325,2024-01-31,경상북도,문경시,가은읍,성저리,232,115,117,234,116,118,2,1,1
4728025326,2024-01-31,경상북도,문경시,가은읍,수예리,63,34,29,63,34,29,0,0,0
4728025327,2024-01-31,경상북도,문경시,가은읍,민지리,113,56,57,113,56,57,0,0,0
4728025328,2024-01-31,경상북도,문경시,가은읍,전곡리,223,107,116,226,110,116,3,3,0
4728025329,2024-01-31,경상북도,문경시,가은읍,성유리,137,69,68,136,68,68,-1,-1,0
4728025330,2024-01-31,경상북도,문경시,가은읍,죽문리,171,93,78,172,93,79,1,0,1
4728025331,2024-01-31,경상북도,문경시,가은읍,완장리,288,142,146,289,142,147,1,0,1
4728025332,2024-01-31,경상북도,문경시,가은읍,원북리,208,127,81,212,129,83,4,2,2
4728025333,2024-01-31,경상북도,문경시,가은읍,상괴리,176,82,94,173,81,92,-3,-1,-2
4728025334,2024-01-31,경상북도,문경시,가은읍,하괴리,408,203,205,406,202,204,-2,-1,-1
4728031021,2024-01-31,경상북도,문경시,영순면,의곡리,397,202,195,394,202,192,-3,0,-3
4728031022,2024-01-31,경상북도,문경시,영순면,김용리,140,82,58,143,83,60,3,1,2
4728031023,2024-01-31,경상북도,문경시,영순면,포내리,227,118,109,224,117,107,-3,-1,-2
4728031024,2024-01-31,경상북도,문경시,영순면,사근리,513,290,223,505,286,219,-8,-4,-4
4728031025,2024-01-31,경상북도,문경시,영순면,왕태리,171,87,84,169,86,83,-2,-1,-1
4728031026,2024-01-31,경상북도,문경시,영순면,오룡리,82,42,40,83,42,41,1,0,1
4728031027,2024-01-31,경상북도,문경시,영순면,금림리,113,59,54,112,58,54,-1,-1,0
4728031028,2024-01-31,경상북도,문경시,영순면,달지리,182,87,95,175,84,91,-7,-3,-4
4728031029,2024-01-31,경상북도,문경시,영순면,이목리,130,70,60,129,70,59,-1,0,-1
4728031030,2024-01-31,경상북도,문경시,영순면,말응리,160,77,83,161,77,84,1,0,1
4728031031,2024-01-31,경상북도,문경시,영순면,율곡리,209,121,88,202,114,88,-7,-7,0
4728032021,2024-01-31,경상북도,문경시,산양면,녹문리,97,47,50,97,47,50,0,0,0
4728032022,2024-01-31,경상북도,문경시,산양면,현리,95,47,48,95,47,48,0,0,0
4728032023,2024-01-31,경상북도,문경시,산양면,부암리,93,46,47,94,47,47,1,1,0
4728032024,2024-01-31,경상북도,문경시,산양면,과곡리,232,117,115,237,118,119,5,1,4
4728032025,2024-01-31,경상북도,문경시,산양면,형천리,174,87,87,174,86,88,0,-1,1
4728032026,2024-01-31,경상북도,문경시,산양면,위만리,197,108,89,198,109,89,1,1,0
4728032027,2024-01-31,경상북도,문경시,산양면,우본리,122,60,62,122,60,62,0,0,0
4728032028,2024-01-31,경상북도,문경시,산양면,연소리,184,95,89,184,95,89,0,0,0
4728032029,2024-01-31,경상북도,문경시,산양면,불암리,277,128,149,275,128,147,-2,0,-2
4728032030,2024-01-31,경상북도,문경시,산양면,존도리,259,135,124,270,137,133,11,2,9
4728032031,2024-01-31,경상북도,문경시,산양면,봉정리,142,72,70,145,75,70,3,3,0
4728032032,2024-01-31,경상북도,문경시,산양면,진정리,221,118,103,217,114,103,-4,-4,0
4728032033,2024-01-31,경상북도,문경시,산양면,반곡리,402,212,190,401,214,187,-1,2,-3
4728032034,2024-01-31,경상북도,문경시,산양면,평지리,162,83,79,164,85,79,2,2,0
4728032035,2024-01-31,경상북도,문경시,산양면,송죽리,185,91,94,185,91,94,0,0,0
4728032036,2024-01-31,경상북도,문경시,산양면,신전리,141,76,65,139,75,64,-2,-1,-1
4728033021,2024-01-31,경상북도,문경시,호계면,견탄리,368,179,189,367,180,187,-1,1,-2
4728033022,2024-01-31,경상북도,문경시,호계면,별암리,498,208,290,483,202,281,-15,-6,-9
4728033023,2024-01-31,경상북도,문경시,호계면,호계리,256,132,124,257,133,124,1,1,0
4728033024,2024-01-31,경상북도,문경시,호계면,부곡리,148,75,73,146,74,72,-2,-1,-1
4728033025,2024-01-31,경상북도,문경시,호계면,선암리,127,63,64,129,63,66,2,0,2
4728033026,2024-01-31,경상북도,문경시,호계면,지천리,136,68,68,133,65,68,-3,-3,0
4728033027,2024-01-31,경상북도,문경시,호계면,가도리,153,73,80,154,74,80,1,1,0
4728033028,2024-01-31,경상북도,문경시,호계면,구산리,152,82,70,154,83,71,2,1,1
4728033029,2024-01-31,경상북도,문경시,호계면,우로리,187,94,93,189,96,93,2,2,0
4728033030,2024-01-31,경상북도,문경시,호계면,막곡리,261,137,124,260,136,124,-1,-1,0
4728033031,2024-01-31,경상북도,문경시,호계면,봉서리,55,30,25,53,29,24,-2,-1,-1
4728034021,2024-01-31,경상북도,문경시,산북면,서중리,135,75,60,135,74,61,0,-1,1
4728034022,2024-01-31,경상북도,문경시,산북면,대상리,279,135,144,276,132,144,-3,-3,0
4728034023,2024-01-31,경상북도,문경시,산북면,대하리,165,88,77,162,87,75,-3,-1,-2
4728034024,2024-01-31,경상북도,문경시,산북면,이곡리,104,52,52,104,52,52,0,0,0
4728034025,2024-01-31,경상북도,문경시,산북면,우곡리,172,81,91,171,81,90,-1,0,-1
4728034026,2024-01-31,경상북도,문경시,산북면,석봉리,172,88,84,171,88,83,-1,0,-1
4728034027,2024-01-31,경상북도,문경시,산북면,김용리,102,53,49,105,55,50,3,2,1
4728034028,2024-01-31,경상북도,문경시,산북면,거산리,117,62,55,119,62,57,2,0,2
4728034029,2024-01-31,경상북도,문경시,산북면,전두리,140,68,72,140,69,71,0,1,-1
4728034030,2024-01-31,경상북도,문경시,산북면,호암리,73,37,36,73,37,36,0,0,0
4728034031,2024-01-31,경상북도,문경시,산북면,가좌리,103,52,51,103,52,51,0,0,0
4728034032,2024-01-31,경상북도,문경시,산북면,창구리,89,46,43,89,46,43,0,0,0
4728034033,2024-01-31,경상북도,문경시,산북면,소야리,100,52,48,100,53,47,0,1,-1
4728034034,2024-01-31,경상북도,문경시,산북면,종곡리,74,39,35,74,39,35,0,0,0
4728034035,2024-01-31,경상북도,문경시,산북면,내화리,161,77,84,161,78,83,0,1,-1
4728034036,2024-01-31,경상북도,문경시,산북면,약석리,187,88,99,188,88,100,1,0,1
4728034037,2024-01-31,경상북도,문경시,산북면,회룡리,114,57,57,110,53,57,-4,-4,0
4728034038,2024-01-31,경상북도,문경시,산북면,가곡리,76,37,39,74,36,38,-2,-1,-1
4728034039,2024-01-31,경상북도,문경시,산북면,월천리,98,55,43,97,55,42,-1,0,-1
4728034040,2024-01-31,경상북도,문경시,산북면,지내리,113,55,58,113,55,58,0,0,0
4728034041,2024-01-31,경상북도,문경시,산북면,흑송리,79,42,37,80,43,37,1,1,0
4728035021,2024-01-31,경상북도,문경시,동로면,마광리,79,48,31,78,48,30,-1,0,-1
4728035022,2024-01-31,경상북도,문경시,동로면,인곡리,92,53,39,94,53,41,2,0,2
4728035023,2024-01-31,경상북도,문경시,동로면,수평리,135,67,68,136,66,70,1,-1,2
4728035024,2024-01-31,경상북도,문경시,동로면,간송리,205,105,100,207,105,102,2,0,2
4728035025,2024-01-31,경상북도,문경시,동로면,석항리,281,159,122,281,159,122,0,0,0
4728035026,2024-01-31,경상북도,문경시,동로면,노은리,296,146,150,299,147,152,3,1,2
4728035027,2024-01-31,경상북도,문경시,동로면,적성리,452,224,228,451,223,228,-1,-1,0
4728035028,2024-01-31,경상북도,문경시,동로면,생달리,234,112,122,234,113,121,0,1,-1
4728035029,2024-01-31,경상북도,문경시,동로면,명전리,184,99,85,183,98,85,-1,-1,0
4728036021,2024-01-31,경상북도,문경시,마성면,모곡리,183,91,92,180,89,91,-3,-2,-1
4728036022,2024-01-31,경상북도,문경시,마성면,정리,240,112,128,238,111,127,-2,-1,-1
4728036023,2024-01-31,경상북도,문경시,마성면,상내리,182,91,91,183,92,91,1,1,0
4728036024,2024-01-31,경상북도,문경시,마성면,하내리,301,138,163,300,137,163,-1,-1,0
4728036025,2024-01-31,경상북도,문경시,마성면,신현리,516,241,275,507,236,271,-9,-5,-4
4728036026,2024-01-31,경상북도,문경시,마성면,오천리,473,254,219,473,255,218,0,1,-1
4728036027,2024-01-31,경상북도,문경시,마성면,외어리,963,449,514,962,449,513,-1,0,-1
4728036028,2024-01-31,경상북도,문경시,마성면,남호리,506,242,264,505,242,263,-1,0,-1
4728037021,2024-01-31,경상북도,문경시,농암면,농암리,374,182,192,375,181,194,1,-1,2
4728037022,2024-01-31,경상북도,문경시,농암면,종곡리,310,154,156,313,155,158,3,1,2
4728037023,2024-01-31,경상북도,문경시,농암면,연천리,252,128,124,251,128,123,-1,0,-1
4728037024,2024-01-31,경상북도,문경시,농암면,궁기리,165,83,82,165,83,82,0,0,0
4728037025,2024-01-31,경상북도,문경시,농암면,내서리,526,220,306,523,219,304,-3,-1,-2
4728037026,2024-01-31,경상북도,문경시,농암면,화산리,235,106,129,234,105,129,-1,-1,0
4728037027,2024-01-31,경상북도,문경시,농암면,율수리,118,57,61,117,56,61,-1,-1,0
4728037028,2024-01-31,경상북도,문경시,농암면,갈동리,178,84,94,181,88,93,3,4,-1
4728037029,2024-01-31,경상북도,문경시,농암면,사현리,136,70,66,137,70,67,1,0,1
4728037030,2024-01-31,경상북도,문경시,농암면,지동리,140,70,70,140,70,70,0,0,0
4728037031,2024-01-31,경상북도,문경시,농암면,선곡리,115,54,61,114,53,61,-1,-1,0
4729010100,2024-01-31,경상북도,경산시,삼남동,삼남동,891,448,443,877,440,437,-14,-8,-6
4729010200,2024-01-31,경상북도,경산시,삼북동,삼북동,3465,1697,1768,3443,1688,1755,-22,-9,-13
4729010300,2024-01-31,경상북도,경산시,서상동,서상동,879,431,448,867,427,440,-12,-4,-8
4729010400,2024-01-31,경상북도,경산시,신교동,신교동,356,168,188,356,170,186,0,2,-2
4729010500,2024-01-31,경상북도,경산시,상방동,상방동,2799,1362,1437,2785,1353,1432,-14,-9,-5
4729010600,2024-01-31,경상북도,경산시,백천동,백천동,14189,6980,7209,14119,6936,7183,-70,-44,-26
4729010700,2024-01-31,경상북도,경산시,옥곡동,옥곡동,14591,6813,7778,14529,6766,7763,-62,-47,-15
4729010800,2024-01-31,경상북도,경산시,사정동,사정동,3323,1598,1725,3286,1574,1712,-37,-24,-13
4729010900,2024-01-31,경상북도,경산시,옥산동,옥산동,15822,7575,8247,15787,7559,8228,-35,-16,-19
4729011000,2024-01-31,경상북도,경산시,중산동,중산동,22209,10634,11575,23040,11052,11988,831,418,413
4729011100,2024-01-31,경상북도,경산시,정평동,정평동,13874,6626,7248,13794,6559,7235,-80,-67,-13
4729011200,2024-01-31,경상북도,경산시,대평동,대평동,4899,2403,2496,4861,2384,2477,-38,-19,-19
4729011300,2024-01-31,경상북도,경산시,대정동,대정동,198,107,91,200,108,92,2,1,1
4729011400,2024-01-31,경상북도,경산시,임당동,임당동,3488,2285,1203,3449,2269,1180,-39,-16,-23
4729011500,2024-01-31,경상북도,경산시,대동,대동,943,515,428,912,494,418,-31,-21,-10
4729011600,2024-01-31,경상북도,경산시,계양동,계양동,7575,3799,3776,7547,3790,3757,-28,-9,-19
4729011700,2024-01-31,경상북도,경산시,중방동,중방동,13373,6541,6832,13398,6559,6839,25,18,7
4729011800,2024-01-31,경상북도,경산시,조영동,조영동,4072,2218,1854,3957,2157,1800,-115,-61,-54
4729011900,2024-01-31,경상북도,경산시,남방동,남방동,143,62,81,141,61,80,-2,-1,-1
4729012000,2024-01-31,경상북도,경산시,내동,내동,149,84,65,149,84,65,0,0,0
4729012100,2024-01-31,경상북도,경산시,여천동,여천동,183,106,77,182,105,77,-1,-1,0
4729012200,2024-01-31,경상북도,경산시,유곡동,유곡동,225,112,113,212,104,108,-13,-8,-5
4729012300,2024-01-31,경상북도,경산시,신천동,신천동,305,161,144,305,161,144,0,0,0
4729012400,2024-01-31,경상북도,경산시,점촌동,점촌동,332,178,154,332,177,155,0,-1,1
4729012500,2024-01-31,경상북도,경산시,평산동,평산동,1751,864,887,1734,854,880,-17,-10,-7
4729012600,2024-01-31,경상북도,경산시,사동,사동,25870,12676,13194,25694,12584,13110,-176,-92,-84
4729012700,2024-01-31,경상북도,경산시,삼풍동,삼풍동,3659,2038,1621,3614,2016,1598,-45,-22,-23
4729012800,2024-01-31,경상북도,경산시,갑제동,갑제동,350,189,161,355,191,164,5,2,3
4729025021,2024-01-31,경상북도,경산시,하양읍,금락리,11631,5734,5897,11516,5676,5840,-115,-58,-57
4729025022,2024-01-31,경상북도,경산시,하양읍,동서리,7055,3512,3543,7044,3507,3537,-11,-5,-6
4729025023,2024-01-31,경상북도,경산시,하양읍,도리리,1176,576,600,1186,585,601,10,9,1
4729025024,2024-01-31,경상북도,경산시,하양읍,서사리,6785,3516,3269,6831,3541,3290,46,25,21
4729025025,2024-01-31,경상북도,경산시,하양읍,양지리,1509,774,735,1547,793,754,38,19,19
4729025026,2024-01-31,경상북도,경산시,하양읍,사기리,64,40,24,65,40,25,1,0,1
4729025027,2024-01-31,경상북도,경산시,하양읍,대곡리,172,85,87,170,84,86,-2,-1,-1
4729025028,2024-01-31,경상북도,경산시,하양읍,교리,166,87,79,165,87,78,-1,0,-1
4729025029,2024-01-31,경상북도,경산시,하양읍,한사리,261,135,126,264,136,128,3,1,2
4729025030,2024-01-31,경상북도,경산시,하양읍,대학리,113,82,31,113,83,30,0,1,-1
4729025031,2024-01-31,경상북도,경산시,하양읍,부호리,594,355,239,563,337,226,-31,-18,-13
4729025032,2024-01-31,경상북도,경산시,하양읍,은호리,274,133,141,279,134,145,5,1,4
4729025033,2024-01-31,경상북도,경산시,하양읍,남하리,506,263,243,504,262,242,-2,-1,-1
4729025034,2024-01-31,경상북도,경산시,하양읍,청천리,265,145,120,266,146,120,1,1,0
4729025035,2024-01-31,경상북도,경산시,하양읍,환상리,470,238,232,467,236,231,-3,-2,-1
4729025036,2024-01-31,경상북도,경산시,하양읍,대조리,374,195,179,378,196,182,4,1,3
4729025321,2024-01-31,경상북도,경산시,진량읍,신상리,5517,3112,2405,5488,3081,2407,-29,-31,2
4729025322,2024-01-31,경상북도,경산시,진량읍,선화리,7287,3715,3572,7257,3703,3554,-30,-12,-18
4729025323,2024-01-31,경상북도,경산시,진량읍,보인리,377,209,168,380,211,169,3,2,1
4729025324,2024-01-31,경상북도,경산시,진량읍,봉회리,4219,2094,2125,4201,2081,2120,-18,-13,-5
4729025325,2024-01-31,경상북도,경산시,진량읍,북리,4008,1992,2016,3999,1991,2008,-9,-1,-8
4729025326,2024-01-31,경상북도,경산시,진량읍,부기리,3683,1771,1912,3690,1776,1914,7,5,2
4729025327,2024-01-31,경상북도,경산시,진량읍,양기리,2729,1386,1343,2716,1381,1335,-13,-5,-8
4729025328,2024-01-31,경상북도,경산시,진량읍,상림리,783,467,316,764,460,304,-19,-7,-12
4729025329,2024-01-31,경상북도,경산시,진량읍,내리리,501,262,239,485,256,229,-16,-6,-10
4729025330,2024-01-31,경상북도,경산시,진량읍,문천리,121,61,60,122,62,60,1,1,0
4729025331,2024-01-31,경상북도,경산시,진량읍,평사리(坪沙),589,346,243,558,321,237,-31,-25,-6
4729025332,2024-01-31,경상북도,경산시,진량읍,평사리(平沙),552,324,228,539,312,227,-13,-12,-1
4729025333,2024-01-31,경상북도,경산시,진량읍,다문리,220,132,88,219,130,89,-1,-2,1
4729025334,2024-01-31,경상북도,경산시,진량읍,아사리,117,64,53,117,64,53,0,0,0
4729025335,2024-01-31,경상북도,경산시,진량읍,시문리,46,23,23,46,24,22,0,1,-1
4729025336,2024-01-31,경상북도,경산시,진량읍,현내리,148,74,74,147,73,74,-1,-1,0
4729025337,2024-01-31,경상북도,경산시,진량읍,마곡리,160,90,70,160,90,70,0,0,0
4729025338,2024-01-31,경상북도,경산시,진량읍,광석리,41,23,18,40,23,17,-1,0,-1
4729025339,2024-01-31,경상북도,경산시,진량읍,신제리,204,152,52,204,155,49,0,3,-3
4729025340,2024-01-31,경상북도,경산시,진량읍,대원리,207,157,50,210,159,51,3,2,1
4729025341,2024-01-31,경상북도,경산시,진량읍,속초리,101,49,52,100,48,52,-1,-1,0
4729025342,2024-01-31,경상북도,경산시,진량읍,안촌리,50,24,26,49,23,26,-1,-1,0
4729025343,2024-01-31,경상북도,경산시,진량읍,황제리,2136,1088,1048,2129,1085,1044,-7,-3,-4
4729025344,2024-01-31,경상북도,경산시,진량읍,당곡리,140,87,53,137,84,53,-3,-3,0
4729025345,2024-01-31,경상북도,경산시,진량읍,가야리,179,101,78,177,100,77,-2,-1,-1
4729025621,2024-01-31,경상북도,경산시,압량읍,부적리,5898,3187,2711,5855,3164,2691,-43,-23,-20
4729025622,2024-01-31,경상북도,경산시,압량읍,신대리,10695,5630,5065,10623,5609,5014,-72,-21,-51
4729025623,2024-01-31,경상북도,경산시,압량읍,압량리,112,68,44,110,66,44,-2,-2,0
4729025624,2024-01-31,경상북도,경산시,압량읍,용암리,196,102,94,195,101,94,-1,-1,0
4729025625,2024-01-31,경상북도,경산시,압량읍,금구리,320,170,150,321,170,151,1,0,1
4729025626,2024-01-31,경상북도,경산시,압량읍,현흥리,324,164,160,325,163,162,1,-1,2
4729025627,2024-01-31,경상북도,경산시,압량읍,인안리,1041,523,518,1040,520,520,-1,-3,2
4729025628,2024-01-31,경상북도,경산시,압량읍,의송리,151,78,73,152,79,73,1,1,0
4729025629,2024-01-31,경상북도,경산시,압량읍,신촌리,138,69,69,137,68,69,-1,-1,0
4729025630,2024-01-31,경상북도,경산시,압량읍,내리,242,131,111,247,133,114,5,2,3
4729025631,2024-01-31,경상북도,경산시,압량읍,가일리,267,161,106,267,161,106,0,0,0
4729025632,2024-01-31,경상북도,경산시,압량읍,당음리,256,136,120,256,135,121,0,-1,1
4729025633,2024-01-31,경상북도,경산시,압량읍,신월리,281,149,132,280,148,132,-1,-1,0
4729025634,2024-01-31,경상북도,경산시,압량읍,백안리,56,29,27,56,30,26,0,1,-1
4729025635,2024-01-31,경상북도,경산시,압량읍,강서리,116,67,49,117,68,49,1,1,0
4729025636,2024-01-31,경상북도,경산시,압량읍,당리리,295,159,136,296,159,137,1,0,1
4729031021,2024-01-31,경상북도,경산시,와촌면,소월리,669,395,274,671,395,276,2,0,2
4729031022,2024-01-31,경상북도,경산시,와촌면,덕촌리,889,498,391,873,488,385,-16,-10,-6
4729031023,2024-01-31,경상북도,경산시,와촌면,시천리,314,166,148,313,168,145,-1,2,-3
4729031024,2024-01-31,경상북도,경산시,와촌면,용천리,340,182,158,339,179,160,-1,-3,2
4729031025,2024-01-31,경상북도,경산시,와촌면,계당리,448,241,207,451,244,207,3,3,0
4729031026,2024-01-31,경상북도,경산시,와촌면,상암리,294,147,147,294,148,146,0,1,-1
4729031027,2024-01-31,경상북도,경산시,와촌면,계전리,300,169,131,297,168,129,-3,-1,-2
4729031028,2024-01-31,경상북도,경산시,와촌면,동강리,223,120,103,221,120,101,-2,0,-2
4729031029,2024-01-31,경상북도,경산시,와촌면,박사리,338,188,150,332,184,148,-6,-4,-2
4729031030,2024-01-31,경상북도,경산시,와촌면,대동리,261,140,121,260,139,121,-1,-1,0
4729031031,2024-01-31,경상북도,경산시,와촌면,대한리,249,125,124,246,124,122,-3,-1,-2
4729031032,2024-01-31,경상북도,경산시,와촌면,신한리,289,139,150,285,137,148,-4,-2,-2
4729031033,2024-01-31,경상북도,경산시,와촌면,강학리,275,136,139,276,137,139,1,1,0
4729031034,2024-01-31,경상북도,경산시,와촌면,음양리,512,275,237,515,277,238,3,2,1
4729033021,2024-01-31,경상북도,경산시,자인면,동부리,756,367,389,754,365,389,-2,-2,0
4729033022,2024-01-31,경상북도,경산시,자인면,서부리,698,354,344,698,357,341,0,3,-3
4729033023,2024-01-31,경상북도,경산시,자인면,북사리,1313,644,669,1311,642,669,-2,-2,0
4729033024,2024-01-31,경상북도,경산시,자인면,교촌리,414,221,193,410,217,193,-4,-4,0
4729033025,2024-01-31,경상북도,경산시,자인면,읍천리,162,84,78,162,84,78,0,0,0
4729033026,2024-01-31,경상북도,경산시,자인면,신도리,104,56,48,106,57,49,2,1,1
4729033027,2024-01-31,경상북도,경산시,자인면,신관리,144,73,71,145,73,72,1,0,1
4729033028,2024-01-31,경상북도,경산시,자인면,울옥리,206,106,100,203,104,99,-3,-2,-1
4729033029,2024-01-31,경상북도,경산시,자인면,옥천리,232,127,105,230,126,104,-2,-1,-1
4729033030,2024-01-31,경상북도,경산시,자인면,원당리,207,114,93,206,113,93,-1,-1,0
4729033031,2024-01-31,경상북도,경산시,자인면,계남리,344,176,168,340,174,166,-4,-2,-2
4729033032,2024-01-31,경상북도,경산시,자인면,남촌리,181,92,89,175,92,83,-6,0,-6
4729033033,2024-01-31,경상북도,경산시,자인면,단북리,160,87,73,152,86,66,-8,-1,-7
4729033034,2024-01-31,경상북도,경산시,자인면,계림리,118,66,52,118,66,52,0,0,0
4729033035,2024-01-31,경상북도,경산시,자인면,일언리,125,70,55,123,68,55,-2,-2,0
4729033036,2024-01-31,경상북도,경산시,자인면,남신리,140,77,63,142,80,62,2,3,-1
4729034021,2024-01-31,경상북도,경산시,용성면,당리리,183,97,86,185,99,86,2,2,0
4729034022,2024-01-31,경상북도,경산시,용성면,덕천리,215,113,102,213,113,100,-2,0,-2
4729034023,2024-01-31,경상북도,경산시,용성면,송림리,290,151,139,286,149,137,-4,-2,-2
4729034024,2024-01-31,경상북도,경산시,용성면,부제리,178,97,81,174,96,78,-4,-1,-3
4729034025,2024-01-31,경상북도,경산시,용성면,곡신리,174,89,85,172,89,83,-2,0,-2
4729034026,2024-01-31,경상북도,경산시,용성면,곡란리,276,146,130,278,148,130,2,2,0
4729034027,2024-01-31,경상북도,경산시,용성면,용산리,67,37,30,68,38,30,1,1,0
4729034028,2024-01-31,경상북도,경산시,용성면,매남리,92,55,37,92,55,37,0,0,0
4729034029,2024-01-31,경상북도,경산시,용성면,내촌리,124,70,54,123,70,53,-1,0,-1
4729034030,2024-01-31,경상북도,경산시,용성면,외촌리,178,94,84,181,96,85,3,2,1
4729034031,2024-01-31,경상북도,경산시,용성면,도덕리,137,71,66,139,73,66,2,2,0
4729034032,2024-01-31,경상북도,경산시,용성면,고죽리,190,96,94,190,96,94,0,0,0
4729034033,2024-01-31,경상북도,경산시,용성면,미산리,398,214,184,399,213,186,1,-1,2
4729034034,2024-01-31,경상북도,경산시,용성면,고은리,167,88,79,164,87,77,-3,-1,-2
4729034036,2024-01-31,경상북도,경산시,용성면,대종리,102,58,44,102,58,44,0,0,0
4729034037,2024-01-31,경상북도,경산시,용성면,가척리,65,33,32,69,36,33,4,3,1
4729034038,2024-01-31,경상북도,경산시,용성면,용천리,66,32,34,67,32,35,1,0,1
4729034039,2024-01-31,경상북도,경산시,용성면,용전리,87,42,45,89,43,46,2,1,1
4729034040,2024-01-31,경상북도,경산시,용성면,부일리,65,40,25,67,41,26,2,1,1
4729034041,2024-01-31,경상북도,경산시,용성면,일광리,180,93,87,177,91,86,-3,-2,-1
4729035021,2024-01-31,경상북도,경산시,남산면,산양리,250,137,113,248,135,113,-2,-2,0
4729035022,2024-01-31,경상북도,경산시,남산면,경리,354,184,170,354,184,170,0,0,0
4729035023,2024-01-31,경상북도,경산시,남산면,남곡리,94,48,46,93,48,45,-1,0,-1
4729035024,2024-01-31,경상북도,경산시,남산면,갈지리,175,90,85,175,90,85,0,0,0
4729035025,2024-01-31,경상북도,경산시,남산면,평기리,183,102,81,187,105,82,4,3,1
4729035026,2024-01-31,경상북도,경산시,남산면,안심리,116,65,51,115,64,51,-1,-1,0
4729035027,2024-01-31,경상북도,경산시,남산면,흥정리,115,61,54,115,62,53,0,1,-1
4729035028,2024-01-31,경상북도,경산시,남산면,사림리,80,41,39,80,41,39,0,0,0
4729035029,2024-01-31,경상북도,경산시,남산면,연하리,132,65,67,132,65,67,0,0,0
4729035030,2024-01-31,경상북도,경산시,남산면,우검리,147,76,71,147,76,71,0,0,0
4729035031,2024-01-31,경상북도,경산시,남산면,사월리,298,153,145,297,152,145,-1,-1,0
4729035032,2024-01-31,경상북도,경산시,남산면,송내리,165,93,72,168,94,74,3,1,2
4729035033,2024-01-31,경상북도,경산시,남산면,조곡리,220,110,110,218,109,109,-2,-1,-1
4729035034,2024-01-31,경상북도,경산시,남산면,전지리,367,181,186,366,182,184,-1,1,-2
4729035035,2024-01-31,경상북도,경산시,남산면,반곡리,164,80,84,164,80,84,0,0,0
4729035036,2024-01-31,경상북도,경산시,남산면,상대리,235,117,118,238,119,119,3,2,1
4729035037,2024-01-31,경상북도,경산시,남산면,하대리,311,163,148,306,161,145,-5,-2,-3
4729035038,2024-01-31,경상북도,경산시,남산면,인흥리,255,128,127,258,129,129,3,1,2
4729037021,2024-01-31,경상북도,경산시,남천면,구일리,103,50,53,99,48,51,-4,-2,-2
4729037022,2024-01-31,경상북도,경산시,남천면,협석리,278,143,135,278,144,134,0,1,-1
4729037023,2024-01-31,경상북도,경산시,남천면,산전리,340,180,160,338,178,160,-2,-2,0
4729037024,2024-01-31,경상북도,경산시,남천면,대명리,345,185,160,343,187,156,-2,2,-4
4729037025,2024-01-31,경상북도,경산시,남천면,신석리,61,30,31,61,30,31,0,0,0
4729037026,2024-01-31,경상북도,경산시,남천면,삼성리,573,296,277,575,294,281,2,-2,4
4729037027,2024-01-31,경상북도,경산시,남천면,금곡리,270,130,140,270,130,140,0,0,0
4729037028,2024-01-31,경상북도,경산시,남천면,송백리,226,127,99,223,125,98,-3,-2,-1
4729037029,2024-01-31,경상북도,경산시,남천면,신방리,109,60,49,108,60,48,-1,0,-1
4729037030,2024-01-31,경상북도,경산시,남천면,흥산리,220,106,114,218,106,112,-2,0,-2
4729037031,2024-01-31,경상북도,경산시,남천면,원리,114,61,53,114,60,54,0,-1,1
4729037032,2024-01-31,경상북도,경산시,남천면,하도리,135,68,67,136,68,68,1,0,1
4773025021,2024-01-31,경상북도,의성군,의성읍,후죽리,2989,1445,1544,3000,1450,1550,11,5,6
4773025022,2024-01-31,경상북도,의성군,의성읍,중리리,2670,1321,1349,2660,1313,1347,-10,-8,-2
4773025023,2024-01-31,경상북도,의성군,의성읍,상리리,2339,1118,1221,2346,1131,1215,7,13,-6
4773025024,2024-01-31,경상북도,의성군,의성읍,도동리,2144,1049,1095,2119,1038,1081,-25,-11,-14
4773025025,2024-01-31,경상북도,의성군,의성읍,도서리,424,215,209,420,215,205,-4,0,-4
4773025026,2024-01-31,경상북도,의성군,의성읍,치선리,183,88,95,182,88,94,-1,0,-1
4773025027,2024-01-31,경상북도,의성군,의성읍,오로리,334,165,169,339,168,171,5,3,2
4773025028,2024-01-31,경상북도,의성군,의성읍,비봉리,200,110,90,198,109,89,-2,-1,-1
4773025029,2024-01-31,경상북도,의성군,의성읍,팔성리,155,85,70,153,83,70,-2,-2,0
4773025030,2024-01-31,경상북도,의성군,의성읍,용연리,198,107,91,192,104,88,-6,-3,-3
4773025031,2024-01-31,경상북도,의성군,의성읍,원당리,465,258,207,459,256,203,-6,-2,-4
4773025032,2024-01-31,경상북도,의성군,의성읍,철파리,356,182,174,360,185,175,4,3,1
4773025033,2024-01-31,경상북도,의성군,의성읍,업리,219,112,107,219,112,107,0,0,0
4773031030,2024-01-31,경상북도,의성군,단촌면,세촌리,311,149,162,310,150,160,-1,1,-2
4773031031,2024-01-31,경상북도,의성군,단촌면,하화리,381,187,194,378,187,191,-3,0,-3
4773031032,2024-01-31,경상북도,의성군,단촌면,상화리,119,57,62,118,57,61,-1,0,-1
4773031033,2024-01-31,경상북도,의성군,단촌면,관덕리,234,115,119,235,116,119,1,1,0
4773031034,2024-01-31,경상북도,의성군,단촌면,병방리,125,65,60,124,65,59,-1,0,-1
4773031035,2024-01-31,경상북도,의성군,단촌면,구계리,268,139,129,267,138,129,-1,-1,0
4773031036,2024-01-31,경상북도,의성군,단촌면,방하리,181,94,87,183,93,90,2,-1,3
4773031037,2024-01-31,경상북도,의성군,단촌면,장림리,156,78,78,153,77,76,-3,-1,-2
4773031038,2024-01-31,경상북도,의성군,단촌면,후평리,136,64,72,133,63,70,-3,-1,-2
4773032029,2024-01-31,경상북도,의성군,점곡면,서변리,295,141,154,292,140,152,-3,-1,-2
4773032030,2024-01-31,경상북도,의성군,점곡면,황룡리,113,55,58,112,54,58,-1,-1,0
4773032031,2024-01-31,경상북도,의성군,점곡면,구암리,128,65,63,124,64,60,-4,-1,-3
4773032032,2024-01-31,경상북도,의성군,점곡면,명고리,131,69,62,130,69,61,-1,0,-1
4773032033,2024-01-31,경상북도,의성군,점곡면,동변리,268,141,127,266,139,127,-2,-2,0
4773032034,2024-01-31,경상북도,의성군,점곡면,사촌리,229,113,116,230,114,116,1,1,0
4773032035,2024-01-31,경상북도,의성군,점곡면,송내리,205,102,103,205,102,103,0,0,0
4773032036,2024-01-31,경상북도,의성군,점곡면,윤암리,201,97,104,198,96,102,-3,-1,-2
4773033031,2024-01-31,경상북도,의성군,옥산면,구성리,225,108,117,224,108,116,-1,0,-1
4773033032,2024-01-31,경상북도,의성군,옥산면,정자리,123,62,61,123,62,61,0,0,0
4773033033,2024-01-31,경상북도,의성군,옥산면,감계리,224,115,109,221,114,107,-3,-1,-2
4773033034,2024-01-31,경상북도,의성군,옥산면,실업리,199,101,98,199,100,99,0,-1,1
4773033035,2024-01-31,경상북도,의성군,옥산면,오류리,86,45,41,86,45,41,0,0,0
4773033036,2024-01-31,경상북도,의성군,옥산면,금봉리,45,26,19,46,27,19,1,1,0
4773033037,2024-01-31,경상북도,의성군,옥산면,전흥리,264,129,135,257,127,130,-7,-2,-5
4773033038,2024-01-31,경상북도,의성군,옥산면,입암리,326,170,156,325,170,155,-1,0,-1
4773033039,2024-01-31,경상북도,의성군,옥산면,신계리,189,89,100,187,88,99,-2,-1,-1
4773033040,2024-01-31,경상북도,의성군,옥산면,금학리,70,36,34,70,36,34,0,0,0
4773034031,2024-01-31,경상북도,의성군,사곡면,양지리,243,119,124,242,118,124,-1,-1,0
4773034032,2024-01-31,경상북도,의성군,사곡면,음지리,74,34,40,75,34,41,1,0,1
4773034033,2024-01-31,경상북도,의성군,사곡면,오상리,199,92,107,203,95,108,4,3,1
4773034034,2024-01-31,경상북도,의성군,사곡면,신감리,190,94,96,191,95,96,1,1,0
4773034035,2024-01-31,경상북도,의성군,사곡면,매곡리,173,90,83,173,90,83,0,0,0
4773034036,2024-01-31,경상북도,의성군,사곡면,공정리,76,41,35,75,41,34,-1,0,-1
4773034037,2024-01-31,경상북도,의성군,사곡면,화전리,181,80,101,178,79,99,-3,-1,-2
4773034038,2024-01-31,경상북도,의성군,사곡면,신리리,151,73,78,153,76,77,2,3,-1
4773034039,2024-01-31,경상북도,의성군,사곡면,작승리,130,68,62,130,68,62,0,0,0
4773034040,2024-01-31,경상북도,의성군,사곡면,토현리,139,73,66,137,71,66,-2,-2,0
4773035029,2024-01-31,경상북도,의성군,춘산면,옥정리,304,154,150,304,155,149,0,1,-1
4773035030,2024-01-31,경상북도,의성군,춘산면,금오리,161,83,78,159,82,77,-2,-1,-1
4773035031,2024-01-31,경상북도,의성군,춘산면,신흥리,157,84,73,158,84,74,1,0,1
4773035032,2024-01-31,경상북도,의성군,춘산면,대사리,88,42,46,87,42,45,-1,0,-1
4773035033,2024-01-31,경상북도,의성군,춘산면,금천리,210,117,93,206,114,92,-4,-3,-1
4773035034,2024-01-31,경상북도,의성군,춘산면,빙계리,223,105,118,222,104,118,-1,-1,0
4773035035,2024-01-31,경상북도,의성군,춘산면,사미리,139,67,72,138,66,72,-1,-1,0
4773035036,2024-01-31,경상북도,의성군,춘산면,효선리,208,105,103,209,105,104,1,0,1
4773036028,2024-01-31,경상북도,의성군,가음면,장리,363,181,182,355,180,175,-8,-1,-7
4773036029,2024-01-31,경상북도,의성군,가음면,이리,115,59,56,115,60,55,0,1,-1
4773036030,2024-01-31,경상북도,의성군,가음면,양지리,91,47,44,89,47,42,-2,0,-2
4773036031,2024-01-31,경상북도,의성군,가음면,가산리,365,185,180,363,183,180,-2,-2,0
4773036032,2024-01-31,경상북도,의성군,가음면,귀천리,149,81,68,148,81,67,-1,0,-1
4773036033,2024-01-31,경상북도,의성군,가음면,순호리,151,78,73,154,79,75,3,1,2
4773036034,2024-01-31,경상북도,의성군,가음면,현리리,241,125,116,238,123,115,-3,-2,-1
4773037036,2024-01-31,경상북도,의성군,금성면,탑리리,706,328,378,704,327,377,-2,-1,-1
4773037037,2024-01-31,경상북도,의성군,금성면,대리리,866,432,434,855,426,429,-11,-6,-5
4773037038,2024-01-31,경상북도,의성군,금성면,학미리,219,113,106,220,113,107,1,0,1
4773037039,2024-01-31,경상북도,의성군,금성면,제오리,203,102,101,198,101,97,-5,-1,-4
4773037040,2024-01-31,경상북도,의성군,금성면,운곡리,132,59,73,128,58,70,-4,-1,-3
4773037041,2024-01-31,경상북도,의성군,금성면,만천리,121,62,59,123,64,59,2,2,0
4773037042,2024-01-31,경상북도,의성군,금성면,하리,162,85,77,165,85,80,3,0,3
4773037043,2024-01-31,경상북도,의성군,금성면,초전리,191,98,93,193,100,93,2,2,0
4773037044,2024-01-31,경상북도,의성군,금성면,구련리,166,84,82,163,84,79,-3,0,-3
4773037045,2024-01-31,경상북도,의성군,금성면,명덕리,193,96,97,193,95,98,0,-1,1
4773037046,2024-01-31,경상북도,의성군,금성면,도경리,242,115,127,238,112,126,-4,-3,-1
4773037047,2024-01-31,경상북도,의성군,금성면,개일리,99,53,46,99,53,46,0,0,0
4773037048,2024-01-31,경상북도,의성군,금성면,청로리,291,142,149,293,143,150,2,1,1
4773037049,2024-01-31,경상북도,의성군,금성면,산운리,328,162,166,326,161,165,-2,-1,-1
4773037050,2024-01-31,경상북도,의성군,금성면,수정리,240,116,124,241,117,124,1,1,0
4773038034,2024-01-31,경상북도,의성군,봉양면,삼산리,184,94,90,184,94,90,0,0,0
4773038035,2024-01-31,경상북도,의성군,봉양면,장대리,146,66,80,146,66,80,0,0,0
4773038036,2024-01-31,경상북도,의성군,봉양면,풍리리,211,113,98,209,112,97,-2,-1,-1
4773038037,2024-01-31,경상북도,의성군,봉양면,구산리,253,133,120,251,132,119,-2,-1,-1
4773038038,2024-01-31,경상북도,의성군,봉양면,신평리,158,83,75,160,84,76,2,1,1
4773038039,2024-01-31,경상북도,의성군,봉양면,도원리,557,272,285,550,269,281,-7,-3,-4
4773038040,2024-01-31,경상북도,의성군,봉양면,화전리,1183,575,608,1187,578,609,4,3,1
4773038041,2024-01-31,경상북도,의성군,봉양면,사부리,197,99,98,197,99,98,0,0,0
4773038042,2024-01-31,경상북도,의성군,봉양면,구미리,122,62,60,121,62,59,-1,0,-1
4773038043,2024-01-31,경상북도,의성군,봉양면,길천리,164,77,87,162,77,85,-2,0,-2
4773038044,2024-01-31,경상북도,의성군,봉양면,문흥리,253,123,130,249,123,126,-4,0,-4
4773038045,2024-01-31,경상북도,의성군,봉양면,분토리,276,136,140,278,136,142,2,0,2
4773038046,2024-01-31,경상북도,의성군,봉양면,안평리,179,96,83,177,94,83,-2,-2,0
4773039035,2024-01-31,경상북도,의성군,비안면,동부리,144,75,69,144,74,70,0,-1,1
4773039036,2024-01-31,경상북도,의성군,비안면,서부리,195,105,90,193,103,90,-2,-2,0
4773039037,2024-01-31,경상북도,의성군,비안면,옥연리,167,74,93,166,73,93,-1,-1,0
4773039038,2024-01-31,경상북도,의성군,비안면,용천리,94,49,45,94,50,44,0,1,-1
4773039039,2024-01-31,경상북도,의성군,비안면,용남리,150,69,81,151,69,82,1,0,1
4773039040,2024-01-31,경상북도,의성군,비안면,이두리,309,155,154,307,156,151,-2,1,-3
4773039041,2024-01-31,경상북도,의성군,비안면,외곡리,82,36,46,85,38,47,3,2,1
4773039042,2024-01-31,경상북도,의성군,비안면,자락리,143,74,69,142,73,69,-1,-1,0
4773039043,2024-01-31,경상북도,의성군,비안면,현산리,166,82,84,166,82,84,0,0,0
4773039044,2024-01-31,경상북도,의성군,비안면,산제리,188,97,91,187,97,90,-1,0,-1
4773039045,2024-01-31,경상북도,의성군,비안면,화신리,265,124,141,267,126,141,2,2,0
4773039046,2024-01-31,경상북도,의성군,비안면,쌍계리,276,140,136,270,138,132,-6,-2,-4
4773039047,2024-01-31,경상북도,의성군,비안면,도암리,170,89,81,173,89,84,3,0,3
4773039048,2024-01-31,경상북도,의성군,비안면,장춘리,222,114,108,223,114,109,1,0,1
4773040031,2024-01-31,경상북도,의성군,구천면,위성리,223,109,114,224,110,114,1,1,0
4773040032,2024-01-31,경상북도,의성군,구천면,모흥리,240,122,118,240,123,117,0,1,-1
4773040033,2024-01-31,경상북도,의성군,구천면,조성리,35,22,13,35,22,13,0,0,0
4773040034,2024-01-31,경상북도,의성군,구천면,장국리,88,47,41,87,48,39,-1,1,-2
4773040035,2024-01-31,경상북도,의성군,구천면,소호리,253,126,127,253,127,126,0,1,-1
4773040036,2024-01-31,경상북도,의성군,구천면,용사리,209,100,109,209,100,109,0,0,0
4773040037,2024-01-31,경상북도,의성군,구천면,내산리,157,82,75,159,83,76,2,1,1
4773040038,2024-01-31,경상북도,의성군,구천면,유산리,231,112,119,232,114,118,1,2,-1
4773040039,2024-01-31,경상북도,의성군,구천면,미천리,166,86,80,165,85,80,-1,-1,0
4773040040,2024-01-31,경상북도,의성군,구천면,청산리,129,63,66,131,64,67,2,1,1
4773041029,2024-01-31,경상북도,의성군,단밀면,속암리,270,129,141,265,126,139,-5,-3,-2
4773041030,2024-01-31,경상북도,의성군,단밀면,용곡리,169,74,95,168,73,95,-1,-1,0
4773041031,2024-01-31,경상북도,의성군,단밀면,위중리,245,126,119,243,126,117,-2,0,-2
4773041032,2024-01-31,경상북도,의성군,단밀면,주선리,240,127,113,239,126,113,-1,-1,0
4773041033,2024-01-31,경상북도,의성군,단밀면,서제리,126,62,64,128,63,65,2,1,1
4773041034,2024-01-31,경상북도,의성군,단밀면,팔등리,126,56,70,126,56,70,0,0,0
4773041035,2024-01-31,경상북도,의성군,단밀면,생송리,311,153,158,311,153,158,0,0,0
4773041036,2024-01-31,경상북도,의성군,단밀면,낙정리,185,100,85,184,99,85,-1,-1,0
4773042028,2024-01-31,경상북도,의성군,단북면,이연리,443,217,226,440,215,225,-3,-2,-1
4773042029,2024-01-31,경상북도,의성군,단북면,노연리,270,125,145,269,124,145,-1,-1,0
4773042030,2024-01-31,경상북도,의성군,단북면,정안리,247,120,127,246,120,126,-1,0,-1
4773042031,2024-01-31,경상북도,의성군,단북면,연제리,205,109,96,202,107,95,-3,-2,-1
4773042032,2024-01-31,경상북도,의성군,단북면,효제리,166,82,84,164,80,84,-2,-2,0
4773042033,2024-01-31,경상북도,의성군,단북면,성암리,239,119,120,239,120,119,0,1,-1
4773042034,2024-01-31,경상북도,의성군,단북면,신하리,170,80,90,166,77,89,-4,-3,-1
4773043030,2024-01-31,경상북도,의성군,안계면,용기리,2641,1267,1374,2638,1260,1378,-3,-7,4
4773043031,2024-01-31,경상북도,의성군,안계면,토매리,552,269,283,541,262,279,-11,-7,-4
4773043032,2024-01-31,경상북도,의성군,안계면,위양리,193,99,94,192,100,92,-1,1,-2
4773043033,2024-01-31,경상북도,의성군,안계면,교촌리,106,50,56,104,49,55,-2,-1,-1
4773043034,2024-01-31,경상북도,의성군,안계면,안정리,132,64,68,131,63,68,-1,-1,0
4773043035,2024-01-31,경상북도,의성군,안계면,봉양리,109,64,45,111,66,45,2,2,0
4773043036,2024-01-31,경상북도,의성군,안계면,도덕리,212,97,115,209,94,115,-3,-3,0
4773043037,2024-01-31,경상북도,의성군,안계면,양곡리,249,125,124,252,126,126,3,1,2
4773043038,2024-01-31,경상북도,의성군,안계면,시안리,194,90,104,191,88,103,-3,-2,-1
4773044036,2024-01-31,경상북도,의성군,다인면,서릉리,574,263,311,571,261,310,-3,-2,-1
4773044037,2024-01-31,경상북도,의성군,다인면,산내리,101,48,53,95,45,50,-6,-3,-3
4773044038,2024-01-31,경상북도,의성군,다인면,가원리,316,168,148,314,168,146,-2,0,-2
4773044039,2024-01-31,경상북도,의성군,다인면,송호리,278,138,140,279,139,140,1,1,0
4773044040,2024-01-31,경상북도,의성군,다인면,도암리,217,108,109,218,109,109,1,1,0
4773044041,2024-01-31,경상북도,의성군,다인면,평림리,117,61,56,118,62,56,1,1,0
4773044042,2024-01-31,경상북도,의성군,다인면,덕지리,307,152,155,308,151,157,1,-1,2
4773044043,2024-01-31,경상북도,의성군,다인면,덕미리,189,88,101,184,86,98,-5,-2,-3
4773044044,2024-01-31,경상북도,의성군,다인면,양서리,105,59,46,103,58,45,-2,-1,-1
4773044045,2024-01-31,경상북도,의성군,다인면,용곡리,145,73,72,145,73,72,0,0,0
4773044046,2024-01-31,경상북도,의성군,다인면,봉정리,150,69,81,147,66,81,-3,-3,0
4773044047,2024-01-31,경상북도,의성군,다인면,달제리,241,114,127,238,113,125,-3,-1,-2
4773044048,2024-01-31,경상북도,의성군,다인면,삼분리,380,179,201,380,178,202,0,-1,1
4773044049,2024-01-31,경상북도,의성군,다인면,외정리,197,103,94,198,104,94,1,1,0
4773044050,2024-01-31,경상북도,의성군,다인면,신락리,256,128,128,254,127,127,-2,-1,-1
4773044051,2024-01-31,경상북도,의성군,다인면,용무리,143,73,70,144,74,70,1,1,0
4773045033,2024-01-31,경상북도,의성군,신평면,용봉리,68,36,32,69,37,32,1,1,0
4773045034,2024-01-31,경상북도,의성군,신평면,덕봉리,91,44,47,91,44,47,0,0,0
4773045035,2024-01-31,경상북도,의성군,신평면,중율리,191,95,96,190,94,96,-1,-1,0
4773045036,2024-01-31,경상북도,의성군,신평면,청운리,160,83,77,155,80,75,-5,-3,-2
4773045037,2024-01-31,경상북도,의성군,신평면,교안리,240,115,125,243,116,127,3,1,2
4773045038,2024-01-31,경상북도,의성군,신평면,검곡리,65,32,33,65,32,33,0,0,0
4773046034,2024-01-31,경상북도,의성군,안평면,창길리,268,142,126,259,134,125,-9,-8,-1
4773046035,2024-01-31,경상북도,의성군,안평면,괴산리,155,79,76,154,80,74,-1,1,-2
4773046036,2024-01-31,경상북도,의성군,안평면,박곡리,286,136,150,288,136,152,2,0,2
4773046037,2024-01-31,경상북도,의성군,안평면,석탑리,177,84,93,176,84,92,-1,0,-1
4773046038,2024-01-31,경상북도,의성군,안평면,신월리,134,77,57,130,74,56,-4,-3,-1
4773046039,2024-01-31,경상북도,의성군,안평면,신안리,178,90,88,178,90,88,0,0,0
4773046040,2024-01-31,경상북도,의성군,안평면,대사리,155,83,72,153,83,70,-2,0,-2
4773046041,2024-01-31,경상북도,의성군,안평면,도옥리,116,58,58,116,58,58,0,0,0
4773046042,2024-01-31,경상북도,의성군,안평면,마전리,94,50,44,93,49,44,-1,-1,0
4773046043,2024-01-31,경상북도,의성군,안평면,기도리,172,77,95,172,77,95,0,0,0
4773046044,2024-01-31,경상북도,의성군,안평면,금곡리,143,83,60,141,82,59,-2,-1,-1
4773046045,2024-01-31,경상북도,의성군,안평면,하령리,101,54,47,101,54,47,0,0,0
4773046046,2024-01-31,경상북도,의성군,안평면,삼춘리,126,59,67,125,58,67,-1,-1,0
4773047021,2024-01-31,경상북도,의성군,안사면,중하리,115,56,59,116,57,59,1,1,0
4773047022,2024-01-31,경상북도,의성군,안사면,안사리,209,101,108,212,104,108,3,3,0
4773047023,2024-01-31,경상북도,의성군,안사면,만리리,128,61,67,124,59,65,-4,-2,-2
4773047024,2024-01-31,경상북도,의성군,안사면,신수리,75,40,35,76,41,35,1,1,0
4773047025,2024-01-31,경상북도,의성군,안사면,월소리,187,96,91,184,94,90,-3,-2,-1
4773047026,2024-01-31,경상북도,의성군,안사면,쌍호리,163,77,86,158,76,82,-5,-1,-4
4775025021,2024-01-31,경상북도,청송군,청송읍,월막리,1799,870,929,1792,862,930,-7,-8,1
4775025022,2024-01-31,경상북도,청송군,청송읍,덕리,691,369,322,683,362,321,-8,-7,-1
4775025023,2024-01-31,경상북도,청송군,청송읍,금곡리,1160,587,573,1156,585,571,-4,-2,-2
4775025024,2024-01-31,경상북도,청송군,청송읍,청운리,379,176,203,383,179,204,4,3,1
4775025025,2024-01-31,경상북도,청송군,청송읍,송생리,179,89,90,178,88,90,-1,-1,0
4775025026,2024-01-31,경상북도,청송군,청송읍,교리,118,59,59,118,58,60,0,-1,1
4775025027,2024-01-31,경상북도,청송군,청송읍,거대리,133,66,67,131,64,67,-2,-2,0
4775025028,2024-01-31,경상북도,청송군,청송읍,월외리,104,50,54,104,50,54,0,0,0
4775025029,2024-01-31,경상북도,청송군,청송읍,부곡리,453,220,233,457,224,233,4,4,0
4775031521,2024-01-31,경상북도,청송군,주왕산면,상평리,108,56,52,110,58,52,2,2,0
4775031522,2024-01-31,경상북도,청송군,주왕산면,지리,122,61,61,123,61,62,1,0,1
4775031523,2024-01-31,경상북도,청송군,주왕산면,하의리,233,119,114,231,117,114,-2,-2,0
4775031524,2024-01-31,경상북도,청송군,주왕산면,상의리,316,158,158,315,158,157,-1,0,-1
4775031525,2024-01-31,경상북도,청송군,주왕산면,부일리,213,108,105,212,108,104,-1,0,-1
4775031526,2024-01-31,경상북도,청송군,주왕산면,신점리,140,73,67,140,73,67,0,0,0
4775031527,2024-01-31,경상북도,청송군,주왕산면,주산지리,301,142,159,300,142,158,-1,0,-1
4775031528,2024-01-31,경상북도,청송군,주왕산면,내룡리,142,62,80,140,60,80,-2,-2,0
4775031529,2024-01-31,경상북도,청송군,주왕산면,라리,144,82,62,145,82,63,1,0,1
4775031530,2024-01-31,경상북도,청송군,주왕산면,항리,55,28,27,54,28,26,-1,0,-1
4775032030,2024-01-31,경상북도,청송군,부남면,감연리,352,164,188,352,164,188,0,0,0
4775032031,2024-01-31,경상북도,청송군,부남면,대전리,608,302,306,610,303,307,2,1,1
4775032032,2024-01-31,경상북도,청송군,부남면,홍원리,181,92,89,178,91,87,-3,-1,-2
4775032033,2024-01-31,경상북도,청송군,부남면,하속리,156,86,70,156,86,70,0,0,0
4775032034,2024-01-31,경상북도,청송군,부남면,구천리,248,125,123,249,125,124,1,0,1
4775032035,2024-01-31,경상북도,청송군,부남면,화장리,166,85,81,165,84,81,-1,-1,0
4775032036,2024-01-31,경상북도,청송군,부남면,이현리,142,68,74,143,69,74,1,1,0
4775032037,2024-01-31,경상북도,청송군,부남면,중기리,231,113,118,234,116,118,3,3,0
4775032038,2024-01-31,경상북도,청송군,부남면,양숙리,291,151,140,291,151,140,0,0,0
4775033028,2024-01-31,경상북도,청송군,현동면,도평리,647,325,322,646,321,325,-1,-4,3
4775033029,2024-01-31,경상북도,청송군,현동면,거성리,268,140,128,266,139,127,-2,-1,-1
4775033030,2024-01-31,경상북도,청송군,현동면,눌인리,237,129,108,242,133,109,5,4,1
4775033031,2024-01-31,경상북도,청송군,현동면,월매리,167,79,88,168,80,88,1,1,0
4775033032,2024-01-31,경상북도,청송군,현동면,개일리,250,126,124,249,125,124,-1,-1,0
4775033033,2024-01-31,경상북도,청송군,현동면,창양리,279,140,139,275,137,138,-4,-3,-1
4775033034,2024-01-31,경상북도,청송군,현동면,인지리,199,107,92,197,106,91,-2,-1,-1
4775034034,2024-01-31,경상북도,청송군,현서면,백자리,145,79,66,146,80,66,1,1,0
4775034035,2024-01-31,경상북도,청송군,현서면,수락리,51,30,21,53,31,22,2,1,1
4775034036,2024-01-31,경상북도,청송군,현서면,무계리,68,38,30,67,37,30,-1,-1,0
4775034037,2024-01-31,경상북도,청송군,현서면,갈천리,56,28,28,56,28,28,0,0,0
4775034038,2024-01-31,경상북도,청송군,현서면,사촌리,125,55,70,125,55,70,0,0,0
4775034039,2024-01-31,경상북도,청송군,현서면,월정리,225,118,107,224,116,108,-1,-2,1
4775034040,2024-01-31,경상북도,청송군,현서면,도리,109,53,56,109,53,56,0,0,0
4775034041,2024-01-31,경상북도,청송군,현서면,모계리,245,131,114,250,134,116,5,3,2
4775034042,2024-01-31,경상북도,청송군,현서면,천천리,223,103,120,223,103,120,0,0,0
4775034043,2024-01-31,경상북도,청송군,현서면,구산리,590,276,314,583,274,309,-7,-2,-5
4775034044,2024-01-31,경상북도,청송군,현서면,화목리,180,98,82,182,100,82,2,2,0
4775034045,2024-01-31,경상북도,청송군,현서면,덕계리,164,84,80,161,81,80,-3,-3,0
4775034046,2024-01-31,경상북도,청송군,현서면,두현리,243,122,121,242,121,121,-1,-1,0
4775035033,2024-01-31,경상북도,청송군,안덕면,명당리,587,285,302,584,282,302,-3,-3,0
4775035034,2024-01-31,경상북도,청송군,안덕면,감은리,146,79,67,145,78,67,-1,-1,0
4775035035,2024-01-31,경상북도,청송군,안덕면,장전리,196,102,94,196,102,94,0,0,0
4775035036,2024-01-31,경상북도,청송군,안덕면,문거리,173,84,89,178,89,89,5,5,0
4775035037,2024-01-31,경상북도,청송군,안덕면,신성리,256,117,139,252,118,134,-4,1,-5
4775035038,2024-01-31,경상북도,청송군,안덕면,근곡리,99,54,45,99,54,45,0,0,0
4775035039,2024-01-31,경상북도,청송군,안덕면,노래리,228,91,137,229,92,137,1,1,0
4775035040,2024-01-31,경상북도,청송군,안덕면,지소리,160,85,75,162,86,76,2,1,1
4775035041,2024-01-31,경상북도,청송군,안덕면,고와리,78,47,31,80,48,32,2,1,1
4775035042,2024-01-31,경상북도,청송군,안덕면,복리,240,119,121,242,120,122,2,1,1
4775035043,2024-01-31,경상북도,청송군,안덕면,덕성리,165,86,79,169,87,82,4,1,3
4775035044,2024-01-31,경상북도,청송군,안덕면,성재리,149,83,66,150,84,66,1,1,0
4775036032,2024-01-31,경상북도,청송군,파천면,관리,232,109,123,232,109,123,0,0,0
4775036033,2024-01-31,경상북도,청송군,파천면,중평리,176,89,87,175,88,87,-1,-1,0
4775036034,2024-01-31,경상북도,청송군,파천면,덕천리,254,127,127,253,127,126,-1,0,-1
4775036035,2024-01-31,경상북도,청송군,파천면,신흥리,154,87,67,154,87,67,0,0,0
4775036036,2024-01-31,경상북도,청송군,파천면,지경리,96,46,50,97,46,51,1,0,1
4775036037,2024-01-31,경상북도,청송군,파천면,병부리,34,19,15,34,19,15,0,0,0
4775036038,2024-01-31,경상북도,청송군,파천면,황목리,73,38,35,74,38,36,1,0,1
4775036039,2024-01-31,경상북도,청송군,파천면,어천리,126,64,62,126,64,62,0,0,0
4775036040,2024-01-31,경상북도,청송군,파천면,송강리,162,83,79,161,81,80,-1,-2,1
4775036041,2024-01-31,경상북도,청송군,파천면,신기리,264,125,139,262,124,138,-2,-1,-1
4775036042,2024-01-31,경상북도,청송군,파천면,옹점리,113,57,56,115,59,56,2,2,0
4775037036,2024-01-31,경상북도,청송군,진보면,진안리,1680,795,885,1673,794,879,-7,-1,-6
4775037037,2024-01-31,경상북도,청송군,진보면,이촌리,1507,747,760,1513,743,770,6,-4,10
4775037038,2024-01-31,경상북도,청송군,진보면,후평리,154,95,59,157,97,60,3,2,1
4775037039,2024-01-31,경상북도,청송군,진보면,합강리,23,13,10,23,13,10,0,0,0
4775037040,2024-01-31,경상북도,청송군,진보면,기곡리,53,28,25,56,29,27,3,1,2
4775037041,2024-01-31,경상북도,청송군,진보면,추현리,82,47,35,84,47,37,2,0,2
4775037042,2024-01-31,경상북도,청송군,진보면,부곡리,102,51,51,102,51,51,0,0,0
4775037043,2024-01-31,경상북도,청송군,진보면,세장리,112,55,57,113,55,58,1,0,1
4775037044,2024-01-31,경상북도,청송군,진보면,광덕리,355,237,118,370,251,119,15,14,1
4775037045,2024-01-31,경상북도,청송군,진보면,각산리,947,482,465,953,482,471,6,0,6
4775037046,2024-01-31,경상북도,청송군,진보면,월전리,232,117,115,231,116,115,-1,-1,0
4775037047,2024-01-31,경상북도,청송군,진보면,시량리,247,124,123,247,124,123,0,0,0
4775037048,2024-01-31,경상북도,청송군,진보면,고현리,191,98,93,195,100,95,4,2,2
4775037049,2024-01-31,경상북도,청송군,진보면,신촌리,361,185,176,361,186,175,0,1,-1
4775037050,2024-01-31,경상북도,청송군,진보면,괴정리,176,91,85,173,89,84,-3,-2,-1
4776025021,2024-01-31,경상북도,영양군,영양읍,동부리,1652,777,875,1651,774,877,-1,-3,2
4776025022,2024-01-31,경상북도,영양군,영양읍,서부리,3395,1686,1709,3402,1696,1706,7,10,-3
4776025023,2024-01-31,경상북도,영양군,영양읍,감천리,224,112,112,225,113,112,1,1,0
4776025024,2024-01-31,경상북도,영양군,영양읍,전곡리,14,8,6,14,8,6,0,0,0
4776025025,2024-01-31,경상북도,영양군,영양읍,황용리,53,22,31,52,22,30,-1,0,-1
4776025026,2024-01-31,경상북도,영양군,영양읍,삼지리,114,51,63,113,49,64,-1,-2,1
4776025027,2024-01-31,경상북도,영양군,영양읍,현리,307,152,155,305,153,152,-2,1,-3
4776025028,2024-01-31,경상북도,영양군,영양읍,하원리,147,68,79,141,66,75,-6,-2,-4
4776025029,2024-01-31,경상북도,영양군,영양읍,상원리,228,117,111,230,117,113,2,0,2
4776025030,2024-01-31,경상북도,영양군,영양읍,무학리,42,29,13,40,29,11,-2,0,-2
4776025031,2024-01-31,경상북도,영양군,영양읍,무창리,168,85,83,169,85,84,1,0,1
4776025032,2024-01-31,경상북도,영양군,영양읍,대천리,234,121,113,232,120,112,-2,-1,-1
4776025033,2024-01-31,경상북도,영양군,영양읍,화천리,191,94,97,190,94,96,-1,0,-1
4776025034,2024-01-31,경상북도,영양군,영양읍,양구리,44,26,18,43,26,17,-1,0,-1
4776025035,2024-01-31,경상북도,영양군,영양읍,기산리,54,25,29,54,25,29,0,0,0
4776031034,2024-01-31,경상북도,영양군,입암면,신구리,450,207,243,452,207,245,2,0,2
4776031035,2024-01-31,경상북도,영양군,입암면,양항리,60,31,29,58,30,28,-2,-1,-1
4776031036,2024-01-31,경상북도,영양군,입암면,연당리,116,62,54,115,61,54,-1,-1,0
4776031037,2024-01-31,경상북도,영양군,입암면,교리,53,23,30,52,23,29,-1,0,-1
4776031038,2024-01-31,경상북도,영양군,입암면,삼산리,94,49,45,95,50,45,1,1,0
4776031039,2024-01-31,경상북도,영양군,입암면,신사리,193,98,95,191,96,95,-2,-2,0
4776031040,2024-01-31,경상북도,영양군,입암면,대천리,122,65,57,122,65,57,0,0,0
4776031041,2024-01-31,경상북도,영양군,입암면,금학리,66,34,32,67,35,32,1,1,0
4776031042,2024-01-31,경상북도,영양군,입암면,산해리,428,207,221,428,207,221,0,0,0
4776031043,2024-01-31,경상북도,영양군,입암면,노달리,97,46,51,98,46,52,1,0,1
4776031044,2024-01-31,경상북도,영양군,입암면,방전리,117,62,55,117,62,55,0,0,0
4776031045,2024-01-31,경상북도,영양군,입암면,병옥리,99,52,47,99,52,47,0,0,0
4776031046,2024-01-31,경상북도,영양군,입암면,흥구리,119,63,56,121,64,57,2,1,1
4776032034,2024-01-31,경상북도,영양군,청기면,정족리,252,135,117,253,136,117,1,1,0
4776032035,2024-01-31,경상북도,영양군,청기면,토곡리,57,35,22,57,34,23,0,-1,1
4776032036,2024-01-31,경상북도,영양군,청기면,사리,31,16,15,30,16,14,-1,0,-1
4776032037,2024-01-31,경상북도,영양군,청기면,청기리,253,126,127,252,125,127,-1,-1,0
4776032038,2024-01-31,경상북도,영양군,청기면,구매리,100,49,51,100,49,51,0,0,0
4776032039,2024-01-31,경상북도,영양군,청기면,저리,87,39,48,87,39,48,0,0,0
4776032040,2024-01-31,경상북도,영양군,청기면,산운리,84,40,44,86,41,45,2,1,1
4776032041,2024-01-31,경상북도,영양군,청기면,토구리,82,39,43,82,39,43,0,0,0
4776032042,2024-01-31,경상북도,영양군,청기면,무진리,130,70,60,131,71,60,1,1,0
4776032043,2024-01-31,경상북도,영양군,청기면,행화리,103,60,43,102,59,43,-1,-1,0
4776032044,2024-01-31,경상북도,영양군,청기면,당리,177,90,87,178,91,87,1,1,0
4776032045,2024-01-31,경상북도,영양군,청기면,상청리,110,59,51,108,59,49,-2,0,-2
4776032046,2024-01-31,경상북도,영양군,청기면,기포리,99,51,48,97,50,47,-2,-1,-1
4776033032,2024-01-31,경상북도,영양군,일월면,주곡리,130,67,63,130,67,63,0,0,0
4776033033,2024-01-31,경상북도,영양군,일월면,곡강리,176,81,95,178,82,96,2,1,1
4776033034,2024-01-31,경상북도,영양군,일월면,문암리,100,47,53,99,46,53,-1,-1,0
4776033035,2024-01-31,경상북도,영양군,일월면,오리리,145,82,63,145,82,63,0,0,0
4776033036,2024-01-31,경상북도,영양군,일월면,용화리,186,101,85,184,99,85,-2,-2,0
4776033037,2024-01-31,경상북도,영양군,일월면,도계리,230,113,117,228,112,116,-2,-1,-1
4776033038,2024-01-31,경상북도,영양군,일월면,섬촌리,143,67,76,141,67,74,-2,0,-2
4776033039,2024-01-31,경상북도,영양군,일월면,가천리,125,59,66,125,59,66,0,0,0
4776033040,2024-01-31,경상북도,영양군,일월면,도곡리,156,74,82,156,74,82,0,0,0
4776033041,2024-01-31,경상북도,영양군,일월면,칠성리,136,72,64,134,71,63,-2,-1,-1
4776033042,2024-01-31,경상북도,영양군,일월면,가곡리,129,64,65,129,64,65,0,0,0
4776034030,2024-01-31,경상북도,영양군,수비면,수하리,242,119,123,243,118,125,1,-1,2
4776034031,2024-01-31,경상북도,영양군,수비면,발리리,461,244,217,458,244,214,-3,0,-3
4776034032,2024-01-31,경상북도,영양군,수비면,신원리,154,73,81,153,74,79,-1,1,-2
4776034033,2024-01-31,경상북도,영양군,수비면,죽파리,96,50,46,99,53,46,3,3,0
4776034034,2024-01-31,경상북도,영양군,수비면,오기리,189,97,92,190,98,92,1,1,0
4776034035,2024-01-31,경상북도,영양군,수비면,계리,203,102,101,204,102,102,1,0,1
4776034036,2024-01-31,경상북도,영양군,수비면,본신리,79,37,42,78,36,42,-1,-1,0
4776034037,2024-01-31,경상북도,영양군,수비면,신암리,108,59,49,108,59,49,0,0,0
4776034038,2024-01-31,경상북도,영양군,수비면,송하리,107,48,59,106,48,58,-1,0,-1
4776035034,2024-01-31,경상북도,영양군,석보면,원리리,483,225,258,480,225,255,-3,0,-3
4776035035,2024-01-31,경상북도,영양군,석보면,옥계리,140,74,66,139,74,65,-1,0,-1
4776035036,2024-01-31,경상북도,영양군,석보면,주남리,154,80,74,152,78,74,-2,-2,0
4776035037,2024-01-31,경상북도,영양군,석보면,요원리,92,45,47,91,45,46,-1,0,-1
4776035038,2024-01-31,경상북도,영양군,석보면,택전리,188,99,89,190,100,90,2,1,1
4776035039,2024-01-31,경상북도,영양군,석보면,신평리,87,45,42,87,45,42,0,0,0
4776035040,2024-01-31,경상북도,영양군,석보면,포산리,31,20,11,31,20,11,0,0,0
4776035041,2024-01-31,경상북도,영양군,석보면,소계리,97,48,49,97,48,49,0,0,0
4776035042,2024-01-31,경상북도,영양군,석보면,화매리,200,98,102,199,98,101,-1,0,-1
4776035043,2024-01-31,경상북도,영양군,석보면,답곡리,132,66,66,133,67,66,1,1,0
4776035044,2024-01-31,경상북도,영양군,석보면,홍계리,56,27,29,57,28,29,1,1,0
4776035045,2024-01-31,경상북도,영양군,석보면,지경리,205,112,93,203,111,92,-2,-1,-1
4776035046,2024-01-31,경상북도,영양군,석보면,삼의리,55,29,26,56,29,27,1,0,1
4777025021,2024-01-31,경상북도,영덕군,영덕읍,구미리,114,55,59,115,55,60,1,0,1
4777025022,2024-01-31,경상북도,영덕군,영덕읍,화개리,1037,530,507,1025,526,499,-12,-4,-8
4777025023,2024-01-31,경상북도,영덕군,영덕읍,남석리,2013,935,1078,2014,933,1081,1,-2,3
4777025024,2024-01-31,경상북도,영덕군,영덕읍,덕곡리,1667,823,844,1668,822,846,1,-1,2
4777025025,2024-01-31,경상북도,영덕군,영덕읍,천전리,178,80,98,178,81,97,0,1,-1
4777025026,2024-01-31,경상북도,영덕군,영덕읍,남산리,252,130,122,246,127,119,-6,-3,-3
4777025027,2024-01-31,경상북도,영덕군,영덕읍,우곡리,3300,1617,1683,3317,1625,1692,17,8,9
4777025028,2024-01-31,경상북도,영덕군,영덕읍,화수리,316,150,166,313,148,165,-3,-2,-1
4777025029,2024-01-31,경상북도,영덕군,영덕읍,삼계리,66,38,28,66,38,28,0,0,0
4777025030,2024-01-31,경상북도,영덕군,영덕읍,매정리,183,96,87,181,98,83,-2,2,-4
4777025031,2024-01-31,경상북도,영덕군,영덕읍,석리,123,63,60,121,62,59,-2,-1,-1
4777025032,2024-01-31,경상북도,영덕군,영덕읍,노물리,302,138,164,303,139,164,1,1,0
4777025033,2024-01-31,경상북도,영덕군,영덕읍,오보리,116,49,67,115,48,67,-1,-1,0
4777025034,2024-01-31,경상북도,영덕군,영덕읍,대탄리,71,30,41,71,31,40,0,1,-1
4777025035,2024-01-31,경상북도,영덕군,영덕읍,대부리,170,82,88,170,82,88,0,0,0
4777025036,2024-01-31,경상북도,영덕군,영덕읍,창포리,269,117,152,268,117,151,-1,0,-1
4777025037,2024-01-31,경상북도,영덕군,영덕읍,화천리,237,106,131,233,103,130,-4,-3,-1
4777031031,2024-01-31,경상북도,영덕군,강구면,강구리,771,365,406,767,362,405,-4,-3,-1
4777031032,2024-01-31,경상북도,영덕군,강구면,오포리,2486,1139,1347,2481,1141,1340,-5,2,-7
4777031033,2024-01-31,경상북도,영덕군,강구면,삼사리,604,297,307,607,298,309,3,1,2
4777031034,2024-01-31,경상북도,영덕군,강구면,화전리,385,190,195,380,189,191,-5,-1,-4
4777031035,2024-01-31,경상북도,영덕군,강구면,상직리,97,54,43,97,54,43,0,0,0
4777031037,2024-01-31,경상북도,영덕군,강구면,소월리,108,51,57,108,51,57,0,0,0
4777031038,2024-01-31,경상북도,영덕군,강구면,금호리,585,278,307,581,279,302,-4,1,-5
4777031039,2024-01-31,경상북도,영덕군,강구면,하저리,315,150,165,312,148,164,-3,-2,-1
4777031040,2024-01-31,경상북도,영덕군,강구면,금진리,304,133,171,303,131,172,-1,-2,1
4777031041,2024-01-31,경상북도,영덕군,강구면,원직리,140,69,71,137,67,70,-3,-2,-1
4777032036,2024-01-31,경상북도,영덕군,남정면,장사리,431,212,219,432,215,217,1,3,-2
4777032037,2024-01-31,경상북도,영덕군,남정면,부경리,169,79,90,169,79,90,0,0,0
4777032038,2024-01-31,경상북도,영덕군,남정면,회리,157,77,80,155,77,78,-2,0,-2
4777032039,2024-01-31,경상북도,영덕군,남정면,양성리,152,79,73,148,77,71,-4,-2,-2
4777032040,2024-01-31,경상북도,영덕군,남정면,봉전리,88,44,44,89,44,45,1,0,1
4777032041,2024-01-31,경상북도,영덕군,남정면,쟁암리,53,29,24,52,29,23,-1,0,-1
4777032042,2024-01-31,경상북도,영덕군,남정면,사암리,78,39,39,78,39,39,0,0,0
4777032043,2024-01-31,경상북도,영덕군,남정면,도천리,124,60,64,123,59,64,-1,-1,0
4777032044,2024-01-31,경상북도,영덕군,남정면,우곡리,76,34,42,76,34,42,0,0,0
4777032045,2024-01-31,경상북도,영덕군,남정면,중화리,54,25,29,52,24,28,-2,-1,-1
4777032046,2024-01-31,경상북도,영덕군,남정면,남정리,124,50,74,125,52,73,1,2,-1
4777032047,2024-01-31,경상북도,영덕군,남정면,남호리,92,47,45,92,47,45,0,0,0
4777032048,2024-01-31,경상북도,영덕군,남정면,구계리,243,124,119,241,124,117,-2,0,-2
4777032049,2024-01-31,경상북도,영덕군,남정면,원척리,196,99,97,196,99,97,0,0,0
4777032050,2024-01-31,경상북도,영덕군,남정면,부흥리,209,101,108,209,101,108,0,0,0
4777033032,2024-01-31,경상북도,영덕군,달산면,대지리,163,73,90,163,73,90,0,0,0
4777033033,2024-01-31,경상북도,영덕군,달산면,용평리,28,13,15,28,13,15,0,0,0
4777033034,2024-01-31,경상북도,영덕군,달산면,매일리,100,45,55,101,46,55,1,1,0
4777033035,2024-01-31,경상북도,영덕군,달산면,흥기리,179,82,97,177,81,96,-2,-1,-1
4777033036,2024-01-31,경상북도,영덕군,달산면,주응리,116,55,61,116,55,61,0,0,0
4777033037,2024-01-31,경상북도,영덕군,달산면,옥산리,178,76,102,180,78,102,2,2,0
4777033038,2024-01-31,경상북도,영덕군,달산면,인곡리,72,36,36,71,37,34,-1,1,-2
4777033039,2024-01-31,경상북도,영덕군,달산면,용전리,70,26,44,69,25,44,-1,-1,0
4777033040,2024-01-31,경상북도,영덕군,달산면,덕산리,77,39,38,77,39,38,0,0,0
4777033041,2024-01-31,경상북도,영덕군,달산면,봉산리,52,32,20,50,32,18,-2,0,-2
4777033042,2024-01-31,경상북도,영덕군,달산면,옥계리,39,20,19,39,20,19,0,0,0
4777034039,2024-01-31,경상북도,영덕군,지품면,삼화리,205,102,103,205,103,102,0,1,-1
4777034040,2024-01-31,경상북도,영덕군,지품면,오천리,213,104,109,213,103,110,0,-1,1
4777034041,2024-01-31,경상북도,영덕군,지품면,신양리,125,58,67,127,58,69,2,0,2
4777034042,2024-01-31,경상북도,영덕군,지품면,눌곡리,56,32,24,53,30,23,-3,-2,-1
4777034043,2024-01-31,경상북도,영덕군,지품면,용덕리,75,38,37,75,38,37,0,0,0
4777034044,2024-01-31,경상북도,영덕군,지품면,송천리,92,44,48,92,44,48,0,0,0
4777034045,2024-01-31,경상북도,영덕군,지품면,낙평리,139,66,73,139,66,73,0,0,0
4777034046,2024-01-31,경상북도,영덕군,지품면,수암리,102,46,56,102,46,56,0,0,0
4777034047,2024-01-31,경상북도,영덕군,지품면,복곡리,71,37,34,73,38,35,2,1,1
4777034048,2024-01-31,경상북도,영덕군,지품면,원전리,142,65,77,141,65,76,-1,0,-1
4777034049,2024-01-31,경상북도,영덕군,지품면,지품리,90,44,46,93,46,47,3,2,1
4777034050,2024-01-31,경상북도,영덕군,지품면,기사리,69,33,36,68,32,36,-1,-1,0
4777034051,2024-01-31,경상북도,영덕군,지품면,황장리,53,28,25,53,28,25,0,0,0
4777034052,2024-01-31,경상북도,영덕군,지품면,신안리,245,122,123,244,122,122,-1,0,-1
4777034053,2024-01-31,경상북도,영덕군,지품면,속곡리,44,22,22,44,22,22,0,0,0
4777034054,2024-01-31,경상북도,영덕군,지품면,율전리,67,31,36,67,32,35,0,1,-1
4777034055,2024-01-31,경상북도,영덕군,지품면,도계리,81,44,37,81,44,37,0,0,0
4777034056,2024-01-31,경상북도,영덕군,지품면,옥류리,35,25,10,35,25,10,0,0,0
4777034057,2024-01-31,경상북도,영덕군,지품면,신애리,29,9,20,29,9,20,0,0,0
4777035032,2024-01-31,경상북도,영덕군,축산면,축산리,1065,491,574,1060,488,572,-5,-3,-2
4777035033,2024-01-31,경상북도,영덕군,축산면,경정리,491,235,256,488,235,253,-3,0,-3
4777035034,2024-01-31,경상북도,영덕군,축산면,고곡리,158,74,84,157,74,83,-1,0,-1
4777035035,2024-01-31,경상북도,영덕군,축산면,도곡리,216,94,122,217,94,123,1,0,1
4777035036,2024-01-31,경상북도,영덕군,축산면,상원리,142,68,74,143,69,74,1,1,0
4777035037,2024-01-31,경상북도,영덕군,축산면,부곡리,77,38,39,77,37,40,0,-1,1
4777035038,2024-01-31,경상북도,영덕군,축산면,칠성리,118,58,60,119,59,60,1,1,0
4777035039,2024-01-31,경상북도,영덕군,축산면,조항리,10,5,5,10,5,5,0,0,0
4777035040,2024-01-31,경상북도,영덕군,축산면,대곡리,66,28,38,63,28,35,-3,0,-3
4777035041,2024-01-31,경상북도,영덕군,축산면,기암리,87,49,38,88,50,38,1,1,0
4777036030,2024-01-31,경상북도,영덕군,영해면,성내리,2829,1287,1542,2820,1285,1535,-9,-2,-7
4777036031,2024-01-31,경상북도,영덕군,영해면,괴시리,1042,496,546,1046,498,548,4,2,2
4777036032,2024-01-31,경상북도,영덕군,영해면,대진리,348,156,192,346,157,189,-2,1,-3
4777036033,2024-01-31,경상북도,영덕군,영해면,사진리,241,99,142,240,99,141,-1,0,-1
4777036034,2024-01-31,경상북도,영덕군,영해면,연평리,236,107,129,233,104,129,-3,-3,0
4777036035,2024-01-31,경상북도,영덕군,영해면,벌영리,892,427,465,887,425,462,-5,-2,-3
4777036036,2024-01-31,경상북도,영덕군,영해면,원구리,260,122,138,260,121,139,0,-1,1
4777036037,2024-01-31,경상북도,영덕군,영해면,묘곡리,95,47,48,95,47,48,0,0,0
4777036038,2024-01-31,경상북도,영덕군,영해면,대리,67,33,34,67,33,34,0,0,0
4777037035,2024-01-31,경상북도,영덕군,병곡면,삼읍리,38,20,18,38,20,18,0,0,0
4777037036,2024-01-31,경상북도,영덕군,병곡면,금곡리,261,126,135,257,125,132,-4,-1,-3
4777037037,2024-01-31,경상북도,영덕군,병곡면,백석리,335,160,175,334,162,172,-1,2,-3
4777037038,2024-01-31,경상북도,영덕군,병곡면,병곡리,379,195,184,380,196,184,1,1,0
4777037039,2024-01-31,경상북도,영덕군,병곡면,영리,295,144,151,294,145,149,-1,1,-2
4777037040,2024-01-31,경상북도,영덕군,병곡면,거무역리,205,92,113,205,94,111,0,2,-2
4777037041,2024-01-31,경상북도,영덕군,병곡면,아곡리,63,28,35,63,28,35,0,0,0
4777037042,2024-01-31,경상북도,영덕군,병곡면,원황리,380,170,210,383,173,210,3,3,0
4777037043,2024-01-31,경상북도,영덕군,병곡면,이천리,71,39,32,72,39,33,1,0,1
4777037044,2024-01-31,경상북도,영덕군,병곡면,각리리,225,112,113,225,112,113,0,0,0
4777037045,2024-01-31,경상북도,영덕군,병곡면,사천리,84,43,41,83,43,40,-1,0,-1
4777037046,2024-01-31,경상북도,영덕군,병곡면,신평리,66,28,38,66,28,38,0,0,0
4777037047,2024-01-31,경상북도,영덕군,병곡면,송천리,105,43,62,105,43,62,0,0,0
4777037049,2024-01-31,경상북도,영덕군,병곡면,덕천리,97,50,47,97,50,47,0,0,0
4777038034,2024-01-31,경상북도,영덕군,창수면,인량리,205,104,101,206,105,101,1,1,0
4777038035,2024-01-31,경상북도,영덕군,창수면,가산리,125,60,65,124,59,65,-1,-1,0
4777038036,2024-01-31,경상북도,영덕군,창수면,신기리,234,111,123,232,109,123,-2,-2,0
4777038037,2024-01-31,경상북도,영덕군,창수면,신리리,135,68,67,134,68,66,-1,0,-1
4777038038,2024-01-31,경상북도,영덕군,창수면,갈천리,80,42,38,80,42,38,0,0,0
4777038039,2024-01-31,경상북도,영덕군,창수면,창수리,109,51,58,109,51,58,0,0,0
4777038040,2024-01-31,경상북도,영덕군,창수면,미곡리,111,50,61,110,50,60,-1,0,-1
4777038041,2024-01-31,경상북도,영덕군,창수면,오촌리,159,77,82,160,78,82,1,1,0
4777038042,2024-01-31,경상북도,영덕군,창수면,삼계리,133,64,69,134,66,68,1,2,-1
4777038043,2024-01-31,경상북도,영덕군,창수면,수리,67,35,32,66,34,32,-1,-1,0
4777038044,2024-01-31,경상북도,영덕군,창수면,인천리,123,63,60,123,63,60,0,0,0
4777038045,2024-01-31,경상북도,영덕군,창수면,보림리,39,18,21,39,18,21,0,0,0
4777038046,2024-01-31,경상북도,영덕군,창수면,백청리,29,14,15,28,13,15,-1,-1,0
4782025021,2024-01-31,경상북도,청도군,화양읍,동상리,149,75,74,148,74,74,-1,-1,0
4782025022,2024-01-31,경상북도,청도군,화양읍,서상리,406,186,220,402,182,220,-4,-4,0
4782025023,2024-01-31,경상북도,청도군,화양읍,신봉리,193,94,99,196,96,100,3,2,1
4782025024,2024-01-31,경상북도,청도군,화양읍,교촌리,141,76,65,143,78,65,2,2,0
4782025025,2024-01-31,경상북도,청도군,화양읍,동천리,396,213,183,399,213,186,3,0,3
4782025026,2024-01-31,경상북도,청도군,화양읍,합천리,340,178,162,336,175,161,-4,-3,-1
4782025027,2024-01-31,경상북도,청도군,화양읍,범곡리,3467,1655,1812,3454,1650,1804,-13,-5,-8
4782025028,2024-01-31,경상북도,청도군,화양읍,송북리,306,150,156,303,149,154,-3,-1,-2
4782025029,2024-01-31,경상북도,청도군,화양읍,눌미리,205,100,105,205,100,105,0,0,0
4782025030,2024-01-31,경상북도,청도군,화양읍,고평리,267,134,133,272,136,136,5,2,3
4782025031,2024-01-31,경상북도,청도군,화양읍,소라리,221,104,117,220,104,116,-1,0,-1
4782025032,2024-01-31,경상북도,청도군,화양읍,진라리,275,137,138,275,136,139,0,-1,1
4782025033,2024-01-31,경상북도,청도군,화양읍,삼신리,400,209,191,397,208,189,-3,-1,-2
4782025034,2024-01-31,경상북도,청도군,화양읍,다로리,227,109,118,224,109,115,-3,0,-3
4782025035,2024-01-31,경상북도,청도군,화양읍,송금리,211,106,105,211,106,105,0,0,0
4782025036,2024-01-31,경상북도,청도군,화양읍,유등리,635,336,299,638,337,301,3,1,2
4782025037,2024-01-31,경상북도,청도군,화양읍,토평리,382,186,196,382,185,197,0,-1,1
4782025321,2024-01-31,경상북도,청도군,청도읍,고수리,6556,3169,3387,6540,3160,3380,-16,-9,-7
4782025322,2024-01-31,경상북도,청도군,청도읍,송읍리,202,104,98,201,102,99,-1,-2,1
4782025323,2024-01-31,경상북도,청도군,청도읍,무등리,227,112,115,225,111,114,-2,-1,-1
4782025324,2024-01-31,경상북도,청도군,청도읍,덕암리,262,122,140,259,121,138,-3,-1,-2
4782025325,2024-01-31,경상북도,청도군,청도읍,내리,135,63,72,136,62,74,1,-1,2
4782025326,2024-01-31,경상북도,청도군,청도읍,안인리,193,97,96,191,95,96,-2,-2,0
4782025327,2024-01-31,경상북도,청도군,청도읍,운산리,221,106,115,221,105,116,0,-1,1
4782025328,2024-01-31,경상북도,청도군,청도읍,부야리,381,183,198,381,184,197,0,1,-1
4782025329,2024-01-31,경상북도,청도군,청도읍,원정리,826,422,404,825,420,405,-1,-2,1
4782025330,2024-01-31,경상북도,청도군,청도읍,구미리,122,54,68,122,54,68,0,0,0
4782025331,2024-01-31,경상북도,청도군,청도읍,월곡리,392,248,144,394,250,144,2,2,0
4782025332,2024-01-31,경상북도,청도군,청도읍,원리,184,92,92,184,92,92,0,0,0
4782025333,2024-01-31,경상북도,청도군,청도읍,거연리,218,114,104,212,110,102,-6,-4,-2
4782025334,2024-01-31,경상북도,청도군,청도읍,신도리,269,133,136,274,137,137,5,4,1
4782025335,2024-01-31,경상북도,청도군,청도읍,상리,141,73,68,143,74,69,2,1,1
4782025336,2024-01-31,경상북도,청도군,청도읍,평양리,228,125,103,228,125,103,0,0,0
4782025337,2024-01-31,경상북도,청도군,청도읍,음지리,112,54,58,115,55,60,3,1,2
4782025338,2024-01-31,경상북도,청도군,청도읍,초현리,96,52,44,97,53,44,1,1,0
4782025339,2024-01-31,경상북도,청도군,청도읍,유호리,299,135,164,299,135,164,0,0,0
4782025340,2024-01-31,경상북도,청도군,청도읍,내호리,175,84,91,174,84,90,-1,0,-1
4782025341,2024-01-31,경상북도,청도군,청도읍,사촌리,198,90,108,199,91,108,1,1,0
4782031031,2024-01-31,경상북도,청도군,각남면,칠성리,327,152,175,326,151,175,-1,-1,0
4782031032,2024-01-31,경상북도,청도군,각남면,화리,212,104,108,225,110,115,13,6,7
4782031033,2024-01-31,경상북도,청도군,각남면,일곡리,66,27,39,66,27,39,0,0,0
4782031034,2024-01-31,경상북도,청도군,각남면,구곡리,181,96,85,178,95,83,-3,-1,-2
4782031035,2024-01-31,경상북도,청도군,각남면,예리리,349,171,178,344,169,175,-5,-2,-3
4782031036,2024-01-31,경상북도,청도군,각남면,신당리,193,97,96,194,99,95,1,2,-1
4782031037,2024-01-31,경상북도,청도군,각남면,녹명리,226,114,112,223,112,111,-3,-2,-1
4782031038,2024-01-31,경상북도,청도군,각남면,사리,249,111,138,248,110,138,-1,-1,0
4782031039,2024-01-31,경상북도,청도군,각남면,함박리,101,52,49,106,54,52,5,2,3
4782031040,2024-01-31,경상북도,청도군,각남면,옥산리,241,118,123,237,116,121,-4,-2,-2
4782032033,2024-01-31,경상북도,청도군,풍각면,송서리,1036,477,559,1034,481,553,-2,4,-6
4782032034,2024-01-31,경상북도,청도군,풍각면,봉기리,673,337,336,668,335,333,-5,-2,-3
4782032035,2024-01-31,경상북도,청도군,풍각면,현리리,188,88,100,183,87,96,-5,-1,-4
4782032036,2024-01-31,경상북도,청도군,풍각면,성곡리,176,98,78,175,97,78,-1,-1,0
4782032037,2024-01-31,경상북도,청도군,풍각면,수월리,114,50,64,111,49,62,-3,-1,-2
4782032038,2024-01-31,경상북도,청도군,풍각면,화산리,159,75,84,160,76,84,1,1,0
4782032039,2024-01-31,경상북도,청도군,풍각면,금곡리,165,80,85,164,80,84,-1,0,-1
4782032040,2024-01-31,경상북도,청도군,풍각면,안산리,299,159,140,298,158,140,-1,-1,0
4782032041,2024-01-31,경상북도,청도군,풍각면,흑석리,289,148,141,290,149,141,1,1,0
4782032042,2024-01-31,경상북도,청도군,풍각면,월봉리,131,70,61,131,70,61,0,0,0
4782032043,2024-01-31,경상북도,청도군,풍각면,차산리,209,107,102,208,105,103,-1,-2,1
4782032044,2024-01-31,경상북도,청도군,풍각면,덕양리,297,160,137,291,157,134,-6,-3,-3
4782033029,2024-01-31,경상북도,청도군,각북면,명대리,172,85,87,173,86,87,1,1,0
4782033030,2024-01-31,경상북도,청도군,각북면,우산리,182,94,88,183,95,88,1,1,0
4782033031,2024-01-31,경상북도,청도군,각북면,삼평리,267,137,130,268,136,132,1,-1,2
4782033032,2024-01-31,경상북도,청도군,각북면,남산리,449,212,237,449,213,236,0,1,-1
4782033033,2024-01-31,경상북도,청도군,각북면,덕촌리,294,148,146,296,150,146,2,2,0
4782033034,2024-01-31,경상북도,청도군,각북면,지슬리,323,154,169,320,152,168,-3,-2,-1
4782033035,2024-01-31,경상북도,청도군,각북면,금천리,159,87,72,163,90,73,4,3,1
4782033036,2024-01-31,경상북도,청도군,각북면,오산리,430,222,208,432,224,208,2,2,0
4782034038,2024-01-31,경상북도,청도군,이서면,칠엽리,109,49,60,108,49,59,-1,0,-1
4782034039,2024-01-31,경상북도,청도군,이서면,대전리,194,90,104,193,90,103,-1,0,-1
4782034040,2024-01-31,경상북도,청도군,이서면,가금리,179,93,86,176,91,85,-3,-2,-1
4782034041,2024-01-31,경상북도,청도군,이서면,구라리,133,66,67,133,65,68,0,-1,1
4782034042,2024-01-31,경상북도,청도군,이서면,서원리,365,183,182,369,185,184,4,2,2
4782034043,2024-01-31,경상북도,청도군,이서면,각계리,119,56,63,119,56,63,0,0,0
4782034044,2024-01-31,경상북도,청도군,이서면,학산리,797,375,422,799,374,425,2,-1,3
4782034045,2024-01-31,경상북도,청도군,이서면,수야리,391,191,200,389,190,199,-2,-1,-1
4782034046,2024-01-31,경상북도,청도군,이서면,금촌리,150,82,68,154,84,70,4,2,2
4782034048,2024-01-31,경상북도,청도군,이서면,문수리,181,91,90,179,89,90,-2,-2,0
4782034049,2024-01-31,경상북도,청도군,이서면,고철리,262,122,140,266,125,141,4,3,1
4782034050,2024-01-31,경상북도,청도군,이서면,양원리,212,107,105,205,102,103,-7,-5,-2
4782034051,2024-01-31,경상북도,청도군,이서면,신촌리,371,188,183,372,186,186,1,-2,3
4782034052,2024-01-31,경상북도,청도군,이서면,칠곡리,261,136,125,269,141,128,8,5,3
4782034053,2024-01-31,경상북도,청도군,이서면,대곡리,481,228,253,483,226,257,2,-2,4
4782034054,2024-01-31,경상북도,청도군,이서면,팔조리,138,69,69,138,70,68,0,1,-1
4782034055,2024-01-31,경상북도,청도군,이서면,흥선리,185,93,92,188,94,94,3,1,2
4782035032,2024-01-31,경상북도,청도군,운문면,대천리,365,186,179,361,183,178,-4,-3,-1
4782035033,2024-01-31,경상북도,청도군,운문면,순지리,9,7,2,10,8,2,1,1,0
4782035034,2024-01-31,경상북도,청도군,운문면,방음리,29,14,15,29,14,15,0,0,0
4782035035,2024-01-31,경상북도,청도군,운문면,오진리,169,97,72,169,97,72,0,0,0
4782035036,2024-01-31,경상북도,청도군,운문면,신원리,516,241,275,513,236,277,-3,-5,2
4782035037,2024-01-31,경상북도,청도군,운문면,서지리,1,1,0,1,1,0,0,0,0
4782035038,2024-01-31,경상북도,청도군,운문면,공암리,55,25,30,54,24,30,-1,-1,0
4782035039,2024-01-31,경상북도,청도군,운문면,지촌리,132,64,68,132,64,68,0,0,0
4782035040,2024-01-31,경상북도,청도군,운문면,봉하리,194,113,81,194,113,81,0,0,0
4782035041,2024-01-31,경상북도,청도군,운문면,정상리,148,74,74,148,74,74,0,0,0
4782035042,2024-01-31,경상북도,청도군,운문면,마일리,153,78,75,152,78,74,-1,0,-1
4782035043,2024-01-31,경상북도,청도군,운문면,방지리,209,110,99,210,111,99,1,1,0
4782036031,2024-01-31,경상북도,청도군,금천면,동곡리,671,327,344,671,329,342,0,2,-2
4782036032,2024-01-31,경상북도,청도군,금천면,사전리,236,133,103,236,132,104,0,-1,1
4782036033,2024-01-31,경상북도,청도군,금천면,김전리,261,134,127,257,131,126,-4,-3,-1
4782036034,2024-01-31,경상북도,청도군,금천면,갈지리,232,119,113,232,120,112,0,1,-1
4782036035,2024-01-31,경상북도,청도군,금천면,소천리,296,152,144,298,153,145,2,1,1
4782036036,2024-01-31,경상북도,청도군,금천면,방지리,218,113,105,214,113,101,-4,0,-4
4782036037,2024-01-31,경상북도,청도군,금천면,임당리,438,230,208,438,230,208,0,0,0
4782036038,2024-01-31,경상북도,청도군,금천면,신지리,445,221,224,451,224,227,6,3,3
4782036039,2024-01-31,경상북도,청도군,금천면,박곡리,229,119,110,227,118,109,-2,-1,-1
4782036040,2024-01-31,경상북도,청도군,금천면,오봉리,192,102,90,192,102,90,0,0,0
4782037041,2024-01-31,경상북도,청도군,매전면,남양리,394,197,197,396,197,199,2,0,2
4782037042,2024-01-31,경상북도,청도군,매전면,당호리,94,44,50,94,44,50,0,0,0
4782037043,2024-01-31,경상북도,청도군,매전면,금곡리,128,63,65,127,63,64,-1,0,-1
4782037044,2024-01-31,경상북도,청도군,매전면,동산리,346,183,163,345,182,163,-1,-1,0
4782037045,2024-01-31,경상북도,청도군,매전면,북지리,125,63,62,116,57,59,-9,-6,-3
4782037046,2024-01-31,경상북도,청도군,매전면,용산리,140,72,68,143,74,69,3,2,1
4782037047,2024-01-31,경상북도,청도군,매전면,온막리,335,155,180,335,155,180,0,0,0
4782037048,2024-01-31,경상북도,청도군,매전면,호화리,152,79,73,153,80,73,1,1,0
4782037049,2024-01-31,경상북도,청도군,매전면,장연리,130,70,60,132,70,62,2,0,2
4782037050,2024-01-31,경상북도,청도군,매전면,예전리,159,75,84,161,77,84,2,2,0
4782037051,2024-01-31,경상북도,청도군,매전면,내리,137,67,70,135,65,70,-2,-2,0
4782037052,2024-01-31,경상북도,청도군,매전면,지전리,176,89,87,174,88,86,-2,-1,-1
4782037053,2024-01-31,경상북도,청도군,매전면,송원리,72,32,40,71,32,39,-1,0,-1
4782037054,2024-01-31,경상북도,청도군,매전면,구촌리,187,97,90,192,99,93,5,2,3
4782037055,2024-01-31,경상북도,청도군,매전면,하평리,164,85,79,165,85,80,1,0,1
4782037056,2024-01-31,경상북도,청도군,매전면,상평리,95,53,42,94,53,41,-1,0,-1
4782037057,2024-01-31,경상북도,청도군,매전면,관하리,342,178,164,339,176,163,-3,-2,-1
4782037058,2024-01-31,경상북도,청도군,매전면,금천리,245,124,121,244,124,120,-1,0,-1
4782037059,2024-01-31,경상북도,청도군,매전면,덕산리,178,89,89,178,89,89,0,0,0
4782037060,2024-01-31,경상북도,청도군,매전면,두곡리,176,89,87,175,88,87,-1,-1,0
4783025321,2024-01-31,경상북도,고령군,대가야읍,쾌빈리,3116,1545,1571,3098,1540,1558,-18,-5,-13
4783025322,2024-01-31,경상북도,고령군,대가야읍,고아리,936,441,495,943,447,496,7,6,1
4783025323,2024-01-31,경상북도,고령군,대가야읍,헌문리,432,215,217,426,215,211,-6,0,-6
4783025324,2024-01-31,경상북도,고령군,대가야읍,장기리,463,258,205,461,257,204,-2,-1,-1
4783025325,2024-01-31,경상북도,고령군,대가야읍,연조리,1474,693,781,1459,691,768,-15,-2,-13
4783025326,2024-01-31,경상북도,고령군,대가야읍,지산리,1896,1048,848,1895,1044,851,-1,-4,3
4783025327,2024-01-31,경상북도,고령군,대가야읍,본관리,301,158,143,299,158,141,-2,0,-2
4783025328,2024-01-31,경상북도,고령군,대가야읍,중화리,210,108,102,205,106,99,-5,-2,-3
4783025329,2024-01-31,경상북도,고령군,대가야읍,저전리,163,81,82,163,81,82,0,0,0
4783025330,2024-01-31,경상북도,고령군,대가야읍,내상리,112,61,51,113,61,52,1,0,1
4783025331,2024-01-31,경상북도,고령군,대가야읍,신리,139,64,75,137,63,74,-2,-1,-1
4783025332,2024-01-31,경상북도,고령군,대가야읍,외리,186,86,100,184,87,97,-2,1,-3
4783025333,2024-01-31,경상북도,고령군,대가야읍,내곡리,232,110,122,229,109,120,-3,-1,-2
4783031031,2024-01-31,경상북도,고령군,덕곡면,가륜리,209,114,95,213,116,97,4,2,2
4783031032,2024-01-31,경상북도,고령군,덕곡면,원송리,112,53,59,111,52,59,-1,-1,0
4783031033,2024-01-31,경상북도,고령군,덕곡면,노리,155,76,79,152,76,76,-3,0,-3
4783031034,2024-01-31,경상북도,고령군,덕곡면,백리,117,66,51,115,65,50,-2,-1,-1
4783031035,2024-01-31,경상북도,고령군,덕곡면,옥계리,132,59,73,132,59,73,0,0,0
4783031036,2024-01-31,경상북도,고령군,덕곡면,용흥리,101,58,43,98,55,43,-3,-3,0
4783031037,2024-01-31,경상북도,고령군,덕곡면,본리리,177,88,89,176,87,89,-1,-1,0
4783031038,2024-01-31,경상북도,고령군,덕곡면,예리,173,91,82,177,92,85,4,1,3
4783031039,2024-01-31,경상북도,고령군,덕곡면,반성리,170,88,82,171,89,82,1,1,0
4783031040,2024-01-31,경상북도,고령군,덕곡면,후암리,95,41,54,94,40,54,-1,-1,0
4783032030,2024-01-31,경상북도,고령군,운수면,봉평리,328,151,177,328,149,179,0,-2,2
4783032031,2024-01-31,경상북도,고령군,운수면,대평리,236,126,110,237,126,111,1,0,1
4783032032,2024-01-31,경상북도,고령군,운수면,신간리,173,97,76,169,92,77,-4,-5,1
4783032033,2024-01-31,경상북도,고령군,운수면,법리,93,49,44,93,49,44,0,0,0
4783032034,2024-01-31,경상북도,고령군,운수면,유리,143,72,71,144,73,71,1,1,0
4783032035,2024-01-31,경상북도,고령군,운수면,팔산리,109,64,45,107,62,45,-2,-2,0
4783032036,2024-01-31,경상북도,고령군,운수면,운산리,208,98,110,208,99,109,0,1,-1
4783032037,2024-01-31,경상북도,고령군,운수면,월산리,220,111,109,218,110,108,-2,-1,-1
4783032038,2024-01-31,경상북도,고령군,운수면,화암리,272,132,140,270,131,139,-2,-1,-1
4783033035,2024-01-31,경상북도,고령군,성산면,어곡리,353,199,154,354,200,154,1,1,0
4783033036,2024-01-31,경상북도,고령군,성산면,득성리,248,135,113,245,133,112,-3,-2,-1
4783033037,2024-01-31,경상북도,고령군,성산면,삼대리,187,108,79,189,110,79,2,2,0
4783033038,2024-01-31,경상북도,고령군,성산면,오곡리,82,45,37,81,44,37,-1,-1,0
4783033039,2024-01-31,경상북도,고령군,성산면,강정리,88,48,40,87,47,40,-1,-1,0
4783033040,2024-01-31,경상북도,고령군,성산면,무계리,140,69,71,136,67,69,-4,-2,-2
4783033041,2024-01-31,경상북도,고령군,성산면,박곡리,229,122,107,232,124,108,3,2,1
4783033042,2024-01-31,경상북도,고령군,성산면,대흥리,74,40,34,75,41,34,1,1,0
4783033043,2024-01-31,경상북도,고령군,성산면,용소리,147,75,72,146,75,71,-1,0,-1
4783033044,2024-01-31,경상북도,고령군,성산면,상용리,128,69,59,130,71,59,2,2,0
4783033045,2024-01-31,경상북도,고령군,성산면,고탄리,182,107,75,180,106,74,-2,-1,-1
4783033046,2024-01-31,경상북도,고령군,성산면,기족리,257,141,116,249,135,114,-8,-6,-2
4783033047,2024-01-31,경상북도,고령군,성산면,기산리,181,103,78,181,103,78,0,0,0
4783033048,2024-01-31,경상북도,고령군,성산면,사부리,204,106,98,201,105,96,-3,-1,-2
4783034031,2024-01-31,경상북도,고령군,다산면,평리리,792,401,391,797,404,393,5,3,2
4783034032,2024-01-31,경상북도,고령군,다산면,호촌리,511,279,232,510,280,230,-1,1,-2
4783034033,2024-01-31,경상북도,고령군,다산면,곽촌리,1007,523,484,1000,518,482,-7,-5,-2
4783034034,2024-01-31,경상북도,고령군,다산면,상곡리,4419,2188,2231,4393,2178,2215,-26,-10,-16
4783034035,2024-01-31,경상북도,고령군,다산면,좌학리,115,62,53,116,64,52,1,2,-1
4783034036,2024-01-31,경상북도,고령군,다산면,월성리,224,130,94,221,128,93,-3,-2,-1
4783034037,2024-01-31,경상북도,고령군,다산면,노곡리,286,156,130,288,155,133,2,-1,3
4783034038,2024-01-31,경상북도,고령군,다산면,나정리,218,128,90,215,127,88,-3,-1,-2
4783034039,2024-01-31,경상북도,고령군,다산면,벌지리,283,156,127,284,159,125,1,3,-2
4783034040,2024-01-31,경상북도,고령군,다산면,송곡리,185,121,64,183,120,63,-2,-1,-1
4783035032,2024-01-31,경상북도,고령군,개진면,양전리,228,123,105,233,128,105,5,5,0
4783035033,2024-01-31,경상북도,고령군,개진면,반운리,154,89,65,150,88,62,-4,-1,-3
4783035034,2024-01-31,경상북도,고령군,개진면,신안리,146,74,72,144,73,71,-2,-1,-1
4783035035,2024-01-31,경상북도,고령군,개진면,직리,192,102,90,191,102,89,-1,0,-1
4783035036,2024-01-31,경상북도,고령군,개진면,개포리,137,79,58,137,79,58,0,0,0
4783035037,2024-01-31,경상북도,고령군,개진면,오사리,153,83,70,153,83,70,0,0,0
4783035038,2024-01-31,경상북도,고령군,개진면,구곡리,139,76,63,136,74,62,-3,-2,-1
4783035039,2024-01-31,경상북도,고령군,개진면,옥산리,224,117,107,222,115,107,-2,-2,0
4783035040,2024-01-31,경상북도,고령군,개진면,부리,259,148,111,259,148,111,0,0,0
4783035041,2024-01-31,경상북도,고령군,개진면,생리,123,68,55,124,69,55,1,1,0
4783035042,2024-01-31,경상북도,고령군,개진면,인안리,114,64,50,115,66,49,1,2,-1
4783036034,2024-01-31,경상북도,고령군,우곡면,도진리,149,82,67,147,81,66,-2,-1,-1
4783036035,2024-01-31,경상북도,고령군,우곡면,예곡리,147,91,56,147,91,56,0,0,0
4783036036,2024-01-31,경상북도,고령군,우곡면,답곡리,223,111,112,221,109,112,-2,-2,0
4783036037,2024-01-31,경상북도,고령군,우곡면,봉산리,196,90,106,195,91,104,-1,1,-2
4783036038,2024-01-31,경상북도,고령군,우곡면,포리,174,87,87,177,88,89,3,1,2
4783036039,2024-01-31,경상북도,고령군,우곡면,객기리,104,58,46,105,57,48,1,-1,2
4783036040,2024-01-31,경상북도,고령군,우곡면,월오리,39,19,20,39,19,20,0,0,0
4783036041,2024-01-31,경상북도,고령군,우곡면,연리,91,48,43,90,47,43,-1,-1,0
4783036042,2024-01-31,경상북도,고령군,우곡면,대곡리,105,57,48,105,57,48,0,0,0
4783036043,2024-01-31,경상북도,고령군,우곡면,사전리,29,17,12,29,17,12,0,0,0
4783036044,2024-01-31,경상북도,고령군,우곡면,야정리,91,42,49,94,43,51,3,1,2
4783036045,2024-01-31,경상북도,고령군,우곡면,속리,68,37,31,69,38,31,1,1,0
4783036046,2024-01-31,경상북도,고령군,우곡면,사촌리,139,76,63,142,78,64,3,2,1
4783037037,2024-01-31,경상북도,고령군,쌍림면,귀원리,204,97,107,204,98,106,0,1,-1
4783037038,2024-01-31,경상북도,고령군,쌍림면,송림리,292,147,145,290,146,144,-2,-1,-1
4783037039,2024-01-31,경상북도,고령군,쌍림면,산당리,95,53,42,93,51,42,-2,-2,0
4783037040,2024-01-31,경상북도,고령군,쌍림면,백산리,107,51,56,106,50,56,-1,-1,0
4783037041,2024-01-31,경상북도,고령군,쌍림면,하거리,222,100,122,211,97,114,-11,-3,-8
4783037042,2024-01-31,경상북도,고령군,쌍림면,신촌리,110,58,52,109,57,52,-1,-1,0
4783037043,2024-01-31,경상북도,고령군,쌍림면,산주리,132,67,65,129,65,64,-3,-2,-1
4783037044,2024-01-31,경상북도,고령군,쌍림면,매촌리,253,110,143,247,106,141,-6,-4,-2
4783037045,2024-01-31,경상북도,고령군,쌍림면,합가리,239,120,119,240,122,118,1,2,-1
4783037046,2024-01-31,경상북도,고령군,쌍림면,신곡리,270,146,124,271,146,125,1,0,1
4783037047,2024-01-31,경상북도,고령군,쌍림면,평지리,106,51,55,103,49,54,-3,-2,-1
4783037048,2024-01-31,경상북도,고령군,쌍림면,안화리,86,42,44,87,43,44,1,1,0
4783037049,2024-01-31,경상북도,고령군,쌍림면,안림리,408,204,204,418,207,211,10,3,7
4783037050,2024-01-31,경상북도,고령군,쌍림면,고곡리,402,200,202,405,201,204,3,1,2
4783037051,2024-01-31,경상북도,고령군,쌍림면,월막리,216,107,109,220,109,111,4,2,2
4783037052,2024-01-31,경상북도,고령군,쌍림면,용리,150,73,77,150,73,77,0,0,0
4784025021,2024-01-31,경상북도,성주군,성주읍,경산리,3713,1783,1930,3694,1778,1916,-19,-5,-14
4784025022,2024-01-31,경상북도,성주군,성주읍,대흥리,400,199,201,398,199,199,-2,0,-2
4784025023,2024-01-31,경상북도,성주군,성주읍,대황리,683,359,324,683,359,324,0,0,0
4784025024,2024-01-31,경상북도,성주군,성주읍,성산리,2651,1387,1264,2636,1374,1262,-15,-13,-2
4784025025,2024-01-31,경상북도,성주군,성주읍,삼산리,261,138,123,265,140,125,4,2,2
4784025026,2024-01-31,경상북도,성주군,성주읍,학산리,244,145,99,243,144,99,-1,-1,0
4784025027,2024-01-31,경상북도,성주군,성주읍,금산리,499,267,232,497,265,232,-2,-2,0
4784025028,2024-01-31,경상북도,성주군,성주읍,예산리,1951,986,965,1951,991,960,0,5,-5
4784025029,2024-01-31,경상북도,성주군,성주읍,백전리,2516,1279,1237,2544,1290,1254,28,11,17
4784025030,2024-01-31,경상북도,성주군,성주읍,용산리,382,191,191,396,198,198,14,7,7
4784031034,2024-01-31,경상북도,성주군,선남면,용신리,544,289,255,546,290,256,2,1,1
4784031035,2024-01-31,경상북도,성주군,선남면,도흥리,749,404,345,742,403,339,-7,-1,-6
4784031036,2024-01-31,경상북도,성주군,선남면,선원리,463,273,190,460,272,188,-3,-1,-2
4784031037,2024-01-31,경상북도,성주군,선남면,소학리,480,259,221,477,257,220,-3,-2,-1
4784031038,2024-01-31,경상북도,성주군,선남면,도성리,663,377,286,663,378,285,0,1,-1
4784031039,2024-01-31,경상북도,성주군,선남면,동암리,391,215,176,394,216,178,3,1,2
4784031040,2024-01-31,경상북도,성주군,선남면,취곡리,194,111,83,194,112,82,0,1,-1
4784031041,2024-01-31,경상북도,성주군,선남면,신부리,290,163,127,291,165,126,1,2,-1
4784031042,2024-01-31,경상북도,성주군,선남면,성원리,285,166,119,285,165,120,0,-1,1
4784031043,2024-01-31,경상북도,성주군,선남면,문방리,350,196,154,346,192,154,-4,-4,0
4784031044,2024-01-31,경상북도,성주군,선남면,오도리,253,140,113,248,138,110,-5,-2,-3
4784031045,2024-01-31,경상북도,성주군,선남면,관화리,658,348,310,662,349,313,4,1,3
4784031046,2024-01-31,경상북도,성주군,선남면,유서리,226,128,98,227,129,98,1,1,0
4784031047,2024-01-31,경상북도,성주군,선남면,명포리,375,181,194,374,180,194,-1,-1,0
4784031048,2024-01-31,경상북도,성주군,선남면,장학리,102,59,43,101,59,42,-1,0,-1
4784032040,2024-01-31,경상북도,성주군,용암면,덕평리,203,116,87,209,120,89,6,4,2
4784032041,2024-01-31,경상북도,성주군,용암면,본리리,291,160,131,292,160,132,1,0,1
4784032042,2024-01-31,경상북도,성주군,용암면,상언리,360,186,174,358,186,172,-2,0,-2
4784032043,2024-01-31,경상북도,성주군,용암면,용정리,295,172,123,287,167,120,-8,-5,-3
4784032044,2024-01-31,경상북도,성주군,용암면,선송리,120,63,57,119,62,57,-1,-1,0
4784032045,2024-01-31,경상북도,성주군,용암면,용계리,89,51,38,89,51,38,0,0,0
4784032046,2024-01-31,경상북도,성주군,용암면,사곡리,160,95,65,162,97,65,2,2,0
4784032047,2024-01-31,경상북도,성주군,용암면,동락리,241,130,111,242,129,113,1,-1,2
4784032048,2024-01-31,경상북도,성주군,용암면,기산리,276,161,115,276,159,117,0,-2,2
4784032049,2024-01-31,경상북도,성주군,용암면,운산리,220,128,92,218,126,92,-2,-2,0
4784032050,2024-01-31,경상북도,성주군,용암면,문명리,506,277,229,506,277,229,0,0,0
4784032053,2024-01-31,경상북도,성주군,용암면,중거리,121,68,53,121,68,53,0,0,0
4784032054,2024-01-31,경상북도,성주군,용암면,마월리,223,124,99,223,124,99,0,0,0
4784032055,2024-01-31,경상북도,성주군,용암면,계상리,131,68,63,133,69,64,2,1,1
4784032056,2024-01-31,경상북도,성주군,용암면,대봉리,200,105,95,200,105,95,0,0,0
4784032057,2024-01-31,경상북도,성주군,용암면,상신리,78,45,33,78,45,33,0,0,0
4784032058,2024-01-31,경상북도,성주군,용암면,죽전리,56,33,23,56,33,23,0,0,0
4784033035,2024-01-31,경상북도,성주군,수륜면,백운리,424,209,215,423,206,217,-1,-3,2
4784033036,2024-01-31,경상북도,성주군,수륜면,신파리,441,223,218,440,222,218,-1,-1,0
4784033037,2024-01-31,경상북도,성주군,수륜면,적송리,164,74,90,164,74,90,0,0,0
4784033038,2024-01-31,경상북도,성주군,수륜면,봉양리,229,121,108,227,121,106,-2,0,-2
4784033039,2024-01-31,경상북도,성주군,수륜면,신정리,182,92,90,181,91,90,-1,-1,0
4784033040,2024-01-31,경상북도,성주군,수륜면,수성리,234,120,114,233,119,114,-1,-1,0
4784033041,2024-01-31,경상북도,성주군,수륜면,송계리,235,127,108,236,126,110,1,-1,2
4784033042,2024-01-31,경상북도,성주군,수륜면,수륜리,211,116,95,210,115,95,-1,-1,0
4784033043,2024-01-31,경상북도,성주군,수륜면,오천리,216,101,115,216,102,114,0,1,-1
4784033044,2024-01-31,경상북도,성주군,수륜면,계정리,236,124,112,234,123,111,-2,-1,-1
4784033045,2024-01-31,경상북도,성주군,수륜면,남은리,219,111,108,222,112,110,3,1,2
4784033046,2024-01-31,경상북도,성주군,수륜면,보월리,132,70,62,129,68,61,-3,-2,-1
4784033047,2024-01-31,경상북도,성주군,수륜면,작은리,120,62,58,121,62,59,1,0,1
4784033048,2024-01-31,경상북도,성주군,수륜면,성리,159,80,79,158,79,79,-1,-1,0
4784034030,2024-01-31,경상북도,성주군,가천면,창천리,790,380,410,784,378,406,-6,-2,-4
4784034031,2024-01-31,경상북도,성주군,가천면,화죽리,186,97,89,187,96,91,1,-1,2
4784034032,2024-01-31,경상북도,성주군,가천면,동원리,168,84,84,166,83,83,-2,-1,-1
4784034033,2024-01-31,경상북도,성주군,가천면,마수리,76,42,34,72,42,30,-4,0,-4
4784034034,2024-01-31,경상북도,성주군,가천면,법전리,181,92,89,179,92,87,-2,0,-2
4784034035,2024-01-31,경상북도,성주군,가천면,신계리,157,78,79,159,78,81,2,0,2
4784034036,2024-01-31,경상북도,성주군,가천면,용사리,158,85,73,157,85,72,-1,0,-1
4784034037,2024-01-31,경상북도,성주군,가천면,금봉리,122,73,49,120,73,47,-2,0,-2
4784034038,2024-01-31,경상북도,성주군,가천면,중산리,143,69,74,142,69,73,-1,0,-1
4784035028,2024-01-31,경상북도,성주군,금수면,광산리,252,132,120,248,131,117,-4,-1,-3
4784035029,2024-01-31,경상북도,성주군,금수면,명천리,222,114,108,218,111,107,-4,-3,-1
4784035030,2024-01-31,경상북도,성주군,금수면,어은리,194,107,87,193,106,87,-1,-1,0
4784035031,2024-01-31,경상북도,성주군,금수면,후평리,164,88,76,166,90,76,2,2,0
4784035032,2024-01-31,경상북도,성주군,금수면,봉두리,53,23,30,52,23,29,-1,0,-1
4784035033,2024-01-31,경상북도,성주군,금수면,무학리,176,90,86,178,90,88,2,0,2
4784035034,2024-01-31,경상북도,성주군,금수면,영천리,137,79,58,135,78,57,-2,-1,-1
4784036030,2024-01-31,경상북도,성주군,대가면,칠봉리,263,134,129,266,137,129,3,3,0
4784036031,2024-01-31,경상북도,성주군,대가면,옥성리,474,254,220,469,252,217,-5,-2,-3
4784036032,2024-01-31,경상북도,성주군,대가면,용흥리,309,145,164,308,145,163,-1,0,-1
4784036033,2024-01-31,경상북도,성주군,대가면,흥산리,236,122,114,237,123,114,1,1,0
4784036034,2024-01-31,경상북도,성주군,대가면,옥련리,281,154,127,284,155,129,3,1,2
4784036035,2024-01-31,경상북도,성주군,대가면,금산리,168,82,86,166,81,85,-2,-1,-1
4784036036,2024-01-31,경상북도,성주군,대가면,옥화리,219,100,119,219,102,117,0,2,-2
4784036037,2024-01-31,경상북도,성주군,대가면,대천리,185,100,85,182,98,84,-3,-2,-1
4784036038,2024-01-31,경상북도,성주군,대가면,도남리,181,98,83,180,97,83,-1,-1,0
4784037031,2024-01-31,경상북도,성주군,벽진면,봉계리,399,218,181,393,214,179,-6,-4,-2
4784037032,2024-01-31,경상북도,성주군,벽진면,매수리,318,167,151,319,167,152,1,0,1
4784037033,2024-01-31,경상북도,성주군,벽진면,외기리,240,121,119,237,121,116,-3,0,-3
4784037034,2024-01-31,경상북도,성주군,벽진면,봉학리,225,125,100,226,125,101,1,0,1
4784037035,2024-01-31,경상북도,성주군,벽진면,용암리,201,100,101,200,100,100,-1,0,-1
4784037036,2024-01-31,경상북도,성주군,벽진면,자산리,234,130,104,231,127,104,-3,-3,0
4784037037,2024-01-31,경상북도,성주군,벽진면,운정리,329,170,159,329,171,158,0,1,-1
4784037038,2024-01-31,경상북도,성주군,벽진면,가암리,224,114,110,224,114,110,0,0,0
4784037039,2024-01-31,경상북도,성주군,벽진면,수촌리,775,396,379,772,396,376,-3,0,-3
4784038032,2024-01-31,경상북도,성주군,초전면,대장리,1327,667,660,1326,664,662,-1,-3,2
4784038033,2024-01-31,경상북도,성주군,초전면,칠선리,359,183,176,359,183,176,0,0,0
4784038034,2024-01-31,경상북도,성주군,초전면,용성리,346,184,162,344,187,157,-2,3,-5
4784038035,2024-01-31,경상북도,성주군,초전면,문덕리,327,167,160,330,166,164,3,-1,4
4784038036,2024-01-31,경상북도,성주군,초전면,자양리,212,109,103,213,110,103,1,1,0
4784038037,2024-01-31,경상북도,성주군,초전면,고산리,158,91,67,157,91,66,-1,0,-1
4784038038,2024-01-31,경상북도,성주군,초전면,월곡리,154,85,69,153,85,68,-1,0,-1
4784038039,2024-01-31,경상북도,성주군,초전면,소성리,156,88,68,157,89,68,1,1,0
4784038040,2024-01-31,경상북도,성주군,초전면,용봉리,444,229,215,444,229,215,0,0,0
4784038041,2024-01-31,경상북도,성주군,초전면,봉정리,293,151,142,297,152,145,4,1,3
4784038042,2024-01-31,경상북도,성주군,초전면,동포리,381,182,199,378,180,198,-3,-2,-1
4784038043,2024-01-31,경상북도,성주군,초전면,어산리,174,99,75,174,100,74,0,1,-1
4784039031,2024-01-31,경상북도,성주군,월항면,대산리,325,184,141,326,186,140,1,2,-1
4784039032,2024-01-31,경상북도,성주군,월항면,유월리,398,230,168,396,231,165,-2,1,-3
4784039033,2024-01-31,경상북도,성주군,월항면,안포리,666,345,321,669,346,323,3,1,2
4784039034,2024-01-31,경상북도,성주군,월항면,용각리,472,243,229,474,244,230,2,1,1
4784039035,2024-01-31,경상북도,성주군,월항면,보암리,233,123,110,237,126,111,4,3,1
4784039036,2024-01-31,경상북도,성주군,월항면,장산리,528,292,236,530,291,239,2,-1,3
4784039037,2024-01-31,경상북도,성주군,월항면,수죽리,214,116,98,213,116,97,-1,0,-1
4784039038,2024-01-31,경상북도,성주군,월항면,지방리,185,108,77,185,109,76,0,1,-1
4784039039,2024-01-31,경상북도,성주군,월항면,인촌리,199,106,93,198,106,92,-1,0,-1
4785025021,2024-01-31,경상북도,칠곡군,왜관읍,왜관리,20772,10399,10373,20718,10365,10353,-54,-34,-20
4785025022,2024-01-31,경상북도,칠곡군,왜관읍,석전리,7762,3822,3940,7759,3821,3938,-3,-1,-2
4785025023,2024-01-31,경상북도,칠곡군,왜관읍,매원리,459,248,211,470,253,217,11,5,6
4785025024,2024-01-31,경상북도,칠곡군,왜관읍,봉계리,135,72,63,138,74,64,3,2,1
4785025025,2024-01-31,경상북도,칠곡군,왜관읍,삼청리,758,392,366,762,396,366,4,4,0
4785025026,2024-01-31,경상북도,칠곡군,왜관읍,금산리,329,208,121,321,204,117,-8,-4,-4
4785025027,2024-01-31,경상북도,칠곡군,왜관읍,낙산리,381,234,147,379,232,147,-2,-2,0
4785025028,2024-01-31,경상북도,칠곡군,왜관읍,금남리,458,229,229,455,229,226,-3,0,-3
4785025029,2024-01-31,경상북도,칠곡군,왜관읍,아곡리,335,180,155,330,175,155,-5,-5,0
4785025321,2024-01-31,경상북도,칠곡군,북삼읍,율리,1190,640,550,1179,636,543,-11,-4,-7
4785025322,2024-01-31,경상북도,칠곡군,북삼읍,어로리,978,526,452,975,526,449,-3,0,-3
4785025323,2024-01-31,경상북도,칠곡군,북삼읍,보손리,338,176,162,343,180,163,5,4,1
4785025324,2024-01-31,경상북도,칠곡군,북삼읍,숭오리,5412,2729,2683,5393,2719,2674,-19,-10,-9
4785025325,2024-01-31,경상북도,칠곡군,북삼읍,인평리,15594,8219,7375,15554,8214,7340,-40,-5,-35
4785025326,2024-01-31,경상북도,칠곡군,북삼읍,오평리,301,170,131,310,174,136,9,4,5
4785025600,2024-01-31,경상북도,칠곡군,석적읍,석적읍,34,23,11,0,0,0,-34,-23,-11
4785025621,2024-01-31,경상북도,칠곡군,석적읍,성곡리,510,260,250,512,262,250,2,2,0
4785025622,2024-01-31,경상북도,칠곡군,석적읍,중리,14246,8351,5895,14190,8340,5850,-56,-11,-45
4785025623,2024-01-31,경상북도,칠곡군,석적읍,남율리,15037,7696,7341,15011,7693,7318,-26,-3,-23
4785025624,2024-01-31,경상북도,칠곡군,석적읍,포남리,432,228,204,428,225,203,-4,-3,-1
4785025625,2024-01-31,경상북도,칠곡군,석적읍,중지리,184,100,84,182,98,84,-2,-2,0
4785025626,2024-01-31,경상북도,칠곡군,석적읍,반계리,182,90,92,185,91,94,3,1,2
4785025627,2024-01-31,경상북도,칠곡군,석적읍,망정리,215,112,103,213,111,102,-2,-1,-1
4785025628,2024-01-31,경상북도,칠곡군,석적읍,도개리,270,141,129,269,141,128,-1,0,-1
4785031036,2024-01-31,경상북도,칠곡군,지천면,신리,1036,556,480,1034,552,482,-2,-4,2
4785031037,2024-01-31,경상북도,칠곡군,지천면,송정리,237,136,101,231,132,99,-6,-4,-2
4785031038,2024-01-31,경상북도,칠곡군,지천면,금호리,314,183,131,316,183,133,2,0,2
4785031039,2024-01-31,경상북도,칠곡군,지천면,연화리,170,92,78,169,92,77,-1,0,-1
4785031040,2024-01-31,경상북도,칠곡군,지천면,달서리,160,88,72,157,87,70,-3,-1,-2
4785031041,2024-01-31,경상북도,칠곡군,지천면,백운리,113,64,49,115,66,49,2,2,0
4785031042,2024-01-31,경상북도,칠곡군,지천면,창평리,260,154,106,261,155,106,1,1,0
4785031043,2024-01-31,경상북도,칠곡군,지천면,심천리,196,106,90,193,105,88,-3,-1,-2
4785031044,2024-01-31,경상북도,칠곡군,지천면,덕산리,145,80,65,145,80,65,0,0,0
4785031045,2024-01-31,경상북도,칠곡군,지천면,영오리,199,112,87,201,114,87,2,2,0
4785031046,2024-01-31,경상북도,칠곡군,지천면,오산리,98,56,42,101,57,44,3,1,2
4785031047,2024-01-31,경상북도,칠곡군,지천면,용산리,167,84,83,167,84,83,0,0,0
4785031048,2024-01-31,경상북도,칠곡군,지천면,연호리,365,175,190,365,176,189,0,1,-1
4785031049,2024-01-31,경상북도,칠곡군,지천면,낙산리,285,152,133,288,154,134,3,2,1
4785031050,2024-01-31,경상북도,칠곡군,지천면,황학리,119,62,57,118,63,55,-1,1,-2
4785032030,2024-01-31,경상북도,칠곡군,동명면,금암리,1191,625,566,1185,623,562,-6,-2,-4
4785032031,2024-01-31,경상북도,칠곡군,동명면,송산리,801,419,382,791,413,378,-10,-6,-4
4785032032,2024-01-31,경상북도,칠곡군,동명면,가천리,154,76,78,154,76,78,0,0,0
4785032033,2024-01-31,경상북도,칠곡군,동명면,학명리,261,145,116,258,143,115,-3,-2,-1
4785032034,2024-01-31,경상북도,칠곡군,동명면,남원리,814,401,413,811,400,411,-3,-1,-2
4785032035,2024-01-31,경상북도,칠곡군,동명면,득명리,137,75,62,136,75,61,-1,0,-1
4785032036,2024-01-31,경상북도,칠곡군,동명면,기성리,1013,491,522,1016,490,526,3,-1,4
4785032037,2024-01-31,경상북도,칠곡군,동명면,구덕리,347,147,200,346,147,199,-1,0,-1
4785032038,2024-01-31,경상북도,칠곡군,동명면,봉암리,464,264,200,460,263,197,-4,-1,-3
4785033034,2024-01-31,경상북도,칠곡군,가산면,다부리,300,172,128,310,173,137,10,1,9
4785033035,2024-01-31,경상북도,칠곡군,가산면,금화리,106,61,45,106,61,45,0,0,0
4785033036,2024-01-31,경상북도,칠곡군,가산면,가산리,196,106,90,193,104,89,-3,-2,-1
4785033037,2024-01-31,경상북도,칠곡군,가산면,응추리,135,72,63,135,73,62,0,1,-1
4785033038,2024-01-31,경상북도,칠곡군,가산면,용수리,153,71,82,153,70,83,0,-1,1
4785033039,2024-01-31,경상북도,칠곡군,가산면,천평리,234,119,115,234,119,115,0,0,0
4785033041,2024-01-31,경상북도,칠곡군,가산면,심곡리,97,59,38,97,59,38,0,0,0
4785033043,2024-01-31,경상북도,칠곡군,가산면,학하리,591,305,286,592,306,286,1,1,0
4785033044,2024-01-31,경상북도,칠곡군,가산면,학상리,363,201,162,361,199,162,-2,-2,0
4785033045,2024-01-31,경상북도,칠곡군,가산면,학산리,325,181,144,333,183,150,8,2,6
4785033046,2024-01-31,경상북도,칠곡군,가산면,석우리,267,155,112,261,150,111,-6,-5,-1
4785033047,2024-01-31,경상북도,칠곡군,가산면,송학리,460,243,217,463,246,217,3,3,0
4785036028,2024-01-31,경상북도,칠곡군,약목면,복성리,4150,2088,2062,4141,2077,2064,-9,-11,2
4785036029,2024-01-31,경상북도,칠곡군,약목면,동안리,675,329,346,672,326,346,-3,-3,0
4785036030,2024-01-31,경상북도,칠곡군,약목면,남계리,872,450,422,871,452,419,-1,2,-3
4785036031,2024-01-31,경상북도,칠곡군,약목면,교리,318,175,143,313,172,141,-5,-3,-2
4785036032,2024-01-31,경상북도,칠곡군,약목면,덕산리,346,195,151,342,194,148,-4,-1,-3
4785036033,2024-01-31,경상북도,칠곡군,약목면,무림리,304,161,143,298,155,143,-6,-6,0
4785036034,2024-01-31,경상북도,칠곡군,약목면,관호리,2334,1270,1064,2332,1269,1063,-2,-1,-1
4785037028,2024-01-31,경상북도,칠곡군,기산면,죽전리,1345,697,648,1341,694,647,-4,-3,-1
4785037029,2024-01-31,경상북도,칠곡군,기산면,평복리,320,171,149,319,170,149,-1,-1,0
4785037030,2024-01-31,경상북도,칠곡군,기산면,영리,376,206,170,378,207,171,2,1,1
4785037031,2024-01-31,경상북도,칠곡군,기산면,행정리,278,140,138,278,140,138,0,0,0
4785037032,2024-01-31,경상북도,칠곡군,기산면,봉산리,293,157,136,292,158,134,-1,1,-2
4785037033,2024-01-31,경상북도,칠곡군,기산면,각산리,216,108,108,219,110,109,3,2,1
4785037034,2024-01-31,경상북도,칠곡군,기산면,노석리,169,86,83,171,88,83,2,2,0
4790025021,2024-01-31,경상북도,예천군,예천읍,노하리,326,156,170,326,156,170,0,0,0
4790025022,2024-01-31,경상북도,예천군,예천읍,노상리,427,203,224,428,204,224,1,1,0
4790025023,2024-01-31,경상북도,예천군,예천읍,백전리,1682,799,883,1671,792,879,-11,-7,-4
4790025024,2024-01-31,경상북도,예천군,예천읍,동본리,1675,796,879,1669,796,873,-6,0,-6
4790025025,2024-01-31,경상북도,예천군,예천읍,남본리,2430,1189,1241,2430,1188,1242,0,-1,1
4790025026,2024-01-31,경상북도,예천군,예천읍,서본리,1139,589,550,1137,586,551,-2,-3,1
4790025027,2024-01-31,경상북도,예천군,예천읍,대심리,3472,1734,1738,3456,1726,1730,-16,-8,-8
4790025028,2024-01-31,경상북도,예천군,예천읍,석정리,186,95,91,185,95,90,-1,0,-1
4790025029,2024-01-31,경상북도,예천군,예천읍,지내리,111,56,55,112,57,55,1,1,0
4790025031,2024-01-31,경상북도,예천군,예천읍,왕신리,235,115,120,232,114,118,-3,-1,-2
4790025032,2024-01-31,경상북도,예천군,예천읍,청복리,994,507,487,1003,512,491,9,5,4
4790025033,2024-01-31,경상북도,예천군,예천읍,통명리,189,95,94,192,98,94,3,3,0
4790025034,2024-01-31,경상북도,예천군,예천읍,우계리,356,176,180,356,176,180,0,0,0
4790025035,2024-01-31,경상북도,예천군,예천읍,갈구리,129,62,67,129,62,67,0,0,0
4790025036,2024-01-31,경상북도,예천군,예천읍,생천리,278,138,140,282,139,143,4,1,3
4790025037,2024-01-31,경상북도,예천군,예천읍,용산리,95,50,45,97,51,46,2,1,1
4790025038,2024-01-31,경상북도,예천군,예천읍,고평리,180,89,91,181,90,91,1,1,0
4790025039,2024-01-31,경상북도,예천군,예천읍,상동리,155,81,74,156,82,74,1,1,0
4790031039,2024-01-31,경상북도,예천군,용문면,상금곡리,606,295,311,600,295,305,-6,0,-6
4790031040,2024-01-31,경상북도,예천군,용문면,하금곡리,145,80,65,144,79,65,-1,-1,0
4790031041,2024-01-31,경상북도,예천군,용문면,성현리,108,52,56,105,51,54,-3,-1,-2
4790031042,2024-01-31,경상북도,예천군,용문면,덕신리,95,51,44,93,50,43,-2,-1,-1
4790031043,2024-01-31,경상북도,예천군,용문면,방송리,64,33,31,63,32,31,-1,-1,0
4790031044,2024-01-31,경상북도,예천군,용문면,노사리,63,26,37,64,27,37,1,1,0
4790031045,2024-01-31,경상북도,예천군,용문면,구계리,63,35,28,62,35,27,-1,0,-1
4790031046,2024-01-31,경상북도,예천군,용문면,죽림리,62,29,33,63,29,34,1,0,1
4790031047,2024-01-31,경상북도,예천군,용문면,직리,41,19,22,40,19,21,-1,0,-1
4790031048,2024-01-31,경상북도,예천군,용문면,두천리,99,47,52,98,46,52,-1,-1,0
4790031049,2024-01-31,경상북도,예천군,용문면,사부리,120,65,55,123,66,57,3,1,2
4790031050,2024-01-31,경상북도,예천군,용문면,내지리,101,54,47,101,54,47,0,0,0
4790031051,2024-01-31,경상북도,예천군,용문면,원류리,118,63,55,116,62,54,-2,-1,-1
4790031052,2024-01-31,경상북도,예천군,용문면,선리,84,44,40,84,44,40,0,0,0
4790031053,2024-01-31,경상북도,예천군,용문면,능천리,70,40,30,72,41,31,2,1,1
4790031054,2024-01-31,경상북도,예천군,용문면,제곡리,101,51,50,99,49,50,-2,-2,0
4790031055,2024-01-31,경상북도,예천군,용문면,대제리,90,49,41,90,49,41,0,0,0
4790031056,2024-01-31,경상북도,예천군,용문면,하학리,125,67,58,125,67,58,0,0,0
4790034036,2024-01-31,경상북도,예천군,감천면,포리,445,217,228,444,217,227,-1,0,-1
4790034037,2024-01-31,경상북도,예천군,감천면,덕율리,318,158,160,315,157,158,-3,-1,-2
4790034038,2024-01-31,경상북도,예천군,감천면,관현리,98,46,52,98,46,52,0,0,0
4790034039,2024-01-31,경상북도,예천군,감천면,천향리,146,76,70,144,76,68,-2,0,-2
4790034040,2024-01-31,경상북도,예천군,감천면,진평리,178,84,94,179,85,94,1,1,0
4790034041,2024-01-31,경상북도,예천군,감천면,벌방리,145,73,72,143,72,71,-2,-1,-1
4790034042,2024-01-31,경상북도,예천군,감천면,수한리,102,53,49,101,52,49,-1,-1,0
4790034043,2024-01-31,경상북도,예천군,감천면,현내리,124,74,50,126,74,52,2,0,2
4790034044,2024-01-31,경상북도,예천군,감천면,증거리,58,33,25,59,33,26,1,0,1
4790034045,2024-01-31,경상북도,예천군,감천면,돈산리,75,38,37,77,40,37,2,2,0
4790034046,2024-01-31,경상북도,예천군,감천면,유리,238,115,123,240,115,125,2,0,2
4790034047,2024-01-31,경상북도,예천군,감천면,미석리,148,73,75,145,72,73,-3,-1,-2
4790034048,2024-01-31,경상북도,예천군,감천면,대맥리,177,90,87,177,90,87,0,0,0
4790034049,2024-01-31,경상북도,예천군,감천면,장산리,152,76,76,156,79,77,4,3,1
4790034050,2024-01-31,경상북도,예천군,감천면,마촌리,72,38,34,72,39,33,0,1,-1
4790035034,2024-01-31,경상북도,예천군,보문면,미호리,159,76,83,159,77,82,0,1,-1
4790035035,2024-01-31,경상북도,예천군,보문면,신월리,166,84,82,162,81,81,-4,-3,-1
4790035036,2024-01-31,경상북도,예천군,보문면,승본리,112,55,57,111,55,56,-1,0,-1
4790035037,2024-01-31,경상북도,예천군,보문면,간방리,209,108,101,209,107,102,0,-1,1
4790035038,2024-01-31,경상북도,예천군,보문면,독양리,156,75,81,154,74,80,-2,-1,-1
4790035039,2024-01-31,경상북도,예천군,보문면,옥천리,44,21,23,41,19,22,-3,-2,-1
4790035040,2024-01-31,경상북도,예천군,보문면,기곡리,104,49,55,101,48,53,-3,-1,-2
4790035041,2024-01-31,경상북도,예천군,보문면,우래리,146,75,71,146,75,71,0,0,0
4790035042,2024-01-31,경상북도,예천군,보문면,산성리,91,47,44,92,48,44,1,1,0
4790035043,2024-01-31,경상북도,예천군,보문면,오신리,90,44,46,90,44,46,0,0,0
4790035044,2024-01-31,경상북도,예천군,보문면,수계리,148,73,75,147,72,75,-1,-1,0
4790035045,2024-01-31,경상북도,예천군,보문면,작곡리,101,52,49,101,52,49,0,0,0
4790035046,2024-01-31,경상북도,예천군,보문면,오암리,100,49,51,98,47,51,-2,-2,0
4790036037,2024-01-31,경상북도,예천군,호명면,본포리,67,32,35,67,32,35,0,0,0
4790036038,2024-01-31,경상북도,예천군,호명면,원곡리,90,45,45,89,45,44,-1,0,-1
4790036039,2024-01-31,경상북도,예천군,호명면,송곡리,99,52,47,98,51,47,-1,-1,0
4790036040,2024-01-31,경상북도,예천군,호명면,금능리,384,211,173,386,217,169,2,6,-4
4790036041,2024-01-31,경상북도,예천군,호명면,한어리,103,55,48,103,55,48,0,0,0
4790036042,2024-01-31,경상북도,예천군,호명면,본리,174,97,77,174,97,77,0,0,0
4790036043,2024-01-31,경상북도,예천군,호명면,형호리,31,17,14,31,17,14,0,0,0
4790036044,2024-01-31,경상북도,예천군,호명면,오천리,225,114,111,225,114,111,0,0,0
4790036045,2024-01-31,경상북도,예천군,호명면,백송리,99,57,42,101,58,43,2,1,1
4790036046,2024-01-31,경상북도,예천군,호명면,산합리,18605,9003,9602,18672,9031,9641,67,28,39
4790036047,2024-01-31,경상북도,예천군,호명면,직산리,282,138,144,281,137,144,-1,-1,0
4790036048,2024-01-31,경상북도,예천군,호명면,황지리,160,74,86,159,74,85,-1,0,-1
4790036049,2024-01-31,경상북도,예천군,호명면,월포리,147,74,73,140,70,70,-7,-4,-3
4790036050,2024-01-31,경상북도,예천군,호명면,종산리,98,49,49,99,50,49,1,1,0
4790036051,2024-01-31,경상북도,예천군,호명면,내신리,140,66,74,140,66,74,0,0,0
4790036052,2024-01-31,경상북도,예천군,호명면,담암리,136,68,68,132,67,65,-4,-1,-3
4790037041,2024-01-31,경상북도,예천군,유천면,화지리,261,132,129,258,129,129,-3,-3,0
4790037042,2024-01-31,경상북도,예천군,유천면,고산리,81,41,40,82,41,41,1,0,1
4790037043,2024-01-31,경상북도,예천군,유천면,성평리,130,55,75,131,55,76,1,0,1
4790037044,2024-01-31,경상북도,예천군,유천면,광전리,84,38,46,83,38,45,-1,0,-1
4790037045,2024-01-31,경상북도,예천군,유천면,손기리,76,30,46,76,30,46,0,0,0
4790037046,2024-01-31,경상북도,예천군,유천면,수심리,65,35,30,67,36,31,2,1,1
4790037047,2024-01-31,경상북도,예천군,유천면,송전리,61,26,35,61,26,35,0,0,0
4790037048,2024-01-31,경상북도,예천군,유천면,중평리,55,30,25,54,29,25,-1,-1,0
4790037049,2024-01-31,경상북도,예천군,유천면,죽안리,63,29,34,64,30,34,1,1,0
4790037050,2024-01-31,경상북도,예천군,유천면,마천리,39,19,20,39,19,20,0,0,0
4790037051,2024-01-31,경상북도,예천군,유천면,화전리,35,15,20,35,15,20,0,0,0
4790037052,2024-01-31,경상북도,예천군,유천면,사곡리,54,28,26,54,28,26,0,0,0
4790037053,2024-01-31,경상북도,예천군,유천면,고림리,56,27,29,57,27,30,1,0,1
4790037054,2024-01-31,경상북도,예천군,유천면,송지리,51,20,31,50,19,31,-1,-1,0
4790037055,2024-01-31,경상북도,예천군,유천면,율현리,134,65,69,135,65,70,1,0,1
4790037056,2024-01-31,경상북도,예천군,유천면,연천리,679,400,279,673,394,279,-6,-6,0
4790037057,2024-01-31,경상북도,예천군,유천면,용암리,42,20,22,43,21,22,1,1,0
4790037058,2024-01-31,경상북도,예천군,유천면,초적리,57,26,31,57,26,31,0,0,0
4790037059,2024-01-31,경상북도,예천군,유천면,매산리,100,47,53,101,48,53,1,1,0
4790037060,2024-01-31,경상북도,예천군,유천면,가리,349,166,183,347,164,183,-2,-2,0
4790038021,2024-01-31,경상북도,예천군,용궁면,읍부리,699,329,370,699,332,367,0,3,-3
4790038022,2024-01-31,경상북도,예천군,용궁면,금남리,169,83,86,170,83,87,1,0,1
4790038023,2024-01-31,경상북도,예천군,용궁면,가야리,126,62,64,126,62,64,0,0,0
4790038024,2024-01-31,경상북도,예천군,용궁면,무이리,129,62,67,131,63,68,2,1,1
4790038025,2024-01-31,경상북도,예천군,용궁면,향석리,271,124,147,271,126,145,0,2,-2
4790038026,2024-01-31,경상북도,예천군,용궁면,대은리,255,126,129,252,125,127,-3,-1,-2
4790038027,2024-01-31,경상북도,예천군,용궁면,무지리,98,55,43,95,54,41,-3,-1,-2
4790038028,2024-01-31,경상북도,예천군,용궁면,산택리,144,71,73,144,71,73,0,0,0
4790038029,2024-01-31,경상북도,예천군,용궁면,월오리,170,84,86,171,84,87,1,0,1
4790038030,2024-01-31,경상북도,예천군,용궁면,송암리,102,41,61,101,41,60,-1,0,-1
4790038031,2024-01-31,경상북도,예천군,용궁면,덕계리,135,74,61,135,74,61,0,0,0
4790039021,2024-01-31,경상북도,예천군,개포면,금리,66,29,37,66,29,37,0,0,0
4790039022,2024-01-31,경상북도,예천군,개포면,경진리,174,88,86,173,87,86,-1,-1,0
4790039023,2024-01-31,경상북도,예천군,개포면,동송리,93,43,50,92,43,49,-1,0,-1
4790039024,2024-01-31,경상북도,예천군,개포면,이사리,92,45,47,92,45,47,0,0,0
4790039025,2024-01-31,경상북도,예천군,개포면,우감리,166,83,83,164,81,83,-2,-2,0
4790039026,2024-01-31,경상북도,예천군,개포면,신음리,141,67,74,141,67,74,0,0,0
4790039027,2024-01-31,경상북도,예천군,개포면,가곡리,213,109,104,212,110,102,-1,1,-2
4790039028,2024-01-31,경상북도,예천군,개포면,황산리,152,77,75,152,77,75,0,0,0
4790039029,2024-01-31,경상북도,예천군,개포면,장송리,169,85,84,170,86,84,1,1,0
4790039030,2024-01-31,경상북도,예천군,개포면,입암리,100,44,56,100,44,56,0,0,0
4790039031,2024-01-31,경상북도,예천군,개포면,갈마리,27,14,13,28,14,14,1,0,1
4790039032,2024-01-31,경상북도,예천군,개포면,풍정리,72,31,41,73,31,42,1,0,1
4790040021,2024-01-31,경상북도,예천군,지보면,소화리,376,190,186,378,191,187,2,1,1
4790040022,2024-01-31,경상북도,예천군,지보면,마전리,281,136,145,283,137,146,2,1,1
4790040023,2024-01-31,경상북도,예천군,지보면,지보리,187,89,98,187,89,98,0,0,0
4790040024,2024-01-31,경상북도,예천군,지보면,도화리,165,87,78,164,86,78,-1,-1,0
4790040025,2024-01-31,경상북도,예천군,지보면,신풍리,308,142,166,308,141,167,0,-1,1
4790040026,2024-01-31,경상북도,예천군,지보면,대죽리,129,70,59,128,69,59,-1,-1,0
4790040027,2024-01-31,경상북도,예천군,지보면,암천리,150,80,70,148,80,68,-2,0,-2
4790040028,2024-01-31,경상북도,예천군,지보면,어신리,228,110,118,221,107,114,-7,-3,-4
4790040029,2024-01-31,경상북도,예천군,지보면,송평리,129,65,64,130,65,65,1,0,1
4790040030,2024-01-31,경상북도,예천군,지보면,수월리,99,46,53,99,46,53,0,0,0
4790040031,2024-01-31,경상북도,예천군,지보면,상월리,83,42,41,83,42,41,0,0,0
4790040032,2024-01-31,경상북도,예천군,지보면,만화리,104,55,49,104,55,49,0,0,0
4790040033,2024-01-31,경상북도,예천군,지보면,매창리,150,79,71,150,79,71,0,0,0
4790040034,2024-01-31,경상북도,예천군,지보면,도장리,109,59,50,110,59,51,1,0,1
4790040035,2024-01-31,경상북도,예천군,지보면,마산리,82,41,41,83,42,41,1,1,0
4790041000,2024-01-31,경상북도,예천군,풍양면,풍양면,1,1,0,0,0,0,-1,-1,0
4790041021,2024-01-31,경상북도,예천군,풍양면,우망리,193,81,112,192,81,111,-1,0,-1
4790041022,2024-01-31,경상북도,예천군,풍양면,청곡리,167,76,91,166,76,90,-1,0,-1
4790041023,2024-01-31,경상북도,예천군,풍양면,흔효리,144,77,67,144,77,67,0,0,0
4790041024,2024-01-31,경상북도,예천군,풍양면,흥천리,127,59,68,126,59,67,-1,0,-1
4790041025,2024-01-31,경상북도,예천군,풍양면,청운리,179,87,92,178,86,92,-1,-1,0
4790041026,2024-01-31,경상북도,예천군,풍양면,하풍리,70,32,38,69,32,37,-1,0,-1
4790041027,2024-01-31,경상북도,예천군,풍양면,삼강리,43,23,20,44,24,20,1,1,0
4790041028,2024-01-31,경상북도,예천군,풍양면,오지리,118,62,56,117,61,56,-1,-1,0
4790041036,2024-01-31,경상북도,예천군,풍양면,풍신리,132,60,72,132,60,72,0,0,0
4790041037,2024-01-31,경상북도,예천군,풍양면,괴당리,147,68,79,146,68,78,-1,0,-1
4790041038,2024-01-31,경상북도,예천군,풍양면,고산리,122,62,60,123,62,61,1,0,1
4790041039,2024-01-31,경상북도,예천군,풍양면,공덕리,194,89,105,192,87,105,-2,-2,0
4790041040,2024-01-31,경상북도,예천군,풍양면,낙상리,851,401,450,850,401,449,-1,0,-1
4790041041,2024-01-31,경상북도,예천군,풍양면,와룡리,229,112,117,228,112,116,-1,0,-1
4790041042,2024-01-31,경상북도,예천군,풍양면,효갈리,165,81,84,164,80,84,-1,-1,0
4790042021,2024-01-31,경상북도,예천군,효자면,도촌리,189,93,96,190,92,98,1,-1,2
4790042022,2024-01-31,경상북도,예천군,효자면,사곡리,116,58,58,113,56,57,-3,-2,-1
4790042023,2024-01-31,경상북도,예천군,효자면,명봉리,138,74,64,135,73,62,-3,-1,-2
4790042024,2024-01-31,경상북도,예천군,효자면,용두리,132,73,59,131,73,58,-1,0,-1
4790042025,2024-01-31,경상북도,예천군,효자면,두성리,112,56,56,113,56,57,1,0,1
4790042026,2024-01-31,경상북도,예천군,효자면,백석리,125,65,60,123,63,60,-2,-2,0
4790042027,2024-01-31,경상북도,예천군,효자면,초항리,40,18,22,40,18,22,0,0,0
4790042028,2024-01-31,경상북도,예천군,효자면,고항리,162,82,80,164,82,82,2,0,2
4790042029,2024-01-31,경상북도,예천군,효자면,석묘리,93,46,47,92,45,47,-1,-1,0
4790042030,2024-01-31,경상북도,예천군,효자면,보곡리,65,29,36,64,31,33,-1,2,-3
4790043021,2024-01-31,경상북도,예천군,은풍면,우곡리,340,172,168,340,171,169,0,-1,1
4790043022,2024-01-31,경상북도,예천군,은풍면,탑리,98,45,53,97,46,51,-1,1,-2
4790043023,2024-01-31,경상북도,예천군,은풍면,동사리,89,43,46,91,43,48,2,0,2
4790043024,2024-01-31,경상북도,예천군,은풍면,은산리,143,78,65,142,78,64,-1,0,-1
4790043025,2024-01-31,경상북도,예천군,은풍면,송월리,101,48,53,101,48,53,0,0,0
4790043026,2024-01-31,경상북도,예천군,은풍면,금곡리,167,88,79,169,88,81,2,0,2
4790043027,2024-01-31,경상북도,예천군,은풍면,오류리,90,42,48,90,42,48,0,0,0
4790043028,2024-01-31,경상북도,예천군,은풍면,율곡리,114,56,58,113,56,57,-1,0,-1
4790043029,2024-01-31,경상북도,예천군,은풍면,부초리,109,60,49,108,60,48,-1,0,-1
4790043030,2024-01-31,경상북도,예천군,은풍면,시항리,49,27,22,48,26,22,-1,-1,0
4792025022,2024-01-31,경상북도,봉화군,봉화읍,삼계리,527,254,273,524,252,272,-3,-2,-1
4792025023,2024-01-31,경상북도,봉화군,봉화읍,유곡리,435,224,211,435,225,210,0,1,-1
4792025024,2024-01-31,경상북도,봉화군,봉화읍,거촌리,311,170,141,313,170,143,2,0,2
4792025025,2024-01-31,경상북도,봉화군,봉화읍,석평리,341,172,169,343,172,171,2,0,2
4792025026,2024-01-31,경상북도,봉화군,봉화읍,해저리,1024,526,498,1007,518,489,-17,-8,-9
4792025027,2024-01-31,경상북도,봉화군,봉화읍,적덕리,338,172,166,339,172,167,1,0,1
4792025028,2024-01-31,경상북도,봉화군,봉화읍,화천리,208,103,105,207,102,105,-1,-1,0
4792025029,2024-01-31,경상북도,봉화군,봉화읍,도촌리,288,143,145,285,140,145,-3,-3,0
4792025030,2024-01-31,경상북도,봉화군,봉화읍,문단리,566,286,280,562,282,280,-4,-4,0
4792025031,2024-01-31,경상북도,봉화군,봉화읍,내성리,5333,2572,2761,5333,2572,2761,0,0,0
4792031021,2024-01-31,경상북도,봉화군,물야면,오록리,531,259,272,534,261,273,3,2,1
4792031022,2024-01-31,경상북도,봉화군,물야면,가평리,256,128,128,254,128,126,-2,0,-2
4792031023,2024-01-31,경상북도,봉화군,물야면,개단리,619,339,280,613,337,276,-6,-2,-4
4792031024,2024-01-31,경상북도,봉화군,물야면,오전리,331,170,161,326,169,157,-5,-1,-4
4792031025,2024-01-31,경상북도,봉화군,물야면,압동리,215,112,103,214,111,103,-1,-1,0
4792031026,2024-01-31,경상북도,봉화군,물야면,두문리,242,132,110,240,131,109,-2,-1,-1
4792031027,2024-01-31,경상북도,봉화군,물야면,수식리,205,106,99,202,103,99,-3,-3,0
4792031028,2024-01-31,경상북도,봉화군,물야면,북지리,489,244,245,488,247,241,-1,3,-4
4792032021,2024-01-31,경상북도,봉화군,봉성면,봉성리,307,145,162,307,143,164,0,-2,2
4792032023,2024-01-31,경상북도,봉화군,봉성면,외삼리,209,115,94,210,116,94,1,1,0
4792032024,2024-01-31,경상북도,봉화군,봉성면,창평리,203,101,102,199,100,99,-4,-1,-3
4792032025,2024-01-31,경상북도,봉화군,봉성면,동양리,224,103,121,222,103,119,-2,0,-2
4792032026,2024-01-31,경상북도,봉화군,봉성면,금봉리,370,181,189,369,181,188,-1,0,-1
4792032027,2024-01-31,경상북도,봉화군,봉성면,우곡리,285,133,152,282,133,149,-3,0,-3
4792032028,2024-01-31,경상북도,봉화군,봉성면,봉양리,364,174,190,365,175,190,1,1,0
4792033021,2024-01-31,경상북도,봉화군,법전면,법전리,384,193,191,387,194,193,3,1,2
4792033022,2024-01-31,경상북도,봉화군,법전면,풍정리,317,166,151,315,164,151,-2,-2,0
4792033023,2024-01-31,경상북도,봉화군,법전면,척곡리,311,164,147,307,160,147,-4,-4,0
4792033024,2024-01-31,경상북도,봉화군,법전면,소천리,252,127,125,252,127,125,0,0,0
4792033025,2024-01-31,경상북도,봉화군,법전면,눌산리,283,150,133,287,152,135,4,2,2
4792033026,2024-01-31,경상북도,봉화군,법전면,어지리,221,111,110,221,111,110,0,0,0
4792033027,2024-01-31,경상북도,봉화군,법전면,소지리,165,83,82,167,84,83,2,1,1
4792034021,2024-01-31,경상북도,봉화군,춘양면,의양리,1628,793,835,1627,791,836,-1,-2,1
4792034022,2024-01-31,경상북도,봉화군,춘양면,학산리,189,94,95,187,94,93,-2,0,-2
4792034023,2024-01-31,경상북도,봉화군,춘양면,서동리,321,166,155,316,162,154,-5,-4,-1
4792034024,2024-01-31,경상북도,봉화군,춘양면,석현리,261,129,132,259,130,129,-2,1,-3
4792034025,2024-01-31,경상북도,봉화군,춘양면,애당리,279,151,128,279,149,130,0,-2,2
4792034026,2024-01-31,경상북도,봉화군,춘양면,도심리,372,193,179,367,191,176,-5,-2,-3
4792034027,2024-01-31,경상북도,봉화군,춘양면,서벽리,591,301,290,590,300,290,-1,-1,0
4792034028,2024-01-31,경상북도,봉화군,춘양면,우구치리,68,32,36,64,30,34,-4,-2,-2
4792034029,2024-01-31,경상북도,봉화군,춘양면,소로리,577,289,288,589,293,296,12,4,8
4792035021,2024-01-31,경상북도,봉화군,소천면,현동리,556,292,264,556,292,264,0,0,0
4792035022,2024-01-31,경상북도,봉화군,소천면,고선리,276,155,121,275,153,122,-1,-2,1
4792035023,2024-01-31,경상북도,봉화군,소천면,임기리,354,182,172,352,180,172,-2,-2,0
4792035024,2024-01-31,경상북도,봉화군,소천면,두음리,211,102,109,215,103,112,4,1,3
4792035025,2024-01-31,경상북도,봉화군,소천면,서천리,60,34,26,61,35,26,1,1,0
4792035026,2024-01-31,경상북도,봉화군,소천면,남회룡리,84,50,34,84,50,34,0,0,0
4792035027,2024-01-31,경상북도,봉화군,소천면,분천리,569,279,290,567,277,290,-2,-2,0
4792036021,2024-01-31,경상북도,봉화군,재산면,현동리,519,257,262,517,257,260,-2,0,-2
4792036022,2024-01-31,경상북도,봉화군,재산면,남면리,127,66,61,125,64,61,-2,-2,0
4792036023,2024-01-31,경상북도,봉화군,재산면,동면리,331,165,166,330,165,165,-1,0,-1
4792036024,2024-01-31,경상북도,봉화군,재산면,갈산리,312,172,140,310,170,140,-2,-2,0
4792036025,2024-01-31,경상북도,봉화군,재산면,상리,112,49,63,112,49,63,0,0,0
4792037021,2024-01-31,경상북도,봉화군,명호면,도천리,451,224,227,454,224,230,3,0,3
4792037022,2024-01-31,경상북도,봉화군,명호면,삼동리,240,126,114,238,125,113,-2,-1,-1
4792037023,2024-01-31,경상북도,봉화군,명호면,양곡리,265,134,131,263,134,129,-2,0,-2
4792037024,2024-01-31,경상북도,봉화군,명호면,고감리,257,142,115,257,141,116,0,-1,1
4792037025,2024-01-31,경상북도,봉화군,명호면,풍호리,253,140,113,258,141,117,5,1,4
4792037026,2024-01-31,경상북도,봉화군,명호면,고계리,223,125,98,224,127,97,1,2,-1
4792037027,2024-01-31,경상북도,봉화군,명호면,북곡리,126,69,57,125,68,57,-1,-1,0
4792037028,2024-01-31,경상북도,봉화군,명호면,관창리,332,196,136,320,191,129,-12,-5,-7
4792038021,2024-01-31,경상북도,봉화군,상운면,가곡리,459,239,220,459,239,220,0,0,0
4792038022,2024-01-31,경상북도,봉화군,상운면,운계리,247,123,124,249,123,126,2,0,2
4792038023,2024-01-31,경상북도,봉화군,상운면,문촌리,181,94,87,181,94,87,0,0,0
4792038024,2024-01-31,경상북도,봉화군,상운면,하눌리,264,148,116,263,147,116,-1,-1,0
4792038025,2024-01-31,경상북도,봉화군,상운면,토일리,96,41,55,96,41,55,0,0,0
4792038026,2024-01-31,경상북도,봉화군,상운면,구천리,120,61,59,120,61,59,0,0,0
4792038027,2024-01-31,경상북도,봉화군,상운면,설매리,140,75,65,140,75,65,0,0,0
4792038028,2024-01-31,경상북도,봉화군,상운면,신라리,140,68,72,140,68,72,0,0,0
4792039021,2024-01-31,경상북도,봉화군,석포면,석포리,1541,909,632,1537,907,630,-4,-2,-2
4792039022,2024-01-31,경상북도,봉화군,석포면,대현리,247,129,118,246,129,117,-1,0,-1
4792039023,2024-01-31,경상북도,봉화군,석포면,승부리,70,38,32,70,38,32,0,0,0
4793025021,2024-01-31,경상북도,울진군,울진읍,읍내리,8779,4408,4371,8783,4419,4364,4,11,-7
4793025022,2024-01-31,경상북도,울진군,울진읍,읍남리,653,337,316,653,337,316,0,0,0
4793025023,2024-01-31,경상북도,울진군,울진읍,연지리,1449,732,717,1440,725,715,-9,-7,-2
4793025024,2024-01-31,경상북도,울진군,울진읍,온양리,420,222,198,422,223,199,2,1,1
4793025025,2024-01-31,경상북도,울진군,울진읍,명도리,212,109,103,210,107,103,-2,-2,0
4793025026,2024-01-31,경상북도,울진군,울진읍,고성리,1404,701,703,1411,704,707,7,3,4
4793025027,2024-01-31,경상북도,울진군,울진읍,정림리,150,79,71,146,76,70,-4,-3,-1
4793025028,2024-01-31,경상북도,울진군,울진읍,신림리,135,71,64,133,69,64,-2,-2,0
4793025029,2024-01-31,경상북도,울진군,울진읍,대흥리,92,52,40,91,51,40,-1,-1,0
4793025030,2024-01-31,경상북도,울진군,울진읍,호월리,281,148,133,274,144,130,-7,-4,-3
4793025321,2024-01-31,경상북도,울진군,평해읍,평해리,802,404,398,816,407,409,14,3,11
4793025322,2024-01-31,경상북도,울진군,평해읍,학곡리,194,93,101,191,95,96,-3,2,-5
4793025323,2024-01-31,경상북도,울진군,평해읍,삼달리,187,82,105,185,80,105,-2,-2,0
4793025324,2024-01-31,경상북도,울진군,평해읍,오곡리,184,90,94,185,91,94,1,1,0
4793025325,2024-01-31,경상북도,울진군,평해읍,월송리,541,255,286,534,250,284,-7,-5,-2
4793025326,2024-01-31,경상북도,울진군,평해읍,직산리,320,149,171,316,148,168,-4,-1,-3
4793025327,2024-01-31,경상북도,울진군,평해읍,거일리,301,138,163,302,140,162,1,2,-1
4793031000,2024-01-31,경상북도,울진군,북면,북면,2,1,1,2,1,1,0,0,0
4793031021,2024-01-31,경상북도,울진군,북면,부구리,1944,1023,921,1922,1017,905,-22,-6,-16
4793031022,2024-01-31,경상북도,울진군,북면,나곡리,3659,1992,1667,3637,1980,1657,-22,-12,-10
4793031023,2024-01-31,경상북도,울진군,북면,검성리,77,40,37,77,40,37,0,0,0
4793031024,2024-01-31,경상북도,울진군,북면,주인리,278,142,136,282,144,138,4,2,2
4793031025,2024-01-31,경상북도,울진군,북면,덕구리,237,116,121,238,117,121,1,1,0
4793031026,2024-01-31,경상북도,울진군,북면,상당리,131,63,68,130,62,68,-1,-1,0
4793031027,2024-01-31,경상북도,울진군,북면,두천리,121,64,57,121,64,57,0,0,0
4793031028,2024-01-31,경상북도,울진군,북면,하당리,134,68,66,134,68,66,0,0,0
4793031029,2024-01-31,경상북도,울진군,북면,사계리,118,65,53,118,65,53,0,0,0
4793031030,2024-01-31,경상북도,울진군,북면,소곡리,141,70,71,141,71,70,0,1,-1
4793031031,2024-01-31,경상북도,울진군,북면,고목리,555,281,274,558,281,277,3,0,3
4793031032,2024-01-31,경상북도,울진군,북면,신화리,154,85,69,154,85,69,0,0,0
4793033021,2024-01-31,경상북도,울진군,근남면,노음리,862,440,422,853,435,418,-9,-5,-4
4793033022,2024-01-31,경상북도,울진군,근남면,수산리,303,160,143,303,160,143,0,0,0
4793033023,2024-01-31,경상북도,울진군,근남면,행곡리,253,134,119,253,131,122,0,-3,3
4793033024,2024-01-31,경상북도,울진군,근남면,수곡리,227,113,114,225,112,113,-2,-1,-1
4793033025,2024-01-31,경상북도,울진군,근남면,구산리,352,188,164,349,188,161,-3,0,-3
4793033026,2024-01-31,경상북도,울진군,근남면,진복리,185,81,104,183,81,102,-2,0,-2
4793033027,2024-01-31,경상북도,울진군,근남면,산포리,531,261,270,530,261,269,-1,0,-1
4793035021,2024-01-31,경상북도,울진군,기성면,척산리,317,172,145,319,172,147,2,0,2
4793035022,2024-01-31,경상북도,울진군,기성면,기성리,237,101,136,236,101,135,-1,0,-1
4793035023,2024-01-31,경상북도,울진군,기성면,사동리,299,142,157,296,139,157,-3,-3,0
4793035024,2024-01-31,경상북도,울진군,기성면,망양리,199,89,110,199,90,109,0,1,-1
4793035025,2024-01-31,경상북도,울진군,기성면,삼산리,95,53,42,95,52,43,0,-1,1
4793035026,2024-01-31,경상북도,울진군,기성면,방율리,54,30,24,54,31,23,0,1,-1
4793035027,2024-01-31,경상북도,울진군,기성면,이평리,56,28,28,55,27,28,-1,-1,0
4793035028,2024-01-31,경상북도,울진군,기성면,다천리,112,54,58,111,53,58,-1,-1,0
4793035029,2024-01-31,경상북도,울진군,기성면,정명리,171,93,78,170,92,78,-1,-1,0
4793035030,2024-01-31,경상북도,울진군,기성면,황보리,153,75,78,152,75,77,-1,0,-1
4793035031,2024-01-31,경상북도,울진군,기성면,구산리,481,235,246,482,234,248,1,-1,2
4793035032,2024-01-31,경상북도,울진군,기성면,봉산리,196,88,108,197,89,108,1,1,0
4793036000,2024-01-31,경상북도,울진군,온정면,온정면,3,1,2,0,0,0,-3,-1,-2
4793036021,2024-01-31,경상북도,울진군,온정면,소태리,456,234,222,454,233,221,-2,-1,-1
4793036022,2024-01-31,경상북도,울진군,온정면,온정리,212,102,110,211,100,111,-1,-2,1
4793036023,2024-01-31,경상북도,울진군,온정면,조금리,99,51,48,98,50,48,-1,-1,0
4793036024,2024-01-31,경상북도,울진군,온정면,덕산리,92,41,51,92,41,51,0,0,0
4793036025,2024-01-31,경상북도,울진군,온정면,덕인리,114,61,53,116,62,54,2,1,1
4793036026,2024-01-31,경상북도,울진군,온정면,금천리,199,94,105,201,95,106,2,1,1
4793036027,2024-01-31,경상북도,울진군,온정면,광품리,121,58,63,119,57,62,-2,-1,-1
4793036028,2024-01-31,경상북도,울진군,온정면,선구리,164,71,93,162,69,93,-2,-2,0
4793036029,2024-01-31,경상북도,울진군,온정면,외선미리,123,58,65,121,57,64,-2,-1,-1
4793037021,2024-01-31,경상북도,울진군,죽변면,죽변리,3189,1628,1561,3196,1623,1573,7,-5,12
4793037022,2024-01-31,경상북도,울진군,죽변면,후정리,2064,1122,942,2046,1108,938,-18,-14,-4
4793037023,2024-01-31,경상북도,울진군,죽변면,화성리,311,144,167,309,144,165,-2,0,-2
4793037024,2024-01-31,경상북도,울진군,죽변면,봉평리,546,283,263,547,284,263,1,1,0
4793038021,2024-01-31,경상북도,울진군,후포면,후포리,2655,1290,1365,2660,1290,1370,5,0,5
4793038022,2024-01-31,경상북도,울진군,후포면,삼율리,3808,1848,1960,3798,1850,1948,-10,2,-12
4793038023,2024-01-31,경상북도,울진군,후포면,금음리,636,329,307,631,325,306,-5,-4,-1
4793039021,2024-01-31,경상북도,울진군,금강송면,삼근리,318,154,164,315,153,162,-3,-1,-2
4793039022,2024-01-31,경상북도,울진군,금강송면,하원리,98,36,62,101,37,64,3,1,2
4793039023,2024-01-31,경상북도,울진군,금강송면,왕피리,319,148,171,319,148,171,0,0,0
4793039024,2024-01-31,경상북도,울진군,금강송면,쌍전리,109,61,48,113,64,49,4,3,1
4793039025,2024-01-31,경상북도,울진군,금강송면,소광리,135,75,60,135,75,60,0,0,0
4793039026,2024-01-31,경상북도,울진군,금강송면,전곡리,56,29,27,58,30,28,2,1,1
4793039027,2024-01-31,경상북도,울진군,금강송면,광회리,184,99,85,180,97,83,-4,-2,-2
4793040021,2024-01-31,경상북도,울진군,매화면,매화리,493,234,259,495,237,258,2,3,-1
4793040022,2024-01-31,경상북도,울진군,매화면,금매리,144,72,72,138,70,68,-6,-2,-4
4793040023,2024-01-31,경상북도,울진군,매화면,오산리,308,137,171,307,137,170,-1,0,-1
4793040024,2024-01-31,경상북도,울진군,매화면,덕신리,281,136,145,280,136,144,-1,0,-1
4793040025,2024-01-31,경상북도,울진군,매화면,신흥리,173,83,90,170,83,87,-3,0,-3
4793040026,2024-01-31,경상북도,울진군,매화면,기양리,286,151,135,286,152,134,0,1,-1
4793040027,2024-01-31,경상북도,울진군,매화면,갈면리,154,74,80,154,74,80,0,0,0
4793040028,2024-01-31,경상북도,울진군,매화면,길곡리,81,32,49,81,32,49,0,0,0
4794025024,2024-01-31,경상북도,울릉군,울릉읍,도동리,3858,2065,1793,3819,2052,1767,-39,-13,-26
4794025025,2024-01-31,경상북도,울릉군,울릉읍,저동리,1621,877,744,1626,885,741,5,8,-3
4794025026,2024-01-31,경상북도,울릉군,울릉읍,사동리,910,588,322,901,584,317,-9,-4,-5
4794025027,2024-01-31,경상북도,울릉군,울릉읍,독도리,34,33,1,33,32,1,-1,-1,0
4794031024,2024-01-31,경상북도,울릉군,서면,남양리,647,357,290,646,357,289,-1,0,-1
4794031025,2024-01-31,경상북도,울릉군,서면,남서리,263,146,117,265,146,119,2,0,2
4794031026,2024-01-31,경상북도,울릉군,서면,태하리,454,260,194,452,255,197,-2,-5,3
4794032024,2024-01-31,경상북도,울릉군,북면,천부리,646,333,313,645,333,312,-1,0,-1
4794032025,2024-01-31,경상북도,울릉군,북면,나리,162,106,56,165,108,57,3,2,1
4794032026,2024-01-31,경상북도,울릉군,북면,현포리,482,268,214,479,267,212,-3,-1,-2
4812110100,2024-01-31,경상남도,창원시 의창구,북동,북동,812,410,402,812,409,403,0,-1,1
4812110200,2024-01-31,경상남도,창원시 의창구,중동,중동,20389,10161,10228,20373,10148,10225,-16,-13,-3
4812110300,2024-01-31,경상남도,창원시 의창구,서상동,서상동,8293,4364,3929,8280,4355,3925,-13,-9,-4
4812110400,2024-01-31,경상남도,창원시 의창구,소답동,소답동,11617,5792,5825,11596,5781,5815,-21,-11,-10
4812110500,2024-01-31,경상남도,창원시 의창구,도계동,도계동,19264,9557,9707,19213,9542,9671,-51,-15,-36
4812110600,2024-01-31,경상남도,창원시 의창구,동정동,동정동,4108,2007,2101,4085,1996,2089,-23,-11,-12
4812110700,2024-01-31,경상남도,창원시 의창구,소계동,소계동,4234,2179,2055,4235,2178,2057,1,-1,2
4812110800,2024-01-31,경상남도,창원시 의창구,용동,용동,13,7,6,13,7,6,0,0,0
4812111400,2024-01-31,경상남도,창원시 의창구,서곡동,서곡동,6,4,2,5,3,2,-1,-1,0
4812111600,2024-01-31,경상남도,창원시 의창구,봉림동,봉림동,4897,2467,2430,4897,2460,2437,0,-7,7
4812111700,2024-01-31,경상남도,창원시 의창구,퇴촌동,퇴촌동,288,154,134,268,143,125,-20,-11,-9
4812111800,2024-01-31,경상남도,창원시 의창구,명곡동,명곡동,4,3,1,4,3,1,0,0,0
4812111900,2024-01-31,경상남도,창원시 의창구,반계동,반계동,77,47,30,75,45,30,-2,-2,0
4812112000,2024-01-31,경상남도,창원시 의창구,사화동,사화동,2,1,1,2,1,1,0,0,0
4812112100,2024-01-31,경상남도,창원시 의창구,차용동,차용동,25,13,12,25,13,12,0,0,0
4812112400,2024-01-31,경상남도,창원시 의창구,명서동,명서동,20302,10523,9779,20221,10464,9757,-81,-59,-22
4812112500,2024-01-31,경상남도,창원시 의창구,사림동,사림동,10841,5839,5002,10789,5835,4954,-52,-4,-48
4812112700,2024-01-31,경상남도,창원시 의창구,봉곡동,봉곡동,13900,7280,6620,13867,7277,6590,-33,-3,-30
4812112900,2024-01-31,경상남도,창원시 의창구,팔용동,팔용동,25464,12921,12543,25431,12920,12511,-33,-1,-32
4812125021,2024-01-31,경상남도,창원시 의창구,동읍,용강리,296,159,137,292,157,135,-4,-2,-2
4812125022,2024-01-31,경상남도,창원시 의창구,동읍,용전리,146,77,69,145,76,69,-1,-1,0
4812125023,2024-01-31,경상남도,창원시 의창구,동읍,남산리,220,118,102,219,119,100,-1,1,-2
4812125025,2024-01-31,경상남도,창원시 의창구,동읍,덕산리,249,131,118,248,130,118,-1,-1,0
4812125026,2024-01-31,경상남도,창원시 의창구,동읍,봉산리,163,95,68,157,94,63,-6,-1,-5
4812125027,2024-01-31,경상남도,창원시 의창구,동읍,송정리,2025,997,1028,2018,1001,1017,-7,4,-11
4812125028,2024-01-31,경상남도,창원시 의창구,동읍,용정리,3333,1667,1666,3339,1669,1670,6,2,4
4812125029,2024-01-31,경상남도,창원시 의창구,동읍,단계리,379,192,187,378,191,187,-1,-1,0
4812125030,2024-01-31,경상남도,창원시 의창구,동읍,무성리,839,430,409,838,429,409,-1,-1,0
4812125031,2024-01-31,경상남도,창원시 의창구,동읍,무점리,103,56,47,101,55,46,-2,-1,-1
4812125032,2024-01-31,경상남도,창원시 의창구,동읍,용잠리,4820,2444,2376,4814,2449,2365,-6,5,-11
4812125033,2024-01-31,경상남도,창원시 의창구,동읍,신방리,2969,1615,1354,2969,1608,1361,0,-7,7
4812125034,2024-01-31,경상남도,창원시 의창구,동읍,다호리,160,76,84,157,77,80,-3,1,-4
4812125035,2024-01-31,경상남도,창원시 의창구,동읍,월잠리,413,207,206,411,207,204,-2,0,-2
4812125036,2024-01-31,경상남도,창원시 의창구,동읍,화양리,492,267,225,491,267,224,-1,0,-1
4812125037,2024-01-31,경상남도,창원시 의창구,동읍,석산리,367,175,192,367,176,191,0,1,-1
4812125038,2024-01-31,경상남도,창원시 의창구,동읍,금산리,287,140,147,289,141,148,2,1,1
4812125039,2024-01-31,경상남도,창원시 의창구,동읍,봉곡리,328,170,158,325,169,156,-3,-1,-2
4812125040,2024-01-31,경상남도,창원시 의창구,동읍,봉강리,270,131,139,268,131,137,-2,0,-2
4812125041,2024-01-31,경상남도,창원시 의창구,동읍,본포리,236,113,123,232,109,123,-4,-4,0
4812125042,2024-01-31,경상남도,창원시 의창구,동읍,노연리,282,148,134,282,147,135,0,-1,1
4812125043,2024-01-31,경상남도,창원시 의창구,동읍,산남리,259,135,124,257,134,123,-2,-1,-1
4812125044,2024-01-31,경상남도,창원시 의창구,동읍,죽동리,218,100,118,220,102,118,2,2,0
4812131021,2024-01-31,경상남도,창원시 의창구,북면,지개리,209,120,89,207,120,87,-2,0,-2
4812131022,2024-01-31,경상남도,창원시 의창구,북면,고암리,104,54,50,104,55,49,0,1,-1
4812131023,2024-01-31,경상남도,창원시 의창구,북면,대산리,229,126,103,228,124,104,-1,-2,1
4812131024,2024-01-31,경상남도,창원시 의창구,북면,월촌리,171,99,72,168,98,70,-3,-1,-2
4812131025,2024-01-31,경상남도,창원시 의창구,북면,월백리,293,147,146,291,145,146,-2,-2,0
4812131026,2024-01-31,경상남도,창원시 의창구,북면,화천리,553,267,286,552,268,284,-1,1,-2
4812131027,2024-01-31,경상남도,창원시 의창구,북면,외감리,361,190,171,364,191,173,3,1,2
4812131028,2024-01-31,경상남도,창원시 의창구,북면,감계리,23325,11639,11686,23253,11611,11642,-72,-28,-44
4812131029,2024-01-31,경상남도,창원시 의창구,북면,동전리,955,490,465,952,492,460,-3,2,-5
4812131030,2024-01-31,경상남도,창원시 의창구,북면,무동리,10911,5477,5434,10990,5524,5466,79,47,32
4812131031,2024-01-31,경상남도,창원시 의창구,북면,무곡리,460,255,205,458,255,203,-2,0,-2
4812131032,2024-01-31,경상남도,창원시 의창구,북면,내곡리,454,203,251,452,203,249,-2,0,-2
4812131033,2024-01-31,경상남도,창원시 의창구,북면,상천리,217,111,106,216,111,105,-1,0,-1
4812131034,2024-01-31,경상남도,창원시 의창구,북면,하천리,389,199,190,389,199,190,0,0,0
4812131035,2024-01-31,경상남도,창원시 의창구,북면,외산리,453,241,212,451,239,212,-2,-2,0
4812131036,2024-01-31,경상남도,창원시 의창구,북면,신촌리,3626,1794,1832,3623,1794,1829,-3,0,-3
4812131037,2024-01-31,경상남도,창원시 의창구,북면,마산리,241,134,107,243,135,108,2,1,1
4812131038,2024-01-31,경상남도,창원시 의창구,북면,월계리,212,118,94,208,115,93,-4,-3,-1
4812132021,2024-01-31,경상남도,창원시 의창구,대산면,갈전리,563,273,290,564,277,287,1,4,-3
4812132022,2024-01-31,경상남도,창원시 의창구,대산면,일동리,568,278,290,565,277,288,-3,-1,-2
4812132023,2024-01-31,경상남도,창원시 의창구,대산면,모산리,633,330,303,634,329,305,1,-1,2
4812132024,2024-01-31,경상남도,창원시 의창구,대산면,가술리,1483,741,742,1472,736,736,-11,-5,-6
4812132025,2024-01-31,경상남도,창원시 의창구,대산면,제동리,2146,1086,1060,2148,1087,1061,2,1,1
4812132026,2024-01-31,경상남도,창원시 의창구,대산면,우암리,755,387,368,751,385,366,-4,-2,-2
4812132027,2024-01-31,경상남도,창원시 의창구,대산면,북부리,167,82,85,166,82,84,-1,0,-1
4812132028,2024-01-31,경상남도,창원시 의창구,대산면,유등리,337,172,165,335,170,165,-2,-2,0
4812132029,2024-01-31,경상남도,창원시 의창구,대산면,대방리,137,68,69,135,67,68,-2,-1,-1
4812310100,2024-01-31,경상남도,창원시 성산구,토월동,토월동,11,7,4,11,7,4,0,0,0
4812310200,2024-01-31,경상남도,창원시 성산구,사파정동,사파정동,2661,1322,1339,2655,1322,1333,-6,0,-6
4812310300,2024-01-31,경상남도,창원시 성산구,가음정동,가음정동,1607,995,612,1618,1005,613,11,10,1
4812310400,2024-01-31,경상남도,창원시 성산구,외동,외동,2521,1310,1211,2517,1312,1205,-4,2,-6
4812310500,2024-01-31,경상남도,창원시 성산구,대방동,대방동,23604,11598,12006,23573,11576,11997,-31,-22,-9
4812310600,2024-01-31,경상남도,창원시 성산구,남산동,남산동,3572,1974,1598,3566,1966,1600,-6,-8,2
4812310700,2024-01-31,경상남도,창원시 성산구,삼정자동,삼정자동,1,1,0,1,1,0,0,0,0
4812310800,2024-01-31,경상남도,창원시 성산구,천선동,천선동,994,528,466,982,520,462,-12,-8,-4
4812310900,2024-01-31,경상남도,창원시 성산구,불모산동,불모산동,136,69,67,136,69,67,0,0,0
4812311000,2024-01-31,경상남도,창원시 성산구,안민동,안민동,7137,3712,3425,7139,3716,3423,2,4,-2
4812311100,2024-01-31,경상남도,창원시 성산구,내동,내동,3754,1999,1755,3763,2011,1752,9,12,-3
4812311200,2024-01-31,경상남도,창원시 성산구,남지동,남지동,43,22,21,43,22,21,0,0,0
4812311300,2024-01-31,경상남도,창원시 성산구,상복동,상복동,6,5,1,6,5,1,0,0,0
4812311400,2024-01-31,경상남도,창원시 성산구,완암동,완암동,1,1,0,1,1,0,0,0,0
4812311500,2024-01-31,경상남도,창원시 성산구,창곡동,창곡동,3,2,1,3,2,1,0,0,0
4812311800,2024-01-31,경상남도,창원시 성산구,양곡동,양곡동,186,113,73,186,112,74,0,-1,1
4812311900,2024-01-31,경상남도,창원시 성산구,반송동,반송동,14,6,8,14,6,8,0,0,0
4812312000,2024-01-31,경상남도,창원시 성산구,귀산동,귀산동,308,172,136,303,170,133,-5,-2,-3
4812312100,2024-01-31,경상남도,창원시 성산구,귀곡동,귀곡동,61,31,30,60,31,29,-1,0,-1
4812312200,2024-01-31,경상남도,창원시 성산구,귀현동,귀현동,241,233,8,252,243,9,11,10,1
4812312300,2024-01-31,경상남도,창원시 성산구,신촌동,신촌동,6465,3305,3160,6434,3283,3151,-31,-22,-9
4812312400,2024-01-31,경상남도,창원시 성산구,반지동,반지동,12656,6617,6039,12621,6595,6026,-35,-22,-13
4812312500,2024-01-31,경상남도,창원시 성산구,중앙동,중앙동,10186,6130,4056,10178,6127,4051,-8,-3,-5
4812312600,2024-01-31,경상남도,창원시 성산구,반림동,반림동,27215,13475,13740,27118,13420,13698,-97,-55,-42
4812312700,2024-01-31,경상남도,창원시 성산구,상남동,상남동,33875,17167,16708,33845,17159,16686,-30,-8,-22
4812312800,2024-01-31,경상남도,창원시 성산구,성주동,성주동,13829,7057,6772,13807,7046,6761,-22,-11,-11
4812312900,2024-01-31,경상남도,창원시 성산구,웅남동,웅남동,18,16,2,18,16,2,0,0,0
4812313000,2024-01-31,경상남도,창원시 성산구,사파동,사파동,19512,9717,9795,19466,9713,9753,-46,-4,-42
4812313100,2024-01-31,경상남도,창원시 성산구,가음동,가음동,14514,7375,7139,14463,7350,7113,-51,-25,-26
4812313200,2024-01-31,경상남도,창원시 성산구,성산동,성산동,16,12,4,15,11,4,-1,-1,0
4812313300,2024-01-31,경상남도,창원시 성산구,남양동,남양동,22099,10925,11174,22065,10899,11166,-34,-26,-8
4812313500,2024-01-31,경상남도,창원시 성산구,용호동,용호동,15293,7632,7661,15269,7627,7642,-24,-5,-19
4812313600,2024-01-31,경상남도,창원시 성산구,신월동,신월동,11561,5902,5659,11578,5888,5690,17,-14,31
4812313700,2024-01-31,경상남도,창원시 성산구,대원동,대원동,11137,5669,5468,11140,5656,5484,3,-13,16
4812313800,2024-01-31,경상남도,창원시 성산구,두대동,두대동,17,8,9,15,8,7,-2,0,-2
4812314100,2024-01-31,경상남도,창원시 성산구,퇴촌동,퇴촌동,5,3,2,5,3,2,0,0,0
4812510100,2024-01-31,경상남도,창원시 마산합포구,가포동,가포동,2704,1365,1339,2766,1394,1372,62,29,33
4812510200,2024-01-31,경상남도,창원시 마산합포구,교방동,교방동,13307,6616,6691,13448,6679,6769,141,63,78
4812510300,2024-01-31,경상남도,창원시 마산합포구,교원동,교원동,2463,1195,1268,2462,1192,1270,-1,-3,2
4812510400,2024-01-31,경상남도,창원시 마산합포구,남성동,남성동,785,411,374,777,407,370,-8,-4,-4
4812510500,2024-01-31,경상남도,창원시 마산합포구,대내동,대내동,799,368,431,796,367,429,-3,-1,-2
4812510600,2024-01-31,경상남도,창원시 마산합포구,대성동1가,대성동1가,267,123,144,267,123,144,0,0,0
4812510700,2024-01-31,경상남도,창원시 마산합포구,대성동2가,대성동2가,258,116,142,257,116,141,-1,0,-1
4812510800,2024-01-31,경상남도,창원시 마산합포구,대외동,대외동,522,256,266,515,252,263,-7,-4,-3
4812510900,2024-01-31,경상남도,창원시 마산합포구,대창동,대창동,737,375,362,730,372,358,-7,-3,-4
4812511000,2024-01-31,경상남도,창원시 마산합포구,덕동동,덕동동,784,428,356,790,428,362,6,0,6
4812511100,2024-01-31,경상남도,창원시 마산합포구,동성동,동성동,874,471,403,866,469,397,-8,-2,-6
4812511200,2024-01-31,경상남도,창원시 마산합포구,두월동1가,두월동1가,101,51,50,101,51,50,0,0,0
4812511300,2024-01-31,경상남도,창원시 마산합포구,두월동2가,두월동2가,363,193,170,356,189,167,-7,-4,-3
4812511400,2024-01-31,경상남도,창원시 마산합포구,두월동3가,두월동3가,66,33,33,66,33,33,0,0,0
4812511500,2024-01-31,경상남도,창원시 마산합포구,문화동,문화동,881,427,454,883,427,456,2,0,2
4812511600,2024-01-31,경상남도,창원시 마산합포구,반월동,반월동,554,275,279,546,270,276,-8,-5,-3
4812511700,2024-01-31,경상남도,창원시 마산합포구,부림동,부림동,448,225,223,444,227,217,-4,2,-6
4812511800,2024-01-31,경상남도,창원시 마산합포구,산호동,산호동,17409,8696,8713,17338,8673,8665,-71,-23,-48
4812511900,2024-01-31,경상남도,창원시 마산합포구,상남동,상남동,4249,2101,2148,4221,2081,2140,-28,-20,-8
4812512000,2024-01-31,경상남도,창원시 마산합포구,서성동,서성동,897,433,464,893,430,463,-4,-3,-1
4812512100,2024-01-31,경상남도,창원시 마산합포구,성호동,성호동,984,483,501,977,479,498,-7,-4,-3
4812512200,2024-01-31,경상남도,창원시 마산합포구,수성동,수성동,299,149,150,307,153,154,8,4,4
4812512300,2024-01-31,경상남도,창원시 마산합포구,신월동,신월동,679,342,337,677,339,338,-2,-3,1
4812512400,2024-01-31,경상남도,창원시 마산합포구,신창동,신창동,532,259,273,532,260,272,0,1,-1
4812512500,2024-01-31,경상남도,창원시 마산합포구,신포동1가,신포동1가,4329,2028,2301,4330,2026,2304,1,-2,3
4812512600,2024-01-31,경상남도,창원시 마산합포구,신포동2가,신포동2가,1939,922,1017,1929,917,1012,-10,-5,-5
4812512700,2024-01-31,경상남도,창원시 마산합포구,신흥동,신흥동,636,308,328,647,318,329,11,10,1
4812512800,2024-01-31,경상남도,창원시 마산합포구,완월동,완월동,8005,3871,4134,7975,3854,4121,-30,-17,-13
4812512900,2024-01-31,경상남도,창원시 마산합포구,월남동1가,월남동1가,274,137,137,272,135,137,-2,-2,0
4812513000,2024-01-31,경상남도,창원시 마산합포구,월남동2가,월남동2가,162,82,80,165,86,79,3,4,-1
4812513100,2024-01-31,경상남도,창원시 마산합포구,월남동3가,월남동3가,423,218,205,417,217,200,-6,-1,-5
4812513200,2024-01-31,경상남도,창원시 마산합포구,월남동4가,월남동4가,236,114,122,236,115,121,0,1,-1
4812513300,2024-01-31,경상남도,창원시 마산합포구,월남동5가,월남동5가,354,180,174,357,182,175,3,2,1
4812513400,2024-01-31,경상남도,창원시 마산합포구,월영동,월영동,34713,17275,17438,34609,17210,17399,-104,-65,-39
4812513500,2024-01-31,경상남도,창원시 마산합포구,월포동,월포동,4173,1999,2174,4178,1997,2181,5,-2,7
4812513600,2024-01-31,경상남도,창원시 마산합포구,예곡동,예곡동,502,253,249,501,250,251,-1,-3,2
4812513700,2024-01-31,경상남도,창원시 마산합포구,오동동,오동동,4804,2509,2295,4793,2505,2288,-11,-4,-7
4812513800,2024-01-31,경상남도,창원시 마산합포구,우산동,우산동,1915,905,1010,1915,900,1015,0,-5,5
4812513900,2024-01-31,경상남도,창원시 마산합포구,유록동,유록동,214,107,107,213,107,106,-1,0,-1
4812514000,2024-01-31,경상남도,창원시 마산합포구,자산동,자산동,9366,4572,4794,9326,4545,4781,-40,-27,-13
4812514100,2024-01-31,경상남도,창원시 마산합포구,장군동1가,장군동1가,222,114,108,224,115,109,2,1,1
4812514200,2024-01-31,경상남도,창원시 마산합포구,장군동2가,장군동2가,343,172,171,339,170,169,-4,-2,-2
4812514300,2024-01-31,경상남도,창원시 마산합포구,장군동3가,장군동3가,465,245,220,463,245,218,-2,0,-2
4812514400,2024-01-31,경상남도,창원시 마산합포구,장군동4가,장군동4가,644,300,344,651,305,346,7,5,2
4812514500,2024-01-31,경상남도,창원시 마산합포구,장군동5가,장군동5가,306,154,152,305,155,150,-1,1,-2
4812514600,2024-01-31,경상남도,창원시 마산합포구,중성동,중성동,1004,506,498,1008,510,498,4,4,0
4812514700,2024-01-31,경상남도,창원시 마산합포구,중앙동1가,중앙동1가,574,282,292,573,281,292,-1,-1,0
4812514800,2024-01-31,경상남도,창원시 마산합포구,중앙동2가,중앙동2가,3136,1503,1633,3129,1502,1627,-7,-1,-6
4812514900,2024-01-31,경상남도,창원시 마산합포구,중앙동3가,중앙동3가,1951,940,1011,1931,931,1000,-20,-9,-11
4812515000,2024-01-31,경상남도,창원시 마산합포구,창동,창동,300,154,146,302,155,147,2,1,1
4812515100,2024-01-31,경상남도,창원시 마산합포구,창포동1가,창포동1가,1163,549,614,1162,548,614,-1,-1,0
4812515200,2024-01-31,경상남도,창원시 마산합포구,창포동2가,창포동2가,971,457,514,976,459,517,5,2,3
4812515300,2024-01-31,경상남도,창원시 마산합포구,창포동3가,창포동3가,1052,539,513,1039,532,507,-13,-7,-6
4812515400,2024-01-31,경상남도,창원시 마산합포구,청계동,청계동,319,176,143,318,174,144,-1,-2,1
4812515500,2024-01-31,경상남도,창원시 마산합포구,추산동,추산동,1882,895,987,1877,894,983,-5,-1,-4
4812515600,2024-01-31,경상남도,창원시 마산합포구,평화동,평화동,422,220,202,423,221,202,1,1,0
4812515700,2024-01-31,경상남도,창원시 마산합포구,화영동,화영동,219,117,102,216,117,99,-3,0,-3
4812515800,2024-01-31,경상남도,창원시 마산합포구,해운동,해운동,7803,3825,3978,7758,3800,3958,-45,-25,-20
4812515900,2024-01-31,경상남도,창원시 마산합포구,현동,현동,10529,5224,5305,10539,5236,5303,10,12,-2
4812516000,2024-01-31,경상남도,창원시 마산합포구,홍문동,홍문동,421,227,194,424,226,198,3,-1,4
4812531021,2024-01-31,경상남도,창원시 마산합포구,구산면,유산리,145,75,70,140,73,67,-5,-2,-3
4812531022,2024-01-31,경상남도,창원시 마산합포구,구산면,마전리,194,104,90,194,104,90,0,0,0
4812531023,2024-01-31,경상남도,창원시 마산합포구,구산면,석곡리,292,151,141,296,153,143,4,2,2
4812531024,2024-01-31,경상남도,창원시 마산합포구,구산면,수정리,885,418,467,881,415,466,-4,-3,-1
4812531025,2024-01-31,경상남도,창원시 마산합포구,구산면,내포리,554,282,272,549,278,271,-5,-4,-1
4812531026,2024-01-31,경상남도,창원시 마산합포구,구산면,옥계리,336,175,161,340,175,165,4,0,4
4812531027,2024-01-31,경상남도,창원시 마산합포구,구산면,반동리,361,197,164,363,197,166,2,0,2
4812531028,2024-01-31,경상남도,창원시 마산합포구,구산면,구복리,394,205,189,394,205,189,0,0,0
4812531029,2024-01-31,경상남도,창원시 마산합포구,구산면,심리,586,326,260,587,328,259,1,2,-1
4812531030,2024-01-31,경상남도,창원시 마산합포구,구산면,난포리,261,133,128,260,133,127,-1,0,-1
4812532021,2024-01-31,경상남도,창원시 마산합포구,진동면,고현리,502,270,232,502,268,234,0,-2,2
4812532022,2024-01-31,경상남도,창원시 마산합포구,진동면,신기리,434,233,201,431,232,199,-3,-1,-2
4812532023,2024-01-31,경상남도,창원시 마산합포구,진동면,사동리,535,262,273,532,259,273,-3,-3,0
4812532024,2024-01-31,경상남도,창원시 마산합포구,진동면,진동리,7597,3903,3694,7590,3887,3703,-7,-16,9
4812532025,2024-01-31,경상남도,창원시 마산합포구,진동면,요장리,1262,630,632,1257,628,629,-5,-2,-3
4812532026,2024-01-31,경상남도,창원시 마산합포구,진동면,다구리,266,134,132,265,135,130,-1,1,-2
4812532027,2024-01-31,경상남도,창원시 마산합포구,진동면,교동리,615,332,283,615,333,282,0,1,-1
4812532028,2024-01-31,경상남도,창원시 마산합포구,진동면,인곡리,42,26,16,42,26,16,0,0,0
4812532029,2024-01-31,경상남도,창원시 마산합포구,진동면,태봉리,320,168,152,316,166,150,-4,-2,-2
4812532030,2024-01-31,경상남도,창원시 마산합포구,진동면,동전리,202,102,100,201,102,99,-1,0,-1
4812533021,2024-01-31,경상남도,창원시 마산합포구,진북면,지산리,1016,525,491,1017,521,496,1,-4,5
4812533022,2024-01-31,경상남도,창원시 마산합포구,진북면,예곡리,152,81,71,151,80,71,-1,-1,0
4812533023,2024-01-31,경상남도,창원시 마산합포구,진북면,인곡리,420,239,181,419,238,181,-1,-1,0
4812533024,2024-01-31,경상남도,창원시 마산합포구,진북면,대평리,84,37,47,85,37,48,1,0,1
4812533025,2024-01-31,경상남도,창원시 마산합포구,진북면,이목리,110,54,56,108,54,54,-2,0,-2
4812533026,2024-01-31,경상남도,창원시 마산합포구,진북면,금산리,87,41,46,87,41,46,0,0,0
4812533027,2024-01-31,경상남도,창원시 마산합포구,진북면,영학리,161,86,75,162,87,75,1,1,0
4812533028,2024-01-31,경상남도,창원시 마산합포구,진북면,부산리,62,31,31,62,31,31,0,0,0
4812533029,2024-01-31,경상남도,창원시 마산합포구,진북면,덕곡리,108,55,53,107,54,53,-1,-1,0
4812533030,2024-01-31,경상남도,창원시 마산합포구,진북면,신촌리,107,44,63,105,43,62,-2,-1,-1
4812533031,2024-01-31,경상남도,창원시 마산합포구,진북면,망곡리,177,96,81,181,99,82,4,3,1
4812533032,2024-01-31,경상남도,창원시 마산합포구,진북면,부평리,108,67,41,108,67,41,0,0,0
4812533033,2024-01-31,경상남도,창원시 마산합포구,진북면,추곡리,185,101,84,186,100,86,1,-1,2
4812533034,2024-01-31,경상남도,창원시 마산합포구,진북면,대티리,279,163,116,277,162,115,-2,-1,-1
4812533035,2024-01-31,경상남도,창원시 마산합포구,진북면,정현리,135,70,65,135,70,65,0,0,0
4812534021,2024-01-31,경상남도,창원시 마산합포구,진전면,율티리,152,79,73,151,79,72,-1,0,-1
4812534022,2024-01-31,경상남도,창원시 마산합포구,진전면,근곡리,123,66,57,121,65,56,-2,-1,-1
4812534023,2024-01-31,경상남도,창원시 마산합포구,진전면,임곡리,194,99,95,195,101,94,1,2,-1
4812534024,2024-01-31,경상남도,창원시 마산합포구,진전면,봉곡리,158,72,86,157,72,85,-1,0,-1
4812534025,2024-01-31,경상남도,창원시 마산합포구,진전면,곡안리,168,86,82,167,85,82,-1,-1,0
4812534026,2024-01-31,경상남도,창원시 마산합포구,진전면,동산리,120,60,60,118,59,59,-2,-1,-1
4812534027,2024-01-31,경상남도,창원시 마산합포구,진전면,양촌리,403,204,199,399,204,195,-4,0,-4
4812534028,2024-01-31,경상남도,창원시 마산합포구,진전면,봉암리,48,24,24,48,24,24,0,0,0
4812534029,2024-01-31,경상남도,창원시 마산합포구,진전면,일암리,226,118,108,226,118,108,0,0,0
4812534030,2024-01-31,경상남도,창원시 마산합포구,진전면,오서리,636,287,349,635,285,350,-1,-2,1
4812534031,2024-01-31,경상남도,창원시 마산합포구,진전면,이명리,239,122,117,237,121,116,-2,-1,-1
4812534032,2024-01-31,경상남도,창원시 마산합포구,진전면,창포리,213,107,106,213,107,106,0,0,0
4812534033,2024-01-31,경상남도,창원시 마산합포구,진전면,시락리,291,152,139,293,152,141,2,0,2
4812534034,2024-01-31,경상남도,창원시 마산합포구,진전면,평암리,223,117,106,228,119,109,5,2,3
4812534035,2024-01-31,경상남도,창원시 마산합포구,진전면,금암리,140,68,72,139,67,72,-1,-1,0
4812534036,2024-01-31,경상남도,창원시 마산합포구,진전면,고사리,213,98,115,213,99,114,0,1,-1
4812534037,2024-01-31,경상남도,창원시 마산합포구,진전면,여양리,140,71,69,138,69,69,-2,-2,0
4812710100,2024-01-31,경상남도,창원시 마산회원구,구암동,구암동,17494,8744,8750,17427,8722,8705,-67,-22,-45
4812710200,2024-01-31,경상남도,창원시 마산회원구,두척동,두척동,441,238,203,444,240,204,3,2,1
4812710300,2024-01-31,경상남도,창원시 마산회원구,봉암동,봉암동,2995,1672,1323,2969,1655,1314,-26,-17,-9
4812710400,2024-01-31,경상남도,창원시 마산회원구,석전동,석전동,16250,8081,8169,16214,8057,8157,-36,-24,-12
4812710500,2024-01-31,경상남도,창원시 마산회원구,양덕동,양덕동,40983,20213,20770,41982,20734,21248,999,521,478
4812710600,2024-01-31,경상남도,창원시 마산회원구,합성동,합성동,16077,8083,7994,15989,8027,7962,-88,-56,-32
4812710700,2024-01-31,경상남도,창원시 마산회원구,회성동,회성동,5015,2506,2509,4988,2497,2491,-27,-9,-18
4812710800,2024-01-31,경상남도,창원시 마산회원구,회원동,회원동,19474,9544,9930,19435,9527,9908,-39,-17,-22
4812725021,2024-01-31,경상남도,창원시 마산회원구,내서읍,안성리,158,88,70,157,87,70,-1,-1,0
4812725022,2024-01-31,경상남도,창원시 마산회원구,내서읍,평성리,329,179,150,330,180,150,1,1,0
4812725023,2024-01-31,경상남도,창원시 마산회원구,내서읍,호계리,18753,9333,9420,18665,9272,9393,-88,-61,-27
4812725024,2024-01-31,경상남도,창원시 마산회원구,내서읍,용담리,311,159,152,309,159,150,-2,0,-2
4812725025,2024-01-31,경상남도,창원시 마산회원구,내서읍,중리,8837,4529,4308,8803,4516,4287,-34,-13,-21
4812725026,2024-01-31,경상남도,창원시 마산회원구,내서읍,상곡리,4141,2051,2090,4118,2039,2079,-23,-12,-11
4812725027,2024-01-31,경상남도,창원시 마산회원구,내서읍,원계리,2004,1031,973,1991,1025,966,-13,-6,-7
4812725028,2024-01-31,경상남도,창원시 마산회원구,내서읍,삼계리,25649,12747,12902,25570,12705,12865,-79,-42,-37
4812725029,2024-01-31,경상남도,창원시 마산회원구,내서읍,신감리,581,290,291,581,292,289,0,2,-2
4812725030,2024-01-31,경상남도,창원시 마산회원구,내서읍,감천리,326,171,155,324,170,154,-2,-1,-1
4812910100,2024-01-31,경상남도,창원시 진해구,동상동,동상동,1561,793,768,1635,830,805,74,37,37
4812910200,2024-01-31,경상남도,창원시 진해구,도천동,도천동,53,27,26,56,29,27,3,2,1
4812910300,2024-01-31,경상남도,창원시 진해구,도만동,도만동,518,457,61,516,459,57,-2,2,-4
4812910400,2024-01-31,경상남도,창원시 진해구,신흥동,신흥동,2446,1226,1220,2431,1219,1212,-15,-7,-8
4812910500,2024-01-31,경상남도,창원시 진해구,현동,현동,126,73,53,115,62,53,-11,-11,0
4812910700,2024-01-31,경상남도,창원시 진해구,태평동,태평동,950,476,474,942,474,468,-8,-2,-6
4812910800,2024-01-31,경상남도,창원시 진해구,충의동,충의동,658,339,319,654,336,318,-4,-3,-1
4812910900,2024-01-31,경상남도,창원시 진해구,무송동,무송동,58,27,31,60,28,32,2,1,1
4812911000,2024-01-31,경상남도,창원시 진해구,인의동,인의동,256,122,134,258,123,135,2,1,1
4812911100,2024-01-31,경상남도,창원시 진해구,숭인동,숭인동,294,151,143,293,150,143,-1,-1,0
4812911200,2024-01-31,경상남도,창원시 진해구,대영동,대영동,79,44,35,79,44,35,0,0,0
4812911300,2024-01-31,경상남도,창원시 진해구,남빈동,남빈동,3,2,1,3,2,1,0,0,0
4812911500,2024-01-31,경상남도,창원시 진해구,제황산동,제황산동,1871,926,945,1865,925,940,-6,-1,-5
4812911600,2024-01-31,경상남도,창원시 진해구,속천동,속천동,786,400,386,781,397,384,-5,-3,-2
4812911700,2024-01-31,경상남도,창원시 진해구,대죽동,대죽동,749,417,332,744,411,333,-5,-6,1
4812911800,2024-01-31,경상남도,창원시 진해구,안곡동,안곡동,166,85,81,163,83,80,-3,-2,-1
4812911900,2024-01-31,경상남도,창원시 진해구,수송동,수송동,249,117,132,250,117,133,1,0,1
4812912000,2024-01-31,경상남도,창원시 진해구,회현동,회현동,239,125,114,242,129,113,3,4,-1
4812912100,2024-01-31,경상남도,창원시 진해구,익선동,익선동,303,151,152,301,151,150,-2,0,-2
4812912200,2024-01-31,경상남도,창원시 진해구,창선동,창선동,181,97,84,179,96,83,-2,-1,-1
4812912300,2024-01-31,경상남도,창원시 진해구,대천동,대천동,21,12,9,21,12,9,0,0,0
4812912400,2024-01-31,경상남도,창원시 진해구,광화동,광화동,750,373,377,748,377,371,-2,4,-6
4812912500,2024-01-31,경상남도,창원시 진해구,통신동,통신동,3,2,1,3,2,1,0,0,0
4812912600,2024-01-31,경상남도,창원시 진해구,중앙동,중앙동,78,31,47,77,31,46,-1,0,-1
4812912700,2024-01-31,경상남도,창원시 진해구,부흥동,부흥동,778,365,413,777,363,414,-1,-2,1
4812912800,2024-01-31,경상남도,창원시 진해구,중평동,중평동,126,69,57,129,69,60,3,0,3
4812912900,2024-01-31,경상남도,창원시 진해구,근화동,근화동,345,177,168,335,171,164,-10,-6,-4
4812913100,2024-01-31,경상남도,창원시 진해구,화천동,화천동,659,325,334,659,324,335,0,-1,1
4812913200,2024-01-31,경상남도,창원시 진해구,송학동,송학동,335,156,179,331,153,178,-4,-3,-1
4812913300,2024-01-31,경상남도,창원시 진해구,대흥동,대흥동,207,120,87,206,118,88,-1,-2,1
4812913400,2024-01-31,경상남도,창원시 진해구,평안동,평안동,21,10,11,21,10,11,0,0,0
4812913500,2024-01-31,경상남도,창원시 진해구,충무동,충무동,889,455,434,882,449,433,-7,-6,-1
4812913600,2024-01-31,경상남도,창원시 진해구,인사동,인사동,449,222,227,441,218,223,-8,-4,-4
4812913700,2024-01-31,경상남도,창원시 진해구,여좌동,여좌동,7954,3937,4017,7916,3920,3996,-38,-17,-21
4812913800,2024-01-31,경상남도,창원시 진해구,태백동,태백동,1242,643,599,1229,638,591,-13,-5,-8
4812913900,2024-01-31,경상남도,창원시 진해구,경화동,경화동,17063,8486,8577,17060,8488,8572,-3,2,-5
4812914000,2024-01-31,경상남도,창원시 진해구,석동,석동,19157,9890,9267,19118,9875,9243,-39,-15,-24
4812914100,2024-01-31,경상남도,창원시 진해구,이동,이동,9571,5010,4561,9601,5022,4579,30,12,18
4812914200,2024-01-31,경상남도,창원시 진해구,자은동,자은동,27221,13532,13689,27131,13497,13634,-90,-35,-55
4812914300,2024-01-31,경상남도,창원시 진해구,덕산동,덕산동,1088,559,529,1102,567,535,14,8,6
4812914400,2024-01-31,경상남도,창원시 진해구,풍호동,풍호동,19790,9883,9907,19751,9863,9888,-39,-20,-19
4812914500,2024-01-31,경상남도,창원시 진해구,장천동,장천동,7093,3533,3560,7084,3535,3549,-9,2,-11
4812914600,2024-01-31,경상남도,창원시 진해구,행암동,행암동,250,124,126,248,122,126,-2,-2,0
4812914700,2024-01-31,경상남도,창원시 진해구,북부동,북부동,735,391,344,730,386,344,-5,-5,0
4812914800,2024-01-31,경상남도,창원시 진해구,성내동,성내동,236,122,114,237,122,115,1,0,1
4812914900,2024-01-31,경상남도,창원시 진해구,서중동,서중동,215,105,110,212,105,107,-3,0,-3
4812915000,2024-01-31,경상남도,창원시 진해구,남문동,남문동,10296,5104,5192,10270,5098,5172,-26,-6,-20
4812915100,2024-01-31,경상남도,창원시 진해구,제덕동,제덕동,372,209,163,373,210,163,1,1,0
4812915200,2024-01-31,경상남도,창원시 진해구,수도동,수도동,207,110,97,206,109,97,-1,-1,0
4812915300,2024-01-31,경상남도,창원시 진해구,연도동,연도동,1,1,0,1,1,0,0,0,0
4812915400,2024-01-31,경상남도,창원시 진해구,명동,명동,617,336,281,615,335,280,-2,-1,-1
4812915500,2024-01-31,경상남도,창원시 진해구,죽곡동,죽곡동,298,165,133,297,164,133,-1,-1,0
4812915600,2024-01-31,경상남도,창원시 진해구,원포동,원포동,108,58,50,109,59,50,1,1,0
4812915700,2024-01-31,경상남도,창원시 진해구,남양동,남양동,2340,1196,1144,2321,1181,1140,-19,-15,-4
4812915800,2024-01-31,경상남도,창원시 진해구,마천동,마천동,3658,1854,1804,3659,1860,1799,1,6,-5
4812915900,2024-01-31,경상남도,창원시 진해구,소사동,소사동,503,254,249,499,251,248,-4,-3,-1
4812916000,2024-01-31,경상남도,창원시 진해구,대장동,대장동,132,74,58,131,73,58,-1,-1,0
4812916100,2024-01-31,경상남도,창원시 진해구,두동,두동,1169,599,570,1165,598,567,-4,-1,-3
4812916200,2024-01-31,경상남도,창원시 진해구,청안동,청안동,11279,5661,5618,11256,5651,5605,-23,-10,-13
4812916300,2024-01-31,경상남도,창원시 진해구,안골동,안골동,3857,2219,1638,3846,2220,1626,-11,1,-12
4812916400,2024-01-31,경상남도,창원시 진해구,용원동,용원동,28290,15713,12577,28338,15762,12576,48,49,-1
4812916500,2024-01-31,경상남도,창원시 진해구,가주동,가주동,276,155,121,279,158,121,3,3,0
4817010100,2024-01-31,경상남도,진주시,망경동,망경동,7274,3623,3651,7276,3625,3651,2,2,0
4817010200,2024-01-31,경상남도,진주시,주약동,주약동,9958,4820,5138,9935,4824,5111,-23,4,-27
4817010300,2024-01-31,경상남도,진주시,강남동,강남동,3656,1778,1878,3648,1777,1871,-8,-1,-7
4817010400,2024-01-31,경상남도,진주시,칠암동,칠암동,6475,3297,3178,6412,3264,3148,-63,-33,-30
4817010500,2024-01-31,경상남도,진주시,본성동,본성동,316,181,135,314,180,134,-2,-1,-1
4817010600,2024-01-31,경상남도,진주시,동성동,동성동,349,185,164,349,186,163,0,1,-1
4817010700,2024-01-31,경상남도,진주시,남성동,남성동,252,111,141,256,113,143,4,2,2
4817010800,2024-01-31,경상남도,진주시,인사동,인사동,4136,2029,2107,4131,2033,2098,-5,4,-9
4817010900,2024-01-31,경상남도,진주시,대안동,대안동,259,108,151,255,107,148,-4,-1,-3
4817011000,2024-01-31,경상남도,진주시,평안동,평안동,747,351,396,759,358,401,12,7,5
4817011100,2024-01-31,경상남도,진주시,중안동,중안동,564,276,288,565,276,289,1,0,1
4817011200,2024-01-31,경상남도,진주시,계동,계동,442,217,225,448,223,225,6,6,0
4817011300,2024-01-31,경상남도,진주시,봉곡동,봉곡동,4124,2058,2066,4136,2057,2079,12,-1,13
4817011400,2024-01-31,경상남도,진주시,상봉동,상봉동,13184,6478,6706,13164,6479,6685,-20,1,-21
4817011500,2024-01-31,경상남도,진주시,봉래동,봉래동,1627,770,857,1618,765,853,-9,-5,-4
4817011600,2024-01-31,경상남도,진주시,수정동,수정동,1351,629,722,1345,632,713,-6,3,-9
4817011700,2024-01-31,경상남도,진주시,장대동,장대동,1563,777,786,1560,772,788,-3,-5,2
4817011800,2024-01-31,경상남도,진주시,옥봉동,옥봉동,4685,2259,2426,4676,2254,2422,-9,-5,-4
4817011900,2024-01-31,경상남도,진주시,상대동,상대동,18737,9214,9523,18690,9189,9501,-47,-25,-22
4817012000,2024-01-31,경상남도,진주시,하대동,하대동,23455,11718,11737,23454,11715,11739,-1,-3,2
4817012100,2024-01-31,경상남도,진주시,상평동,상평동,11018,5575,5443,10975,5539,5436,-43,-36,-7
4817012200,2024-01-31,경상남도,진주시,초전동,초전동,25374,12775,12599,25345,12765,12580,-29,-10,-19
4817012300,2024-01-31,경상남도,진주시,장재동,장재동,586,306,280,589,306,283,3,0,3
4817012400,2024-01-31,경상남도,진주시,하촌동,하촌동,194,103,91,195,102,93,1,-1,2
4817012500,2024-01-31,경상남도,진주시,신안동,신안동,20981,9845,11136,20910,9794,11116,-71,-51,-20
4817012600,2024-01-31,경상남도,진주시,평거동,평거동,35177,16785,18392,35205,16792,18413,28,7,21
4817012700,2024-01-31,경상남도,진주시,이현동,이현동,10040,4944,5096,9987,4921,5066,-53,-23,-30
4817012800,2024-01-31,경상남도,진주시,유곡동,유곡동,1097,555,542,1095,555,540,-2,0,-2
4817012900,2024-01-31,경상남도,진주시,판문동,판문동,1809,890,919,1809,891,918,0,1,-1
4817013000,2024-01-31,경상남도,진주시,귀곡동,귀곡동,7,4,3,7,4,3,0,0,0
4817013100,2024-01-31,경상남도,진주시,가좌동,가좌동,25069,12459,12610,24931,12361,12570,-138,-98,-40
4817013200,2024-01-31,경상남도,진주시,호탄동,호탄동,5051,2796,2255,5045,2798,2247,-6,2,-8
4817013700,2024-01-31,경상남도,진주시,충무공동,충무공동,33977,16735,17242,34011,16764,17247,34,29,5
4817025021,2024-01-31,경상남도,진주시,문산읍,상문리,573,299,274,570,299,271,-3,0,-3
4817025022,2024-01-31,경상남도,진주시,문산읍,소문리,2658,1302,1356,2652,1300,1352,-6,-2,-4
4817025023,2024-01-31,경상남도,진주시,문산읍,삼곡리,3185,1608,1577,3191,1608,1583,6,0,6
4817025024,2024-01-31,경상남도,진주시,문산읍,이곡리,278,141,137,283,142,141,5,1,4
4817025026,2024-01-31,경상남도,진주시,문산읍,안전리,207,111,96,204,108,96,-3,-3,0
4817025027,2024-01-31,경상남도,진주시,문산읍,옥산리,515,253,262,508,252,256,-7,-1,-6
4817025029,2024-01-31,경상남도,진주시,문산읍,갈곡리,228,112,116,225,111,114,-3,-1,-2
4817025030,2024-01-31,경상남도,진주시,문산읍,두산리,226,115,111,226,114,112,0,-1,1
4817031021,2024-01-31,경상남도,진주시,내동면,독산리,2902,1430,1472,2898,1430,1468,-4,0,-4
4817031022,2024-01-31,경상남도,진주시,내동면,신율리,390,218,172,389,218,171,-1,0,-1
4817031023,2024-01-31,경상남도,진주시,내동면,삼계리,351,164,187,350,164,186,-1,0,-1
4817031024,2024-01-31,경상남도,진주시,내동면,유수리,260,130,130,262,131,131,2,1,1
4817031025,2024-01-31,경상남도,진주시,내동면,내평리,73,39,34,74,40,34,1,1,0
4817032021,2024-01-31,경상남도,진주시,정촌면,화개리,729,368,361,731,369,362,2,1,1
4817032022,2024-01-31,경상남도,진주시,정촌면,관봉리,262,126,136,264,126,138,2,0,2
4817032023,2024-01-31,경상남도,진주시,정촌면,소곡리,328,166,162,327,166,161,-1,0,-1
4817032024,2024-01-31,경상남도,진주시,정촌면,예상리,89,50,39,89,50,39,0,0,0
4817032025,2024-01-31,경상남도,진주시,정촌면,예하리,7073,3598,3475,7087,3611,3476,14,13,1
4817032026,2024-01-31,경상남도,진주시,정촌면,대축리,268,137,131,267,137,130,-1,0,-1
4817033021,2024-01-31,경상남도,진주시,금곡면,검암리,287,144,143,288,144,144,1,0,1
4817033022,2024-01-31,경상남도,진주시,금곡면,가봉리,124,66,58,124,66,58,0,0,0
4817033023,2024-01-31,경상남도,진주시,금곡면,송곡리,96,42,54,94,41,53,-2,-1,-1
4817033024,2024-01-31,경상남도,진주시,금곡면,정자리,366,176,190,362,174,188,-4,-2,-2
4817033025,2024-01-31,경상남도,진주시,금곡면,인담리,204,111,93,203,111,92,-1,0,-1
4817033026,2024-01-31,경상남도,진주시,금곡면,동례리,208,99,109,206,97,109,-2,-2,0
4817033027,2024-01-31,경상남도,진주시,금곡면,두문리,499,236,263,499,234,265,0,-2,2
4817033028,2024-01-31,경상남도,진주시,금곡면,죽곡리,157,78,79,155,78,77,-2,0,-2
4817033029,2024-01-31,경상남도,진주시,금곡면,성산리,161,80,81,162,81,81,1,1,0
4817035021,2024-01-31,경상남도,진주시,진성면,상촌리,358,188,170,357,187,170,-1,-1,0
4817035023,2024-01-31,경상남도,진주시,진성면,대사리,228,106,122,229,106,123,1,0,1
4817035024,2024-01-31,경상남도,진주시,진성면,온수리,206,98,108,203,97,106,-3,-1,-2
4817035025,2024-01-31,경상남도,진주시,진성면,천곡리,251,128,123,249,128,121,-2,0,-2
4817035027,2024-01-31,경상남도,진주시,진성면,가진리,260,124,136,256,123,133,-4,-1,-3
4817035028,2024-01-31,경상남도,진주시,진성면,구천리,167,87,80,174,91,83,7,4,3
4817035029,2024-01-31,경상남도,진주시,진성면,동산리,347,182,165,344,182,162,-3,0,-3
4817036021,2024-01-31,경상남도,진주시,일반성면,창촌리,1305,652,653,1297,646,651,-8,-6,-2
4817036022,2024-01-31,경상남도,진주시,일반성면,가선리,192,94,98,191,93,98,-1,-1,0
4817036023,2024-01-31,경상남도,진주시,일반성면,개암리,402,199,203,403,199,204,1,0,1
4817036024,2024-01-31,경상남도,진주시,일반성면,답천리,147,67,80,146,67,79,-1,0,-1
4817036025,2024-01-31,경상남도,진주시,일반성면,운천리,150,78,72,149,79,70,-1,1,-2
4817036026,2024-01-31,경상남도,진주시,일반성면,남산리,272,127,145,268,125,143,-4,-2,-2
4817037021,2024-01-31,경상남도,진주시,이반성면,장안리,146,73,73,146,73,73,0,0,0
4817037022,2024-01-31,경상남도,진주시,이반성면,평촌리,282,134,148,281,134,147,-1,0,-1
4817037023,2024-01-31,경상남도,진주시,이반성면,하곡리,158,86,72,159,86,73,1,0,1
4817037024,2024-01-31,경상남도,진주시,이반성면,용암리,207,105,102,207,104,103,0,-1,1
4817037025,2024-01-31,경상남도,진주시,이반성면,가산리,216,109,107,217,109,108,1,0,1
4817037026,2024-01-31,경상남도,진주시,이반성면,대천리,206,109,97,206,109,97,0,0,0
4817037027,2024-01-31,경상남도,진주시,이반성면,길성리,215,110,105,214,109,105,-1,-1,0
4817037028,2024-01-31,경상남도,진주시,이반성면,발산리,83,38,45,84,38,46,1,0,1
4817038021,2024-01-31,경상남도,진주시,사봉면,마성리,232,96,136,232,95,137,0,-1,1
4817038022,2024-01-31,경상남도,진주시,사봉면,방촌리,158,75,83,161,77,84,3,2,1
4817038023,2024-01-31,경상남도,진주시,사봉면,무촌리,341,168,173,339,165,174,-2,-3,1
4817038024,2024-01-31,경상남도,진주시,사봉면,사곡리,246,136,110,244,135,109,-2,-1,-1
4817038025,2024-01-31,경상남도,진주시,사봉면,봉곡리,258,132,126,260,132,128,2,0,2
4817038026,2024-01-31,경상남도,진주시,사봉면,부계리,210,97,113,210,97,113,0,0,0
4817039022,2024-01-31,경상남도,진주시,지수면,청원리,220,109,111,219,109,110,-1,0,-1
4817039023,2024-01-31,경상남도,진주시,지수면,금곡리,151,77,74,151,77,74,0,0,0
4817039024,2024-01-31,경상남도,진주시,지수면,압사리,354,183,171,353,182,171,-1,-1,0
4817039025,2024-01-31,경상남도,진주시,지수면,용봉리,167,78,89,170,80,90,3,2,1
4817039026,2024-01-31,경상남도,진주시,지수면,청담리,249,128,121,247,126,121,-2,-2,0
4817039027,2024-01-31,경상남도,진주시,지수면,승산리,222,111,111,223,111,112,1,0,1
4817040021,2024-01-31,경상남도,진주시,대곡면,설매리,209,96,113,206,94,112,-3,-2,-1
4817040022,2024-01-31,경상남도,진주시,대곡면,광석리,592,291,301,586,288,298,-6,-3,-3
4817040023,2024-01-31,경상남도,진주시,대곡면,유곡리,382,201,181,380,201,179,-2,0,-2
4817040024,2024-01-31,경상남도,진주시,대곡면,단목리,344,181,163,337,176,161,-7,-5,-2
4817040025,2024-01-31,경상남도,진주시,대곡면,월아리,161,87,74,160,87,73,-1,0,-1
4817040026,2024-01-31,경상남도,진주시,대곡면,와룡리,344,164,180,346,164,182,2,0,2
4817040027,2024-01-31,경상남도,진주시,대곡면,가정리,180,96,84,183,96,87,3,0,3
4817040028,2024-01-31,경상남도,진주시,대곡면,덕곡리,347,174,173,350,176,174,3,2,1
4817040029,2024-01-31,경상남도,진주시,대곡면,마진리,124,64,60,121,62,59,-3,-2,-1
4817040030,2024-01-31,경상남도,진주시,대곡면,대곡리,121,57,64,120,57,63,-1,0,-1
4817040031,2024-01-31,경상남도,진주시,대곡면,월암리,143,71,72,143,72,71,0,1,-1
4817040032,2024-01-31,경상남도,진주시,대곡면,용암리,55,24,31,55,24,31,0,0,0
4817041021,2024-01-31,경상남도,진주시,금산면,가방리,536,259,277,528,253,275,-8,-6,-2
4817041022,2024-01-31,경상남도,진주시,금산면,용아리,381,190,191,382,190,192,1,0,1
4817041023,2024-01-31,경상남도,진주시,금산면,갈전리,461,244,217,459,244,215,-2,0,-2
4817041024,2024-01-31,경상남도,진주시,금산면,속사리,340,164,176,335,164,171,-5,0,-5
4817041025,2024-01-31,경상남도,진주시,금산면,송백리,1278,677,601,1239,661,578,-39,-16,-23
4817041026,2024-01-31,경상남도,진주시,금산면,중천리,2412,1229,1183,2407,1228,1179,-5,-1,-4
4817041027,2024-01-31,경상남도,진주시,금산면,장사리,14920,7363,7557,14930,7384,7546,10,21,-11
4817042021,2024-01-31,경상남도,진주시,집현면,지내리,314,160,154,318,162,156,4,2,2
4817042022,2024-01-31,경상남도,진주시,집현면,봉강리,1940,959,981,1924,950,974,-16,-9,-7
4817042023,2024-01-31,경상남도,진주시,집현면,사촌리,301,156,145,300,154,146,-1,-2,1
4817042024,2024-01-31,경상남도,진주시,집현면,대암리,287,143,144,293,146,147,6,3,3
4817042025,2024-01-31,경상남도,진주시,집현면,정평리,154,79,75,155,80,75,1,1,0
4817042026,2024-01-31,경상남도,진주시,집현면,정수리,125,67,58,125,67,58,0,0,0
4817042027,2024-01-31,경상남도,진주시,집현면,냉정리,185,95,90,188,95,93,3,0,3
4817042028,2024-01-31,경상남도,진주시,집현면,장흥리,313,155,158,308,153,155,-5,-2,-3
4817042029,2024-01-31,경상남도,진주시,집현면,신당리,313,170,143,313,171,142,0,1,-1
4817042030,2024-01-31,경상남도,진주시,집현면,덕오리,525,275,250,520,272,248,-5,-3,-2
4817043021,2024-01-31,경상남도,진주시,미천면,오방리,180,80,100,182,83,99,2,3,-1
4817043022,2024-01-31,경상남도,진주시,미천면,향양리,176,94,82,177,95,82,1,1,0
4817043023,2024-01-31,경상남도,진주시,미천면,반지리,161,85,76,161,85,76,0,0,0
4817043024,2024-01-31,경상남도,진주시,미천면,벌당리,234,112,122,235,113,122,1,1,0
4817043025,2024-01-31,경상남도,진주시,미천면,어옥리,171,91,80,172,92,80,1,1,0
4817043026,2024-01-31,경상남도,진주시,미천면,상미리,97,52,45,95,50,45,-2,-2,0
4817043027,2024-01-31,경상남도,진주시,미천면,미곡리,140,70,70,140,70,70,0,0,0
4817043028,2024-01-31,경상남도,진주시,미천면,안간리,256,124,132,255,126,129,-1,2,-3
4817043029,2024-01-31,경상남도,진주시,미천면,효자리,105,57,48,105,58,47,0,1,-1
4817044021,2024-01-31,경상남도,진주시,명석면,관지리,452,236,216,455,235,220,3,-1,4
4817044022,2024-01-31,경상남도,진주시,명석면,왕지리,195,89,106,193,88,105,-2,-1,-1
4817044023,2024-01-31,경상남도,진주시,명석면,남성리,68,35,33,68,35,33,0,0,0
4817044024,2024-01-31,경상남도,진주시,명석면,덕곡리,131,62,69,129,61,68,-2,-1,-1
4817044025,2024-01-31,경상남도,진주시,명석면,계원리,202,101,101,204,103,101,2,2,0
4817044026,2024-01-31,경상남도,진주시,명석면,신기리,152,78,74,152,78,74,0,0,0
4817044027,2024-01-31,경상남도,진주시,명석면,외율리,441,214,227,434,212,222,-7,-2,-5
4817044028,2024-01-31,경상남도,진주시,명석면,오미리,301,155,146,301,155,146,0,0,0
4817044029,2024-01-31,경상남도,진주시,명석면,가화리,90,52,38,90,52,38,0,0,0
4817044030,2024-01-31,경상남도,진주시,명석면,용산리,349,182,167,351,182,169,2,0,2
4817044031,2024-01-31,경상남도,진주시,명석면,우수리,1403,653,750,1409,652,757,6,-1,7
4817045021,2024-01-31,경상남도,진주시,대평면,대평리,620,279,341,610,277,333,-10,-2,-8
4817045022,2024-01-31,경상남도,진주시,대평면,상촌리,23,16,7,23,16,7,0,0,0
4817045023,2024-01-31,경상남도,진주시,대평면,하촌리,39,26,13,39,26,13,0,0,0
4817045024,2024-01-31,경상남도,진주시,대평면,당촌리,131,69,62,130,68,62,-1,-1,0
4817045025,2024-01-31,경상남도,진주시,대평면,신풍리,46,26,20,45,26,19,-1,0,-1
4817045026,2024-01-31,경상남도,진주시,대평면,내촌리,132,58,74,130,57,73,-2,-1,-1
4817046021,2024-01-31,경상남도,진주시,수곡면,자매리,128,66,62,128,66,62,0,0,0
4817046022,2024-01-31,경상남도,진주시,수곡면,사곡리,299,150,149,300,151,149,1,1,0
4817046023,2024-01-31,경상남도,진주시,수곡면,대천리,319,154,165,315,152,163,-4,-2,-2
4817046024,2024-01-31,경상남도,진주시,수곡면,창촌리,268,134,134,268,133,135,0,-1,1
4817046025,2024-01-31,경상남도,진주시,수곡면,효자리,268,136,132,266,134,132,-2,-2,0
4817046026,2024-01-31,경상남도,진주시,수곡면,원내리,309,143,166,312,145,167,3,2,1
4817046027,2024-01-31,경상남도,진주시,수곡면,원외리,314,162,152,313,161,152,-1,-1,0
4817046028,2024-01-31,경상남도,진주시,수곡면,원계리,249,125,124,248,124,124,-1,-1,0
4822010100,2024-01-31,경상남도,통영시,도천동,도천동,3945,1900,2045,3926,1888,2038,-19,-12,-7
4822010200,2024-01-31,경상남도,통영시,서호동,서호동,991,475,516,985,470,515,-6,-5,-1
4822010300,2024-01-31,경상남도,통영시,명정동,명정동,1316,653,663,1316,652,664,0,-1,1
4822010400,2024-01-31,경상남도,통영시,항남동,항남동,1005,509,496,1001,510,491,-4,1,-5
4822010500,2024-01-31,경상남도,통영시,중앙동,중앙동,315,139,176,311,136,175,-4,-3,-1
4822010600,2024-01-31,경상남도,통영시,문화동,문화동,507,260,247,502,258,244,-5,-2,-3
4822010700,2024-01-31,경상남도,통영시,태평동,태평동,1691,820,871,1691,819,872,0,-1,1
4822010800,2024-01-31,경상남도,통영시,동호동,동호동,1929,968,961,1932,965,967,3,-3,6
4822010900,2024-01-31,경상남도,통영시,정량동,정량동,6249,3173,3076,6221,3157,3064,-28,-16,-12
4822011000,2024-01-31,경상남도,통영시,북신동,북신동,10035,4769,5266,10053,4785,5268,18,16,2
4822011100,2024-01-31,경상남도,통영시,무전동,무전동,13277,6603,6674,13254,6596,6658,-23,-7,-16
4822011200,2024-01-31,경상남도,통영시,평림동,평림동,517,257,260,518,257,261,1,0,1
4822011300,2024-01-31,경상남도,통영시,인평동,인평동,3529,1821,1708,3510,1812,1698,-19,-9,-10
4822011400,2024-01-31,경상남도,통영시,당동,당동,674,353,321,671,348,323,-3,-5,2
4822011500,2024-01-31,경상남도,통영시,미수동,미수동,10430,5093,5337,10411,5086,5325,-19,-7,-12
4822011600,2024-01-31,경상남도,통영시,봉평동,봉평동,4319,2253,2066,4289,2234,2055,-30,-19,-11
4822011700,2024-01-31,경상남도,통영시,도남동,도남동,5143,2568,2575,5125,2571,2554,-18,3,-21
4822025021,2024-01-31,경상남도,통영시,산양읍,영운리,515,274,241,516,273,243,1,-1,2
4822025022,2024-01-31,경상남도,통영시,산양읍,신전리,504,248,256,507,249,258,3,1,2
4822025023,2024-01-31,경상남도,통영시,산양읍,미남리,282,149,133,286,153,133,4,4,0
4822025024,2024-01-31,경상남도,통영시,산양읍,연화리,441,236,205,439,236,203,-2,0,-2
4822025025,2024-01-31,경상남도,통영시,산양읍,삼덕리,455,251,204,459,254,205,4,3,1
4822025026,2024-01-31,경상남도,통영시,산양읍,남평리,866,442,424,870,445,425,4,3,1
4822025027,2024-01-31,경상남도,통영시,산양읍,풍화리,717,379,338,714,380,334,-3,1,-4
4822025028,2024-01-31,경상남도,통영시,산양읍,곤리리,156,79,77,157,80,77,1,1,0
4822025029,2024-01-31,경상남도,통영시,산양읍,추도리,150,91,59,150,91,59,0,0,0
4822025030,2024-01-31,경상남도,통영시,산양읍,저림리,172,100,72,174,102,72,2,2,0
4822025031,2024-01-31,경상남도,통영시,산양읍,연곡리,78,43,35,76,42,34,-2,-1,-1
4822031021,2024-01-31,경상남도,통영시,용남면,화삼리,1522,757,765,1521,759,762,-1,2,-3
4822031022,2024-01-31,경상남도,통영시,용남면,동달리,5542,2739,2803,5531,2735,2796,-11,-4,-7
4822031023,2024-01-31,경상남도,통영시,용남면,장문리,667,361,306,664,360,304,-3,-1,-2
4822031024,2024-01-31,경상남도,통영시,용남면,삼화리,789,393,396,794,395,399,5,2,3
4822031025,2024-01-31,경상남도,통영시,용남면,원평리,830,420,410,828,418,410,-2,-2,0
4822031026,2024-01-31,경상남도,통영시,용남면,장평리,2317,1127,1190,2300,1126,1174,-17,-1,-16
4822031027,2024-01-31,경상남도,통영시,용남면,지도리,208,116,92,206,115,91,-2,-1,-1
4822031028,2024-01-31,경상남도,통영시,용남면,어의리,43,18,25,43,18,25,0,0,0
4822033021,2024-01-31,경상남도,통영시,도산면,원산리,390,194,196,399,199,200,9,5,4
4822033022,2024-01-31,경상남도,통영시,도산면,도선리,346,176,170,337,169,168,-9,-7,-2
4822033023,2024-01-31,경상남도,통영시,도산면,법송리,608,328,280,601,327,274,-7,-1,-6
4822033024,2024-01-31,경상남도,통영시,도산면,관덕리,397,205,192,398,204,194,1,-1,2
4822033025,2024-01-31,경상남도,통영시,도산면,오륜리,296,161,135,294,161,133,-2,0,-2
4822033026,2024-01-31,경상남도,통영시,도산면,저산리,194,100,94,192,99,93,-2,-1,-1
4822033027,2024-01-31,경상남도,통영시,도산면,수월리,464,230,234,468,231,237,4,1,3
4822034021,2024-01-31,경상남도,통영시,광도면,덕포리,495,244,251,494,242,252,-1,-2,1
4822034022,2024-01-31,경상남도,통영시,광도면,우동리,389,205,184,389,204,185,0,-1,1
4822034023,2024-01-31,경상남도,통영시,광도면,노산리,865,447,418,853,440,413,-12,-7,-5
4822034024,2024-01-31,경상남도,통영시,광도면,죽림리,24020,12001,12019,23963,11973,11990,-57,-28,-29
4822034025,2024-01-31,경상남도,통영시,광도면,용호리,443,219,224,443,219,224,0,0,0
4822034026,2024-01-31,경상남도,통영시,광도면,황리,757,497,260,749,487,262,-8,-10,2
4822034027,2024-01-31,경상남도,통영시,광도면,안정리,3638,1929,1709,3676,1954,1722,38,25,13
4822035021,2024-01-31,경상남도,통영시,욕지면,동항리,1158,668,490,1147,657,490,-11,-11,0
4822035022,2024-01-31,경상남도,통영시,욕지면,서산리,249,155,94,250,155,95,1,0,1
4822035023,2024-01-31,경상남도,통영시,욕지면,연화리,198,113,85,198,113,85,0,0,0
4822035024,2024-01-31,경상남도,통영시,욕지면,노대리,193,99,94,193,99,94,0,0,0
4822035025,2024-01-31,경상남도,통영시,욕지면,두미리,97,56,41,96,56,40,-1,0,-1
4822036021,2024-01-31,경상남도,통영시,한산면,두억리,222,122,100,222,121,101,0,-1,1
4822036022,2024-01-31,경상남도,통영시,한산면,염호리,275,141,134,277,143,134,2,2,0
4822036023,2024-01-31,경상남도,통영시,한산면,창좌리,249,124,125,251,127,124,2,3,-1
4822036024,2024-01-31,경상남도,통영시,한산면,하소리,310,173,137,318,176,142,8,3,5
4822036025,2024-01-31,경상남도,통영시,한산면,추봉리,295,150,145,294,151,143,-1,1,-2
4822036026,2024-01-31,경상남도,통영시,한산면,용호리,165,85,80,164,85,79,-1,0,-1
4822036027,2024-01-31,경상남도,통영시,한산면,비진리,157,77,80,157,77,80,0,0,0
4822036028,2024-01-31,경상남도,통영시,한산면,매죽리,197,96,101,197,96,101,0,0,0
4822037021,2024-01-31,경상남도,통영시,사량면,금평리,548,289,259,553,291,262,5,2,3
4822037022,2024-01-31,경상남도,통영시,사량면,돈지리,285,130,155,284,129,155,-1,-1,0
4822037023,2024-01-31,경상남도,통영시,사량면,읍덕리,284,142,142,282,141,141,-2,-1,-1
4822037024,2024-01-31,경상남도,통영시,사량면,양지리,241,124,117,237,123,114,-4,-1,-3
4824010100,2024-01-31,경상남도,사천시,동동,동동,1639,776,863,1623,767,856,-16,-9,-7
4824010200,2024-01-31,경상남도,사천시,서동,서동,1982,958,1024,1979,956,1023,-3,-2,-1
4824010300,2024-01-31,경상남도,사천시,선구동,선구동,2759,1342,1417,2750,1336,1414,-9,-6,-3
4824010400,2024-01-31,경상남도,사천시,동금동,동금동,5870,2846,3024,5876,2849,3027,6,3,3
4824010500,2024-01-31,경상남도,사천시,서금동,서금동,261,121,140,256,118,138,-5,-3,-2
4824010600,2024-01-31,경상남도,사천시,동림동,동림동,1583,769,814,1584,768,816,1,-1,2
4824010700,2024-01-31,경상남도,사천시,좌룡동,좌룡동,437,230,207,437,231,206,0,1,-1
4824010800,2024-01-31,경상남도,사천시,벌리동,벌리동,7693,3746,3947,7670,3740,3930,-23,-6,-17
4824010900,2024-01-31,경상남도,사천시,용강동,용강동,7178,3450,3728,7159,3446,3713,-19,-4,-15
4824011000,2024-01-31,경상남도,사천시,와룡동,와룡동,138,60,78,138,61,77,0,1,-1
4824011100,2024-01-31,경상남도,사천시,봉남동,봉남동,586,299,287,588,300,288,2,1,1
4824011200,2024-01-31,경상남도,사천시,이금동,이금동,449,263,186,439,254,185,-10,-9,-1
4824011300,2024-01-31,경상남도,사천시,이홀동,이홀동,314,178,136,315,178,137,1,0,1
4824011400,2024-01-31,경상남도,사천시,궁지동,궁지동,156,84,72,157,85,72,1,1,0
4824011500,2024-01-31,경상남도,사천시,사등동,사등동,65,38,27,65,38,27,0,0,0
4824011600,2024-01-31,경상남도,사천시,향촌동,향촌동,5154,2669,2485,5153,2674,2479,-1,5,-6
4824011700,2024-01-31,경상남도,사천시,대방동,대방동,1111,532,579,1104,529,575,-7,-3,-4
4824011800,2024-01-31,경상남도,사천시,실안동,실안동,422,207,215,420,205,215,-2,-2,0
4824011900,2024-01-31,경상남도,사천시,마도동,마도동,107,58,49,107,58,49,0,0,0
4824012000,2024-01-31,경상남도,사천시,늑도동,늑도동,197,100,97,197,101,96,0,1,-1
4824012100,2024-01-31,경상남도,사천시,신수동,신수동,233,117,116,234,117,117,1,0,1
4824012200,2024-01-31,경상남도,사천시,백천동,백천동,157,68,89,161,70,91,4,2,2
4824012300,2024-01-31,경상남도,사천시,신벽동,신벽동,291,131,160,292,131,161,1,0,1
4824012400,2024-01-31,경상남도,사천시,노룡동,노룡동,343,164,179,346,167,179,3,3,0
4824012500,2024-01-31,경상남도,사천시,대포동,대포동,285,124,161,281,122,159,-4,-2,-2
4824012600,2024-01-31,경상남도,사천시,송포동,송포동,1373,684,689,1386,697,689,13,13,0
4824012700,2024-01-31,경상남도,사천시,죽림동,죽림동,2486,1246,1240,2471,1236,1235,-15,-10,-5
4824025021,2024-01-31,경상남도,사천시,사천읍,선인리,5617,3008,2609,5556,2969,2587,-61,-39,-22
4824025022,2024-01-31,경상남도,사천시,사천읍,정의리,2491,1323,1168,2481,1312,1169,-10,-11,1
4824025023,2024-01-31,경상남도,사천시,사천읍,평화리,1007,501,506,1003,499,504,-4,-2,-2
4824025024,2024-01-31,경상남도,사천시,사천읍,수석리,3007,1671,1336,3362,1851,1511,355,180,175
4824025025,2024-01-31,경상남도,사천시,사천읍,사주리,2752,1494,1258,2424,1322,1102,-328,-172,-156
4824025026,2024-01-31,경상남도,사천시,사천읍,용당리,40,26,14,37,24,13,-3,-2,-1
4824025028,2024-01-31,경상남도,사천시,사천읍,구암리,2043,1024,1019,1998,1000,998,-45,-24,-21
4824025029,2024-01-31,경상남도,사천시,사천읍,장전리,171,97,74,170,97,73,-1,0,-1
4824025030,2024-01-31,경상남도,사천시,사천읍,금곡리,58,32,26,63,35,28,5,3,2
4824025031,2024-01-31,경상남도,사천시,사천읍,두량리,407,198,209,402,195,207,-5,-3,-2
4824031021,2024-01-31,경상남도,사천시,정동면,고읍리,4899,2401,2498,4878,2393,2485,-21,-8,-13
4824031022,2024-01-31,경상남도,사천시,정동면,예수리,4608,2390,2218,4627,2403,2224,19,13,6
4824031023,2024-01-31,경상남도,사천시,정동면,화암리,244,133,111,249,136,113,5,3,2
4824031024,2024-01-31,경상남도,사천시,정동면,풍정리,2609,1294,1315,2582,1279,1303,-27,-15,-12
4824031025,2024-01-31,경상남도,사천시,정동면,수청리,186,85,101,186,85,101,0,0,0
4824031026,2024-01-31,경상남도,사천시,정동면,대곡리,285,143,142,285,142,143,0,-1,1
4824031027,2024-01-31,경상남도,사천시,정동면,장산리,280,128,152,283,130,153,3,2,1
4824031028,2024-01-31,경상남도,사천시,정동면,감곡리,192,90,102,191,89,102,-1,-1,0
4824031029,2024-01-31,경상남도,사천시,정동면,학촌리,179,94,85,180,94,86,1,0,1
4824031030,2024-01-31,경상남도,사천시,정동면,소곡리,247,123,124,249,124,125,2,1,1
4824032021,2024-01-31,경상남도,사천시,사남면,죽천리,581,302,279,583,305,278,2,3,-1
4824032022,2024-01-31,경상남도,사천시,사남면,초전리,383,192,191,383,191,192,0,-1,1
4824032023,2024-01-31,경상남도,사천시,사남면,방지리,204,144,60,202,142,60,-2,-2,0
4824032024,2024-01-31,경상남도,사천시,사남면,유천리,3555,1952,1603,3758,2061,1697,203,109,94
4824032025,2024-01-31,경상남도,사천시,사남면,월성리,10011,5050,4961,10084,5089,4995,73,39,34
4824032026,2024-01-31,경상남도,사천시,사남면,화전리,1265,660,605,1262,653,609,-3,-7,4
4824032027,2024-01-31,경상남도,사천시,사남면,우천리,183,97,86,179,93,86,-4,-4,0
4824032028,2024-01-31,경상남도,사천시,사남면,종천리,95,55,40,95,56,39,0,1,-1
4824032029,2024-01-31,경상남도,사천시,사남면,사촌리,160,74,86,160,75,85,0,1,-1
4824032030,2024-01-31,경상남도,사천시,사남면,계양리,107,54,53,106,53,53,-1,-1,0
4824032031,2024-01-31,경상남도,사천시,사남면,가천리,70,39,31,70,39,31,0,0,0
4824033021,2024-01-31,경상남도,사천시,용현면,송지리,1560,744,816,1566,748,818,6,4,2
4824033022,2024-01-31,경상남도,사천시,용현면,선진리,434,227,207,433,226,207,-1,-1,0
4824033023,2024-01-31,경상남도,사천시,용현면,통양리,154,81,73,155,82,73,1,1,0
4824033024,2024-01-31,경상남도,사천시,용현면,신촌리,121,64,57,121,63,58,0,-1,1
4824033025,2024-01-31,경상남도,사천시,용현면,온정리,212,105,107,211,105,106,-1,0,-1
4824033026,2024-01-31,경상남도,사천시,용현면,신복리,2320,1199,1121,2322,1197,1125,2,-2,4
4824033027,2024-01-31,경상남도,사천시,용현면,석계리,121,61,60,122,62,60,1,1,0
4824033028,2024-01-31,경상남도,사천시,용현면,구월리,152,81,71,150,80,70,-2,-1,-1
4824033029,2024-01-31,경상남도,사천시,용현면,용치리,120,63,57,117,61,56,-3,-2,-1
4824033030,2024-01-31,경상남도,사천시,용현면,금문리,268,125,143,267,125,142,-1,0,-1
4824033031,2024-01-31,경상남도,사천시,용현면,주문리,166,80,86,164,79,85,-2,-1,-1
4824033032,2024-01-31,경상남도,사천시,용현면,덕곡리,1469,734,735,1465,735,730,-4,1,-5
4824034021,2024-01-31,경상남도,사천시,축동면,배춘리,664,339,325,664,341,323,0,2,-2
4824034023,2024-01-31,경상남도,사천시,축동면,사다리,170,89,81,171,89,82,1,0,1
4824034024,2024-01-31,경상남도,사천시,축동면,탑리,205,111,94,201,108,93,-4,-3,-1
4824034025,2024-01-31,경상남도,사천시,축동면,반용리,137,75,62,137,74,63,0,-1,1
4824034026,2024-01-31,경상남도,사천시,축동면,가산리,218,116,102,214,113,101,-4,-3,-1
4824034027,2024-01-31,경상남도,사천시,축동면,구호리,94,49,45,95,50,45,1,1,0
4824035021,2024-01-31,경상남도,사천시,곤양면,성내리,319,152,167,314,151,163,-5,-1,-4
4824035022,2024-01-31,경상남도,사천시,곤양면,남문외리,290,143,147,289,142,147,-1,-1,0
4824035023,2024-01-31,경상남도,사천시,곤양면,서정리,481,253,228,478,252,226,-3,-1,-2
4824035024,2024-01-31,경상남도,사천시,곤양면,송전리,326,166,160,319,163,156,-7,-3,-4
4824035025,2024-01-31,경상남도,사천시,곤양면,대진리,256,133,123,255,133,122,-1,0,-1
4824035026,2024-01-31,경상남도,사천시,곤양면,환덕리,221,113,108,229,118,111,8,5,3
4824035027,2024-01-31,경상남도,사천시,곤양면,묵곡리,210,114,96,207,113,94,-3,-1,-2
4824035028,2024-01-31,경상남도,사천시,곤양면,흥사리,151,75,76,153,75,78,2,0,2
4824035029,2024-01-31,경상남도,사천시,곤양면,가화리,51,26,25,48,25,23,-3,-1,-2
4824035030,2024-01-31,경상남도,사천시,곤양면,검정리,155,87,68,154,86,68,-1,-1,0
4824035031,2024-01-31,경상남도,사천시,곤양면,중항리,281,151,130,281,152,129,0,1,-1
4824035032,2024-01-31,경상남도,사천시,곤양면,무고리,256,132,124,255,131,124,-1,-1,0
4824035033,2024-01-31,경상남도,사천시,곤양면,맥사리,192,99,93,192,98,94,0,-1,1
4824036021,2024-01-31,경상남도,사천시,곤명면,추천리,269,139,130,268,139,129,-1,0,-1
4824036022,2024-01-31,경상남도,사천시,곤명면,용산리,71,31,40,72,32,40,1,1,0
4824036023,2024-01-31,경상남도,사천시,곤명면,조장리,106,56,50,106,57,49,0,1,-1
4824036024,2024-01-31,경상남도,사천시,곤명면,봉계리,259,121,138,258,121,137,-1,0,-1
4824036025,2024-01-31,경상남도,사천시,곤명면,초량리,115,57,58,116,58,58,1,1,0
4824036026,2024-01-31,경상남도,사천시,곤명면,삼정리,90,41,49,90,41,49,0,0,0
4824036027,2024-01-31,경상남도,사천시,곤명면,은사리,155,84,71,154,82,72,-1,-2,1
4824036028,2024-01-31,경상남도,사천시,곤명면,마곡리,115,61,54,113,60,53,-2,-1,-1
4824036029,2024-01-31,경상남도,사천시,곤명면,성방리,147,84,63,148,85,63,1,1,0
4824036030,2024-01-31,경상남도,사천시,곤명면,작팔리,91,50,41,92,51,41,1,1,0
4824036031,2024-01-31,경상남도,사천시,곤명면,송림리,96,47,49,98,48,50,2,1,1
4824036032,2024-01-31,경상남도,사천시,곤명면,정곡리,634,315,319,634,315,319,0,0,0
4824036033,2024-01-31,경상남도,사천시,곤명면,신흥리,175,95,80,175,95,80,0,0,0
4824036034,2024-01-31,경상남도,사천시,곤명면,본촌리,176,89,87,176,89,87,0,0,0
4824036035,2024-01-31,경상남도,사천시,곤명면,금성리,150,72,78,151,73,78,1,1,0
4824036036,2024-01-31,경상남도,사천시,곤명면,연평리,26,10,16,26,10,16,0,0,0
4824037021,2024-01-31,경상남도,사천시,서포면,금진리,209,103,106,213,105,108,4,2,2
4824037022,2024-01-31,경상남도,사천시,서포면,내구리,173,82,91,174,82,92,1,0,1
4824037023,2024-01-31,경상남도,사천시,서포면,외구리,269,137,132,268,136,132,-1,-1,0
4824037024,2024-01-31,경상남도,사천시,서포면,조도리,150,77,73,150,77,73,0,0,0
4824037025,2024-01-31,경상남도,사천시,서포면,구랑리,251,119,132,251,119,132,0,0,0
4824037026,2024-01-31,경상남도,사천시,서포면,자혜리,447,216,231,447,217,230,0,1,-1
4824037027,2024-01-31,경상남도,사천시,서포면,구평리,768,381,387,758,377,381,-10,-4,-6
4824037028,2024-01-31,경상남도,사천시,서포면,다평리,399,198,201,400,197,203,1,-1,2
4824037029,2024-01-31,경상남도,사천시,서포면,선전리,391,199,192,393,201,192,2,2,0
4824037030,2024-01-31,경상남도,사천시,서포면,비토리,319,154,165,317,153,164,-2,-1,-1
4825010100,2024-01-31,경상남도,김해시,동상동,동상동,9043,4624,4419,8965,4582,4383,-78,-42,-36
4825010200,2024-01-31,경상남도,김해시,서상동,서상동,1289,646,643,1287,640,647,-2,-6,4
4825010300,2024-01-31,경상남도,김해시,부원동,부원동,9210,4723,4487,9184,4710,4474,-26,-13,-13
4825010400,2024-01-31,경상남도,김해시,봉황동,봉황동,7139,3558,3581,7127,3551,3576,-12,-7,-5
4825010500,2024-01-31,경상남도,김해시,대성동,대성동,4072,2148,1924,4058,2146,1912,-14,-2,-12
4825010600,2024-01-31,경상남도,김해시,구산동,구산동,26070,12772,13298,26010,12755,13255,-60,-17,-43
4825010700,2024-01-31,경상남도,김해시,삼계동,삼계동,52079,26126,25953,52047,26103,25944,-32,-23,-9
4825010800,2024-01-31,경상남도,김해시,내동,내동,28713,14495,14218,28645,14485,14160,-68,-10,-58
4825010900,2024-01-31,경상남도,김해시,외동,외동,42630,21025,21605,42601,21007,21594,-29,-18,-11
4825011000,2024-01-31,경상남도,김해시,흥동,흥동,3526,1857,1669,3527,1857,1670,1,0,1
4825011100,2024-01-31,경상남도,김해시,풍유동,풍유동,1019,553,466,1011,549,462,-8,-4,-4
4825011200,2024-01-31,경상남도,김해시,명법동,명법동,243,128,115,242,127,115,-1,-1,0
4825011300,2024-01-31,경상남도,김해시,이동,이동,417,209,208,420,209,211,3,0,3
4825011400,2024-01-31,경상남도,김해시,화목동,화목동,1225,675,550,1230,677,553,5,2,3
4825011500,2024-01-31,경상남도,김해시,전하동,전하동,2458,1287,1171,2450,1281,1169,-8,-6,-2
4825011600,2024-01-31,경상남도,김해시,강동,강동,210,122,88,210,122,88,0,0,0
4825011700,2024-01-31,경상남도,김해시,삼정동,삼정동,16551,8398,8153,16542,8403,8139,-9,5,-14
4825011800,2024-01-31,경상남도,김해시,어방동,어방동,21121,10806,10315,21062,10776,10286,-59,-30,-29
4825011900,2024-01-31,경상남도,김해시,삼방동,삼방동,25341,13117,12224,25220,13037,12183,-121,-80,-41
4825012000,2024-01-31,경상남도,김해시,안동,안동,8003,4066,3937,8154,4115,4039,151,49,102
4825012100,2024-01-31,경상남도,김해시,지내동,지내동,6103,3066,3037,6102,3070,3032,-1,4,-5
4825012200,2024-01-31,경상남도,김해시,불암동,불암동,762,422,340,759,424,335,-3,2,-5
4825012300,2024-01-31,경상남도,김해시,유하동,유하동,241,132,109,241,132,109,0,0,0
4825012400,2024-01-31,경상남도,김해시,내덕동,내덕동,3860,2060,1800,3859,2056,1803,-1,-4,3
4825012500,2024-01-31,경상남도,김해시,부곡동,부곡동,30374,14968,15406,30381,14962,15419,7,-6,13
4825012600,2024-01-31,경상남도,김해시,무계동,무계동,12370,6080,6290,12381,6076,6305,11,-4,15
4825012700,2024-01-31,경상남도,김해시,신문동,신문동,9201,4666,4535,9513,4824,4689,312,158,154
4825012800,2024-01-31,경상남도,김해시,삼문동,삼문동,23785,11849,11936,23856,11884,11972,71,35,36
4825012900,2024-01-31,경상남도,김해시,대청동,대청동,13895,7224,6671,13930,7233,6697,35,9,26
4825013000,2024-01-31,경상남도,김해시,관동동,관동동,24966,12349,12617,24921,12339,12582,-45,-10,-35
4825013100,2024-01-31,경상남도,김해시,율하동,율하동,29195,14311,14884,29194,14312,14882,-1,1,-2
4825013200,2024-01-31,경상남도,김해시,장유동,장유동,19480,9786,9694,19585,9857,9728,105,71,34
4825013300,2024-01-31,경상남도,김해시,응달동,응달동,270,134,136,271,135,136,1,1,0
4825013400,2024-01-31,경상남도,김해시,수가동,수가동,70,35,35,70,35,35,0,0,0
4825025021,2024-01-31,경상남도,김해시,진영읍,우동리,129,67,62,127,67,60,-2,0,-2
4825025022,2024-01-31,경상남도,김해시,진영읍,하계리,156,92,64,156,92,64,0,0,0
4825025023,2024-01-31,경상남도,김해시,진영읍,방동리,217,111,106,216,112,104,-1,1,-2
4825025024,2024-01-31,경상남도,김해시,진영읍,사산리,91,49,42,89,49,40,-2,0,-2
4825025025,2024-01-31,경상남도,김해시,진영읍,좌곤리,1547,783,764,1549,785,764,2,2,0
4825025026,2024-01-31,경상남도,김해시,진영읍,진영리,35927,18394,17533,35874,18379,17495,-53,-15,-38
4825025027,2024-01-31,경상남도,김해시,진영읍,여래리,13422,6914,6508,13427,6923,6504,5,9,-4
4825025028,2024-01-31,경상남도,김해시,진영읍,본산리,763,431,332,760,426,334,-3,-5,2
4825025029,2024-01-31,경상남도,김해시,진영읍,신용리,802,417,385,806,422,384,4,5,-1
4825025030,2024-01-31,경상남도,김해시,진영읍,설창리,251,133,118,247,131,116,-4,-2,-2
4825025031,2024-01-31,경상남도,김해시,진영읍,내룡리,431,218,213,432,218,214,1,0,1
4825025032,2024-01-31,경상남도,김해시,진영읍,죽곡리,647,354,293,644,353,291,-3,-1,-2
4825025033,2024-01-31,경상남도,김해시,진영읍,의전리,172,99,73,168,98,70,-4,-1,-3
4825032021,2024-01-31,경상남도,김해시,주촌면,선지리,7048,3551,3497,7047,3561,3486,-1,10,-11
4825032022,2024-01-31,경상남도,김해시,주촌면,원지리,423,234,189,418,232,186,-5,-2,-3
4825032023,2024-01-31,경상남도,김해시,주촌면,덕암리,236,139,97,239,141,98,3,2,1
4825032024,2024-01-31,경상남도,김해시,주촌면,천곡리,10851,5482,5369,10897,5504,5393,46,22,24
4825032025,2024-01-31,경상남도,김해시,주촌면,내삼리,445,277,168,451,282,169,6,5,1
4825032026,2024-01-31,경상남도,김해시,주촌면,양동리,212,112,100,211,112,99,-1,0,-1
4825032027,2024-01-31,경상남도,김해시,주촌면,망덕리,209,131,78,212,133,79,3,2,1
4825032028,2024-01-31,경상남도,김해시,주촌면,농소리,168,93,75,168,93,75,0,0,0
4825033021,2024-01-31,경상남도,김해시,진례면,청천리,811,458,353,805,450,355,-6,-8,2
4825033022,2024-01-31,경상남도,김해시,진례면,시례리,283,162,121,287,165,122,4,3,1
4825033023,2024-01-31,경상남도,김해시,진례면,송정리,1636,876,760,1619,865,754,-17,-11,-6
4825033024,2024-01-31,경상남도,김해시,진례면,초전리,1053,554,499,1047,549,498,-6,-5,-1
4825033025,2024-01-31,경상남도,김해시,진례면,신안리,222,107,115,219,106,113,-3,-1,-2
4825033026,2024-01-31,경상남도,김해시,진례면,산본리,248,133,115,246,131,115,-2,-2,0
4825033027,2024-01-31,경상남도,김해시,진례면,신월리,240,126,114,235,123,112,-5,-3,-2
4825033028,2024-01-31,경상남도,김해시,진례면,송현리,502,290,212,506,294,212,4,4,0
4825033029,2024-01-31,경상남도,김해시,진례면,담안리,585,331,254,583,328,255,-2,-3,1
4825033030,2024-01-31,경상남도,김해시,진례면,고모리,403,235,168,404,233,171,1,-2,3
4825034021,2024-01-31,경상남도,김해시,한림면,명동리,689,376,313,678,374,304,-11,-2,-9
4825034022,2024-01-31,경상남도,김해시,한림면,퇴래리,437,252,185,436,252,184,-1,0,-1
4825034023,2024-01-31,경상남도,김해시,한림면,병동리,343,194,149,341,193,148,-2,-1,-1
4825034024,2024-01-31,경상남도,김해시,한림면,신천리,705,404,301,709,405,304,4,1,3
4825034025,2024-01-31,경상남도,김해시,한림면,용덕리,455,252,203,452,250,202,-3,-2,-1
4825034026,2024-01-31,경상남도,김해시,한림면,안곡리,233,144,89,234,145,89,1,1,0
4825034027,2024-01-31,경상남도,김해시,한림면,안하리,482,293,189,480,293,187,-2,0,-2
4825034028,2024-01-31,경상남도,김해시,한림면,장방리,1863,1002,861,1862,1002,860,-1,0,-1
4825034029,2024-01-31,경상남도,김해시,한림면,시산리,550,271,279,549,271,278,-1,0,-1
4825034030,2024-01-31,경상남도,김해시,한림면,가동리,268,135,133,269,137,132,1,2,-1
4825034031,2024-01-31,경상남도,김해시,한림면,가산리,291,155,136,288,153,135,-3,-2,-1
4825034032,2024-01-31,경상남도,김해시,한림면,금곡리,476,228,248,474,228,246,-2,0,-2
4825035021,2024-01-31,경상남도,김해시,생림면,나전리,557,321,236,558,322,236,1,1,0
4825035022,2024-01-31,경상남도,김해시,생림면,사촌리,360,205,155,359,205,154,-1,0,-1
4825035023,2024-01-31,경상남도,김해시,생림면,봉림리,697,374,323,699,373,326,2,-1,3
4825035024,2024-01-31,경상남도,김해시,생림면,생림리,223,113,110,222,111,111,-1,-2,1
4825035025,2024-01-31,경상남도,김해시,생림면,마사리,586,296,290,584,295,289,-2,-1,-1
4825035026,2024-01-31,경상남도,김해시,생림면,생철리,614,322,292,611,319,292,-3,-3,0
4825035027,2024-01-31,경상남도,김해시,생림면,안양리,395,215,180,395,214,181,0,-1,1
4825035028,2024-01-31,경상남도,김해시,생림면,도요리,128,56,72,130,57,73,2,1,1
4825036021,2024-01-31,경상남도,김해시,상동면,대감리,846,469,377,847,469,378,1,0,1
4825036022,2024-01-31,경상남도,김해시,상동면,매리,554,325,229,560,328,232,6,3,3
4825036023,2024-01-31,경상남도,김해시,상동면,감노리,219,116,103,220,118,102,1,2,-1
4825036024,2024-01-31,경상남도,김해시,상동면,여차리,494,279,215,493,278,215,-1,-1,0
4825036025,2024-01-31,경상남도,김해시,상동면,우계리,454,247,207,457,248,209,3,1,2
4825036026,2024-01-31,경상남도,김해시,상동면,묵방리,421,222,199,415,217,198,-6,-5,-1
4825037021,2024-01-31,경상남도,김해시,대동면,수안리,206,109,97,206,109,97,0,0,0
4825037022,2024-01-31,경상남도,김해시,대동면,주중리,344,180,164,349,183,166,5,3,2
4825037023,2024-01-31,경상남도,김해시,대동면,주동리,378,197,181,378,199,179,0,2,-2
4825037024,2024-01-31,경상남도,김해시,대동면,예안리,924,478,446,921,479,442,-3,1,-4
4825037025,2024-01-31,경상남도,김해시,대동면,초정리,1505,767,738,1491,761,730,-14,-6,-8
4825037026,2024-01-31,경상남도,김해시,대동면,괴정리,323,171,152,325,172,153,2,1,1
4825037027,2024-01-31,경상남도,김해시,대동면,대감리,433,229,204,434,231,203,1,2,-1
4825037028,2024-01-31,경상남도,김해시,대동면,덕산리,419,219,200,419,220,199,0,1,-1
4825037029,2024-01-31,경상남도,김해시,대동면,월촌리,263,137,126,260,135,125,-3,-2,-1
4825037030,2024-01-31,경상남도,김해시,대동면,조눌리,463,232,231,461,232,229,-2,0,-2
4827010100,2024-01-31,경상남도,밀양시,내일동,내일동,1968,956,1012,1942,938,1004,-26,-18,-8
4827010200,2024-01-31,경상남도,밀양시,내이동,내이동,15854,7929,7925,15783,7895,7888,-71,-34,-37
4827010300,2024-01-31,경상남도,밀양시,교동,교동,5377,2606,2771,5346,2591,2755,-31,-15,-16
4827010400,2024-01-31,경상남도,밀양시,삼문동,삼문동,21220,10150,11070,21155,10124,11031,-65,-26,-39
4827010500,2024-01-31,경상남도,밀양시,남포동,남포동,84,36,48,84,36,48,0,0,0
4827010600,2024-01-31,경상남도,밀양시,용평동,용평동,430,209,221,424,207,217,-6,-2,-4
4827010700,2024-01-31,경상남도,밀양시,활성동,활성동,188,101,87,187,99,88,-1,-2,1
4827010800,2024-01-31,경상남도,밀양시,가곡동,가곡동,7407,3496,3911,7396,3491,3905,-11,-5,-6
4827025021,2024-01-31,경상남도,밀양시,삼랑진읍,송지리,1695,811,884,1690,809,881,-5,-2,-3
4827025022,2024-01-31,경상남도,밀양시,삼랑진읍,용전리,201,104,97,202,105,97,1,1,0
4827025023,2024-01-31,경상남도,밀양시,삼랑진읍,미전리,609,349,260,608,348,260,-1,-1,0
4827025024,2024-01-31,경상남도,밀양시,삼랑진읍,삼랑리,467,223,244,471,227,244,4,4,0
4827025025,2024-01-31,경상남도,밀양시,삼랑진읍,율동리,355,160,195,354,159,195,-1,-1,0
4827025026,2024-01-31,경상남도,밀양시,삼랑진읍,우곡리,356,171,185,353,170,183,-3,-1,-2
4827025027,2024-01-31,경상남도,밀양시,삼랑진읍,검세리,627,307,320,634,312,322,7,5,2
4827025028,2024-01-31,경상남도,밀양시,삼랑진읍,안태리,278,152,126,277,151,126,-1,-1,0
4827025029,2024-01-31,경상남도,밀양시,삼랑진읍,행곡리,445,227,218,439,225,214,-6,-2,-4
4827025030,2024-01-31,경상남도,밀양시,삼랑진읍,임천리,397,199,198,397,202,195,0,3,-3
4827025031,2024-01-31,경상남도,밀양시,삼랑진읍,숭진리,312,161,151,308,160,148,-4,-1,-3
4827025032,2024-01-31,경상남도,밀양시,삼랑진읍,청학리,205,95,110,201,94,107,-4,-1,-3
4827025033,2024-01-31,경상남도,밀양시,삼랑진읍,용성리,335,173,162,329,170,159,-6,-3,-3
4827025321,2024-01-31,경상남도,밀양시,하남읍,수산리,3451,1742,1709,3431,1731,1700,-20,-11,-9
4827025322,2024-01-31,경상남도,밀양시,하남읍,명례리,721,366,355,721,366,355,0,0,0
4827025323,2024-01-31,경상남도,밀양시,하남읍,백산리,674,328,346,674,329,345,0,1,-1
4827025324,2024-01-31,경상남도,밀양시,하남읍,파서리,365,179,186,367,180,187,2,1,1
4827025325,2024-01-31,경상남도,밀양시,하남읍,남전리,290,140,150,294,140,154,4,0,4
4827025326,2024-01-31,경상남도,밀양시,하남읍,대사리,260,124,136,263,125,138,3,1,2
4827025327,2024-01-31,경상남도,밀양시,하남읍,양동리,816,426,390,834,432,402,18,6,12
4827025328,2024-01-31,경상남도,밀양시,하남읍,귀명리,155,79,76,155,79,76,0,0,0
4827031021,2024-01-31,경상남도,밀양시,부북면,운전리,506,282,224,500,281,219,-6,-1,-5
4827031022,2024-01-31,경상남도,밀양시,부북면,전사포리,575,319,256,734,401,333,159,82,77
4827031023,2024-01-31,경상남도,밀양시,부북면,후사포리,260,146,114,257,142,115,-3,-4,1
4827031024,2024-01-31,경상남도,밀양시,부북면,제대리,272,145,127,270,146,124,-2,1,-3
4827031025,2024-01-31,경상남도,밀양시,부북면,감천리,147,68,79,141,65,76,-6,-3,-3
4827031026,2024-01-31,경상남도,밀양시,부북면,오례리,122,64,58,119,61,58,-3,-3,0
4827031027,2024-01-31,경상남도,밀양시,부북면,덕곡리,328,166,162,324,165,159,-4,-1,-3
4827031028,2024-01-31,경상남도,밀양시,부북면,청운리,294,142,152,291,140,151,-3,-2,-1
4827031029,2024-01-31,경상남도,밀양시,부북면,가산리,160,75,85,158,75,83,-2,0,-2
4827031030,2024-01-31,경상남도,밀양시,부북면,대항리,367,187,180,372,190,182,5,3,2
4827031031,2024-01-31,경상남도,밀양시,부북면,퇴로리,278,147,131,276,146,130,-2,-1,-1
4827031032,2024-01-31,경상남도,밀양시,부북면,월산리,194,99,95,193,98,95,-1,-1,0
4827031033,2024-01-31,경상남도,밀양시,부북면,위양리,326,157,169,329,158,171,3,1,2
4827031034,2024-01-31,경상남도,밀양시,부북면,무연리,229,125,104,230,124,106,1,-1,2
4827031035,2024-01-31,경상남도,밀양시,부북면,춘화리,498,264,234,495,262,233,-3,-2,-1
4827031036,2024-01-31,경상남도,밀양시,부북면,용지리,449,229,220,445,228,217,-4,-1,-3
4827032021,2024-01-31,경상남도,밀양시,상동면,금산리,662,311,351,667,315,352,5,4,1
4827032022,2024-01-31,경상남도,밀양시,상동면,가곡리,400,187,213,401,188,213,1,1,0
4827032023,2024-01-31,경상남도,밀양시,상동면,안인리,739,343,396,733,343,390,-6,0,-6
4827032024,2024-01-31,경상남도,밀양시,상동면,옥산리,321,147,174,315,143,172,-6,-4,-2
4827032025,2024-01-31,경상남도,밀양시,상동면,고정리,417,203,214,417,204,213,0,1,-1
4827032026,2024-01-31,경상남도,밀양시,상동면,도곡리,138,68,70,138,68,70,0,0,0
4827032027,2024-01-31,경상남도,밀양시,상동면,매화리,152,79,73,151,78,73,-1,-1,0
4827032028,2024-01-31,경상남도,밀양시,상동면,신곡리,240,121,119,241,122,119,1,1,0
4827033021,2024-01-31,경상남도,밀양시,산외면,다죽리,550,273,277,547,270,277,-3,-3,0
4827033022,2024-01-31,경상남도,밀양시,산외면,금곡리,420,202,218,422,203,219,2,1,1
4827033023,2024-01-31,경상남도,밀양시,산외면,희곡리,412,209,203,406,208,198,-6,-1,-5
4827033024,2024-01-31,경상남도,밀양시,산외면,금천리,467,245,222,464,244,220,-3,-1,-2
4827033025,2024-01-31,경상남도,밀양시,산외면,남기리,523,268,255,521,265,256,-2,-3,1
4827033026,2024-01-31,경상남도,밀양시,산외면,엄광리,421,225,196,416,223,193,-5,-2,-3
4827034021,2024-01-31,경상남도,밀양시,산내면,송백리,656,350,306,656,351,305,0,1,-1
4827034022,2024-01-31,경상남도,밀양시,산내면,봉의리,307,145,162,309,146,163,2,1,1
4827034023,2024-01-31,경상남도,밀양시,산내면,용전리,365,193,172,369,195,174,4,2,2
4827034024,2024-01-31,경상남도,밀양시,산내면,임고리,544,284,260,544,284,260,0,0,0
4827034025,2024-01-31,경상남도,밀양시,산내면,가인리,518,266,252,514,263,251,-4,-3,-1
4827034026,2024-01-31,경상남도,밀양시,산내면,원서리,282,140,142,280,140,140,-2,0,-2
4827034027,2024-01-31,경상남도,밀양시,산내면,삼양리,479,243,236,487,249,238,8,6,2
4827034028,2024-01-31,경상남도,밀양시,산내면,남명리,596,303,293,589,300,289,-7,-3,-4
4827035021,2024-01-31,경상남도,밀양시,단장면,태룡리,444,212,232,443,210,233,-1,-2,1
4827035022,2024-01-31,경상남도,밀양시,단장면,단장리,377,194,183,377,193,184,0,-1,1
4827035023,2024-01-31,경상남도,밀양시,단장면,미촌리,284,141,143,284,140,144,0,-1,1
4827035024,2024-01-31,경상남도,밀양시,단장면,안법리,246,115,131,247,116,131,1,1,0
4827035025,2024-01-31,경상남도,밀양시,단장면,법흥리,254,124,130,253,126,127,-1,2,-3
4827035026,2024-01-31,경상남도,밀양시,단장면,감물리,324,152,172,323,152,171,-1,0,-1
4827035027,2024-01-31,경상남도,밀양시,단장면,국전리,210,107,103,216,110,106,6,3,3
4827035028,2024-01-31,경상남도,밀양시,단장면,무릉리,271,138,133,274,140,134,3,2,1
4827035029,2024-01-31,경상남도,밀양시,단장면,사연리,453,221,232,458,224,234,5,3,2
4827035030,2024-01-31,경상남도,밀양시,단장면,범도리,382,193,189,379,192,187,-3,-1,-2
4827035031,2024-01-31,경상남도,밀양시,단장면,고례리,368,191,177,369,191,178,1,0,1
4827035032,2024-01-31,경상남도,밀양시,단장면,구천리,635,311,324,640,314,326,5,3,2
4827036021,2024-01-31,경상남도,밀양시,상남면,기산리,1047,536,511,1042,536,506,-5,0,-5
4827036022,2024-01-31,경상남도,밀양시,상남면,예림리,3881,1907,1974,3883,1907,1976,2,0,2
4827036023,2024-01-31,경상남도,밀양시,상남면,연금리,642,326,316,644,328,316,2,2,0
4827036024,2024-01-31,경상남도,밀양시,상남면,평촌리,651,319,332,640,313,327,-11,-6,-5
4827036025,2024-01-31,경상남도,밀양시,상남면,마산리,378,196,182,376,195,181,-2,-1,-1
4827036026,2024-01-31,경상남도,밀양시,상남면,동산리,520,272,248,518,271,247,-2,-1,-1
4827036027,2024-01-31,경상남도,밀양시,상남면,조음리,195,95,100,196,96,100,1,1,0
4827036028,2024-01-31,경상남도,밀양시,상남면,남산리,195,104,91,195,105,90,0,1,-1
4827036029,2024-01-31,경상남도,밀양시,상남면,외산리,365,187,178,364,186,178,-1,-1,0
4827037021,2024-01-31,경상남도,밀양시,초동면,오방리,138,64,74,137,63,74,-1,-1,0
4827037022,2024-01-31,경상남도,밀양시,초동면,범평리,188,94,94,191,95,96,3,1,2
4827037023,2024-01-31,경상남도,밀양시,초동면,명성리,383,199,184,387,202,185,4,3,1
4827037024,2024-01-31,경상남도,밀양시,초동면,대곡리,275,134,141,277,135,142,2,1,1
4827037025,2024-01-31,경상남도,밀양시,초동면,반월리,212,97,115,216,100,116,4,3,1
4827037026,2024-01-31,경상남도,밀양시,초동면,검암리,435,233,202,440,236,204,5,3,2
4827037027,2024-01-31,경상남도,밀양시,초동면,금포리,217,122,95,216,121,95,-1,-1,0
4827037028,2024-01-31,경상남도,밀양시,초동면,성만리,348,172,176,346,171,175,-2,-1,-1
4827037029,2024-01-31,경상남도,밀양시,초동면,신호리,190,93,97,188,92,96,-2,-1,-1
4827037030,2024-01-31,경상남도,밀양시,초동면,신월리,182,88,94,178,86,92,-4,-2,-2
4827037031,2024-01-31,경상남도,밀양시,초동면,덕산리,380,184,196,371,180,191,-9,-4,-5
4827037032,2024-01-31,경상남도,밀양시,초동면,봉황리,361,181,180,362,182,180,1,1,0
4827038021,2024-01-31,경상남도,밀양시,무안면,무안리,1048,506,542,1051,510,541,3,4,-1
4827038022,2024-01-31,경상남도,밀양시,무안면,신법리,255,165,90,250,160,90,-5,-5,0
4827038023,2024-01-31,경상남도,밀양시,무안면,삼태리,163,80,83,162,79,83,-1,-1,0
4827038024,2024-01-31,경상남도,밀양시,무안면,화봉리,218,105,113,219,106,113,1,1,0
4827038025,2024-01-31,경상남도,밀양시,무안면,죽월리,206,97,109,203,96,107,-3,-1,-2
4827038026,2024-01-31,경상남도,밀양시,무안면,양효리,147,75,72,147,75,72,0,0,0
4827038027,2024-01-31,경상남도,밀양시,무안면,내진리,127,63,64,127,63,64,0,0,0
4827038028,2024-01-31,경상남도,밀양시,무안면,동산리,205,97,108,204,95,109,-1,-2,1
4827038029,2024-01-31,경상남도,밀양시,무안면,판곡리,142,71,71,141,70,71,-1,-1,0
4827038030,2024-01-31,경상남도,밀양시,무안면,운정리,194,97,97,195,98,97,1,1,0
4827038031,2024-01-31,경상남도,밀양시,무안면,마흘리,428,212,216,428,214,214,0,2,-2
4827038032,2024-01-31,경상남도,밀양시,무안면,정곡리,169,79,90,169,80,89,0,1,-1
4827038033,2024-01-31,경상남도,밀양시,무안면,연상리,276,142,134,277,141,136,1,-1,2
4827038034,2024-01-31,경상남도,밀양시,무안면,성덕리,210,110,100,209,110,99,-1,0,-1
4827038035,2024-01-31,경상남도,밀양시,무안면,모로리,87,37,50,86,37,49,-1,0,-1
4827038036,2024-01-31,경상남도,밀양시,무안면,덕암리,213,104,109,214,104,110,1,0,1
4827038037,2024-01-31,경상남도,밀양시,무안면,중산리,200,108,92,200,108,92,0,0,0
4827038038,2024-01-31,경상남도,밀양시,무안면,웅동리,179,93,86,178,92,86,-1,-1,0
4827038039,2024-01-31,경상남도,밀양시,무안면,가례리,184,89,95,181,88,93,-3,-1,-2
4827038040,2024-01-31,경상남도,밀양시,무안면,고라리,133,60,73,135,62,73,2,2,0
4827039021,2024-01-31,경상남도,밀양시,청도면,구기리,357,173,184,359,174,185,2,1,1
4827039022,2024-01-31,경상남도,밀양시,청도면,소태리,196,98,98,197,99,98,1,1,0
4827039023,2024-01-31,경상남도,밀양시,청도면,두곡리,248,127,121,245,126,119,-3,-1,-2
4827039024,2024-01-31,경상남도,밀양시,청도면,조천리,111,46,65,111,46,65,0,0,0
4827039025,2024-01-31,경상남도,밀양시,청도면,인산리,261,127,134,261,129,132,0,2,-2
4827039026,2024-01-31,경상남도,밀양시,청도면,고법리,248,125,123,246,123,123,-2,-2,0
4827039027,2024-01-31,경상남도,밀양시,청도면,요고리,292,149,143,291,149,142,-1,0,-1
4831010100,2024-01-31,경상남도,거제시,능포동,능포동,8718,4748,3970,8695,4735,3960,-23,-13,-10
4831010200,2024-01-31,경상남도,거제시,장승포동,장승포동,5104,2743,2361,5083,2735,2348,-21,-8,-13
4831010300,2024-01-31,경상남도,거제시,두모동,두모동,331,228,103,336,230,106,5,2,3
4831010400,2024-01-31,경상남도,거제시,아양동,아양동,55,46,9,55,46,9,0,0,0
4831010500,2024-01-31,경상남도,거제시,아주동,아주동,25888,13933,11955,25745,13862,11883,-143,-71,-72
4831010600,2024-01-31,경상남도,거제시,옥포동,옥포동,29744,15616,14128,29726,15625,14101,-18,9,-27
4831010700,2024-01-31,경상남도,거제시,덕포동,덕포동,1761,913,848,1770,914,856,9,1,8
4831010800,2024-01-31,경상남도,거제시,장평동,장평동,20561,11606,8955,20438,11542,8896,-123,-64,-59
4831010900,2024-01-31,경상남도,거제시,고현동,고현동,35031,17940,17091,35544,18201,17343,513,261,252
4831011000,2024-01-31,경상남도,거제시,상동동,상동동,26141,13221,12920,26054,13174,12880,-87,-47,-40
4831011100,2024-01-31,경상남도,거제시,문동동,문동동,6529,3325,3204,6525,3314,3211,-4,-11,7
4831011200,2024-01-31,경상남도,거제시,삼거동,삼거동,252,127,125,253,127,126,1,0,1
4831011300,2024-01-31,경상남도,거제시,양정동,양정동,14329,7312,7017,14293,7306,6987,-36,-6,-30
4831011400,2024-01-31,경상남도,거제시,수월동,수월동,8400,4243,4157,8384,4238,4146,-16,-5,-11
4831031021,2024-01-31,경상남도,거제시,일운면,망치리,478,239,239,472,236,236,-6,-3,-3
4831031022,2024-01-31,경상남도,거제시,일운면,구조라리,459,232,227,457,232,225,-2,0,-2
4831031023,2024-01-31,경상남도,거제시,일운면,와현리,344,184,160,346,186,160,2,2,0
4831031024,2024-01-31,경상남도,거제시,일운면,지세포리,2929,1474,1455,2936,1486,1450,7,12,-5
4831031025,2024-01-31,경상남도,거제시,일운면,소동리,3512,1776,1736,3493,1766,1727,-19,-10,-9
4831031026,2024-01-31,경상남도,거제시,일운면,옥림리,316,184,132,312,180,132,-4,-4,0
4831032021,2024-01-31,경상남도,거제시,동부면,산촌리,212,116,96,209,112,97,-3,-4,1
4831032022,2024-01-31,경상남도,거제시,동부면,산양리,648,328,320,651,334,317,3,6,-3
4831032023,2024-01-31,경상남도,거제시,동부면,구천리,328,165,163,326,164,162,-2,-1,-1
4831032024,2024-01-31,경상남도,거제시,동부면,부춘리,306,163,143,304,162,142,-2,-1,-1
4831032025,2024-01-31,경상남도,거제시,동부면,오송리,397,219,178,396,220,176,-1,1,-2
4831032026,2024-01-31,경상남도,거제시,동부면,가배리,424,224,200,420,221,199,-4,-3,-1
4831032027,2024-01-31,경상남도,거제시,동부면,율포리,230,112,118,229,112,117,-1,0,-1
4831032028,2024-01-31,경상남도,거제시,동부면,학동리,390,206,184,389,207,182,-1,1,-2
4831033021,2024-01-31,경상남도,거제시,남부면,탑포리,229,119,110,232,121,111,3,2,1
4831033022,2024-01-31,경상남도,거제시,남부면,저구리,539,266,273,542,269,273,3,3,0
4831033023,2024-01-31,경상남도,거제시,남부면,다포리,197,105,92,198,105,93,1,0,1
4831033024,2024-01-31,경상남도,거제시,남부면,다대리,232,116,116,232,115,117,0,-1,1
4831033025,2024-01-31,경상남도,거제시,남부면,갈곶리,293,150,143,293,151,142,0,1,-1
4831034021,2024-01-31,경상남도,거제시,거제면,법동리,385,199,186,381,198,183,-4,-1,-3
4831034023,2024-01-31,경상남도,거제시,거제면,내간리,414,206,208,409,203,206,-5,-3,-2
4831034024,2024-01-31,경상남도,거제시,거제면,외간리,313,148,165,313,147,166,0,-1,1
4831034025,2024-01-31,경상남도,거제시,거제면,옥산리,2357,1172,1185,2332,1159,1173,-25,-13,-12
4831034026,2024-01-31,경상남도,거제시,거제면,서정리,1358,667,691,1355,660,695,-3,-7,4
4831034027,2024-01-31,경상남도,거제시,거제면,서상리,336,159,177,334,158,176,-2,-1,-1
4831034028,2024-01-31,경상남도,거제시,거제면,남동리,350,175,175,352,174,178,2,-1,3
4831034029,2024-01-31,경상남도,거제시,거제면,동상리,610,311,299,600,306,294,-10,-5,-5
4831034030,2024-01-31,경상남도,거제시,거제면,오수리,501,258,243,504,260,244,3,2,1
4831034031,2024-01-31,경상남도,거제시,거제면,명진리,196,100,96,196,101,95,0,1,-1
4831034032,2024-01-31,경상남도,거제시,거제면,소랑리,210,102,108,206,101,105,-4,-1,-3
4831035021,2024-01-31,경상남도,거제시,둔덕면,상둔리,259,133,126,253,129,124,-6,-4,-2
4831035022,2024-01-31,경상남도,거제시,둔덕면,시목리,177,87,90,174,84,90,-3,-3,0
4831035023,2024-01-31,경상남도,거제시,둔덕면,거림리,321,163,158,322,164,158,1,1,0
4831035024,2024-01-31,경상남도,거제시,둔덕면,산방리,101,52,49,102,52,50,1,0,1
4831035025,2024-01-31,경상남도,거제시,둔덕면,방하리,160,78,82,158,77,81,-2,-1,-1
4831035026,2024-01-31,경상남도,거제시,둔덕면,하둔리,377,191,186,375,189,186,-2,-2,0
4831035027,2024-01-31,경상남도,거제시,둔덕면,어구리,129,70,59,130,71,59,1,1,0
4831035028,2024-01-31,경상남도,거제시,둔덕면,술역리,658,362,296,653,360,293,-5,-2,-3
4831035029,2024-01-31,경상남도,거제시,둔덕면,학산리,555,269,286,549,267,282,-6,-2,-4
4831036021,2024-01-31,경상남도,거제시,사등면,사곡리,6462,3305,3157,6436,3296,3140,-26,-9,-17
4831036022,2024-01-31,경상남도,거제시,사등면,사등리,834,437,397,831,435,396,-3,-2,-1
4831036023,2024-01-31,경상남도,거제시,사등면,성포리,1012,518,494,1012,517,495,0,-1,1
4831036024,2024-01-31,경상남도,거제시,사등면,지석리,817,463,354,808,457,351,-9,-6,-3
4831036025,2024-01-31,경상남도,거제시,사등면,청곡리,320,165,155,319,164,155,-1,-1,0
4831036026,2024-01-31,경상남도,거제시,사등면,오량리,483,253,230,479,253,226,-4,0,-4
4831036027,2024-01-31,경상남도,거제시,사등면,덕호리,1256,659,597,1262,664,598,6,5,1
4831036028,2024-01-31,경상남도,거제시,사등면,창호리,1046,530,516,1050,532,518,4,2,2
4831037021,2024-01-31,경상남도,거제시,연초면,한내리,1082,593,489,1112,605,507,30,12,18
4831037022,2024-01-31,경상남도,거제시,연초면,오비리,2169,1233,936,2154,1223,931,-15,-10,-5
4831037023,2024-01-31,경상남도,거제시,연초면,연사리,1096,605,491,1097,606,491,1,1,0
4831037024,2024-01-31,경상남도,거제시,연초면,죽토리,2554,1410,1144,2544,1399,1145,-10,-11,1
4831037025,2024-01-31,경상남도,거제시,연초면,다공리,322,167,155,321,165,156,-1,-2,1
4831037026,2024-01-31,경상남도,거제시,연초면,덕치리,105,55,50,105,55,50,0,0,0
4831037027,2024-01-31,경상남도,거제시,연초면,명동리,157,82,75,160,84,76,3,2,1
4831037028,2024-01-31,경상남도,거제시,연초면,이목리,53,32,21,52,31,21,-1,-1,0
4831037029,2024-01-31,경상남도,거제시,연초면,천곡리,117,64,53,116,64,52,-1,0,-1
4831037030,2024-01-31,경상남도,거제시,연초면,송정리,575,312,263,575,311,264,0,-1,1
4831038021,2024-01-31,경상남도,거제시,하청면,석포리,241,136,105,240,136,104,-1,0,-1
4831038022,2024-01-31,경상남도,거제시,하청면,덕곡리,276,144,132,275,145,130,-1,1,-2
4831038023,2024-01-31,경상남도,거제시,하청면,유계리,440,221,219,444,223,221,4,2,2
4831038024,2024-01-31,경상남도,거제시,하청면,하청리,1974,1034,940,1938,1014,924,-36,-20,-16
4831038025,2024-01-31,경상남도,거제시,하청면,실전리,350,171,179,355,174,181,5,3,2
4831038026,2024-01-31,경상남도,거제시,하청면,어온리,320,171,149,322,170,152,2,-1,3
4831038027,2024-01-31,경상남도,거제시,하청면,대곡리,301,162,139,298,162,136,-3,0,-3
4831038028,2024-01-31,경상남도,거제시,하청면,연구리,397,195,202,395,195,200,-2,0,-2
4831039021,2024-01-31,경상남도,거제시,장목면,구영리,368,185,183,370,186,184,2,1,1
4831039022,2024-01-31,경상남도,거제시,장목면,유호리,222,123,99,223,124,99,1,1,0
4831039023,2024-01-31,경상남도,거제시,장목면,농소리,196,108,88,195,107,88,-1,-1,0
4831039024,2024-01-31,경상남도,거제시,장목면,송진포리,379,195,184,378,196,182,-1,1,-2
4831039025,2024-01-31,경상남도,거제시,장목면,관포리,358,185,173,355,183,172,-3,-2,-1
4831039026,2024-01-31,경상남도,거제시,장목면,장목리,967,487,480,956,482,474,-11,-5,-6
4831039027,2024-01-31,경상남도,거제시,장목면,율천리,214,107,107,212,104,108,-2,-3,1
4831039028,2024-01-31,경상남도,거제시,장목면,대금리,195,95,100,196,96,100,1,1,0
4831039029,2024-01-31,경상남도,거제시,장목면,외포리,994,505,489,994,506,488,0,1,-1
4831039030,2024-01-31,경상남도,거제시,장목면,시방리,312,154,158,315,156,159,3,2,1
4833010100,2024-01-31,경상남도,양산시,다방동,다방동,406,211,195,405,210,195,-1,-1,0
4833010200,2024-01-31,경상남도,양산시,남부동,남부동,20432,9949,10483,20415,9952,10463,-17,3,-20
4833010300,2024-01-31,경상남도,양산시,중부동,중부동,15485,7544,7941,15419,7505,7914,-66,-39,-27
4833010400,2024-01-31,경상남도,양산시,북부동,북부동,5470,2851,2619,5429,2839,2590,-41,-12,-29
4833010500,2024-01-31,경상남도,양산시,명곡동,명곡동,247,151,96,241,147,94,-6,-4,-2
4833010600,2024-01-31,경상남도,양산시,신기동,신기동,10781,5576,5205,10771,5570,5201,-10,-6,-4
4833010700,2024-01-31,경상남도,양산시,북정동,북정동,9681,5228,4453,9670,5214,4456,-11,-14,3
4833010800,2024-01-31,경상남도,양산시,산막동,산막동,113,76,37,111,74,37,-2,-2,0
4833010900,2024-01-31,경상남도,양산시,호계동,호계동,98,37,61,96,36,60,-2,-1,-1
4833011000,2024-01-31,경상남도,양산시,교동,교동,5367,2605,2762,5381,2604,2777,14,-1,15
4833011100,2024-01-31,경상남도,양산시,유산동,유산동,22,17,5,20,16,4,-2,-1,-1
4833011200,2024-01-31,경상남도,양산시,어곡동,어곡동,3203,1678,1525,3203,1679,1524,0,1,-1
4833011300,2024-01-31,경상남도,양산시,용당동,용당동,756,408,348,759,410,349,3,2,1
4833011400,2024-01-31,경상남도,양산시,삼호동,삼호동,18683,9826,8857,18644,9795,8849,-39,-31,-8
4833011500,2024-01-31,경상남도,양산시,명동,명동,8096,4123,3973,8096,4117,3979,0,-6,6
4833011600,2024-01-31,경상남도,양산시,주남동,주남동,2411,1234,1177,2413,1234,1179,2,0,2
4833011700,2024-01-31,경상남도,양산시,소주동,소주동,11712,5738,5974,11665,5710,5955,-47,-28,-19
4833011800,2024-01-31,경상남도,양산시,주진동,주진동,5533,2825,2708,5517,2824,2693,-16,-1,-15
4833011900,2024-01-31,경상남도,양산시,평산동,평산동,29632,14398,15234,29606,14390,15216,-26,-8,-18
4833012000,2024-01-31,경상남도,양산시,덕계동,덕계동,17824,8768,9056,17845,8785,9060,21,17,4
4833012100,2024-01-31,경상남도,양산시,매곡동,매곡동,266,140,126,265,139,126,-1,-1,0
4833025321,2024-01-31,경상남도,양산시,물금읍,물금리,9059,4440,4619,9042,4431,4611,-17,-9,-8
4833025322,2024-01-31,경상남도,양산시,물금읍,증산리,1481,735,746,1482,741,741,1,6,-5
4833025323,2024-01-31,경상남도,양산시,물금읍,가촌리,52894,26054,26840,52832,26033,26799,-62,-21,-41
4833025324,2024-01-31,경상남도,양산시,물금읍,범어리,56308,27910,28398,56319,27923,28396,11,13,-2
4833031021,2024-01-31,경상남도,양산시,동면,개곡리,143,79,64,143,79,64,0,0,0
4833031022,2024-01-31,경상남도,양산시,동면,법기리,353,177,176,351,175,176,-2,-2,0
4833031023,2024-01-31,경상남도,양산시,동면,여락리,424,217,207,423,216,207,-1,-1,0
4833031024,2024-01-31,경상남도,양산시,동면,사송리,5806,2969,2837,6233,3193,3040,427,224,203
4833031025,2024-01-31,경상남도,양산시,동면,내송리,7027,3456,3571,7215,3556,3659,188,100,88
4833031026,2024-01-31,경상남도,양산시,동면,석산리,26112,13084,13028,26101,13092,13009,-11,8,-19
4833031027,2024-01-31,경상남도,양산시,동면,금산리,6186,3251,2935,6202,3258,2944,16,7,9
4833031028,2024-01-31,경상남도,양산시,동면,가산리,206,121,85,208,121,87,2,0,2
4833032021,2024-01-31,경상남도,양산시,원동면,원리,488,233,255,486,231,255,-2,-2,0
4833032022,2024-01-31,경상남도,양산시,원동면,용당리,256,121,135,251,119,132,-5,-2,-3
4833032023,2024-01-31,경상남도,양산시,원동면,내포리,310,166,144,310,165,145,0,-1,1
4833032024,2024-01-31,경상남도,양산시,원동면,영포리,276,132,144,271,131,140,-5,-1,-4
4833032025,2024-01-31,경상남도,양산시,원동면,대리,277,149,128,272,146,126,-5,-3,-2
4833032026,2024-01-31,경상남도,양산시,원동면,선리,403,214,189,401,213,188,-2,-1,-1
4833032027,2024-01-31,경상남도,양산시,원동면,서룡리,378,192,186,373,188,185,-5,-4,-1
4833032028,2024-01-31,경상남도,양산시,원동면,화제리,903,468,435,898,467,431,-5,-1,-4
4833033021,2024-01-31,경상남도,양산시,상북면,석계리,5193,2608,2585,5172,2599,2573,-21,-9,-12
4833033022,2024-01-31,경상남도,양산시,상북면,대석리,2849,1432,1417,2837,1429,1408,-12,-3,-9
4833033023,2024-01-31,경상남도,양산시,상북면,소토리,2173,1108,1065,2172,1105,1067,-1,-3,2
4833033024,2024-01-31,경상남도,양산시,상북면,소석리,248,132,116,249,130,119,1,-2,3
4833033025,2024-01-31,경상남도,양산시,상북면,상삼리,280,148,132,282,148,134,2,0,2
4833033026,2024-01-31,경상남도,양산시,상북면,좌삼리,228,120,108,228,121,107,0,1,-1
4833033027,2024-01-31,경상남도,양산시,상북면,내석리,362,201,161,362,202,160,0,1,-1
4833033028,2024-01-31,경상남도,양산시,상북면,외석리,352,193,159,349,191,158,-3,-2,-1
4833033029,2024-01-31,경상남도,양산시,상북면,신전리,248,137,111,251,137,114,3,0,3
4833034021,2024-01-31,경상남도,양산시,하북면,순지리,3392,1694,1698,3381,1690,1691,-11,-4,-7
4833034022,2024-01-31,경상남도,양산시,하북면,지산리,1045,584,461,1052,590,462,7,6,1
4833034023,2024-01-31,경상남도,양산시,하북면,초산리,780,371,409,780,370,410,0,-1,1
4833034024,2024-01-31,경상남도,양산시,하북면,답곡리,183,104,79,188,107,81,5,3,2
4833034025,2024-01-31,경상남도,양산시,하북면,삼수리,282,147,135,267,139,128,-15,-8,-7
4833034026,2024-01-31,경상남도,양산시,하북면,백록리,632,333,299,630,332,298,-2,-1,-1
4833034027,2024-01-31,경상남도,양산시,하북면,삼감리,333,176,157,332,176,156,-1,0,-1
4833034028,2024-01-31,경상남도,양산시,하북면,용연리,1034,557,477,1031,556,475,-3,-1,-2
4872025021,2024-01-31,경상남도,의령군,의령읍,서동리,2923,1427,1496,2930,1432,1498,7,5,2
4872025022,2024-01-31,경상남도,의령군,의령읍,중동리,1085,538,547,1074,534,540,-11,-4,-7
4872025023,2024-01-31,경상남도,의령군,의령읍,동동리,3258,1645,1613,3251,1647,1604,-7,2,-9
4872025024,2024-01-31,경상남도,의령군,의령읍,무전리,349,182,167,350,186,164,1,4,-3
4872025025,2024-01-31,경상남도,의령군,의령읍,정암리,352,170,182,351,171,180,-1,1,-2
4872025026,2024-01-31,경상남도,의령군,의령읍,만천리,109,59,50,110,59,51,1,0,1
4872025027,2024-01-31,경상남도,의령군,의령읍,대산리,223,122,101,222,122,100,-1,0,-1
4872025028,2024-01-31,경상남도,의령군,의령읍,상리,167,81,86,166,81,85,-1,0,-1
4872025029,2024-01-31,경상남도,의령군,의령읍,중리,173,82,91,175,85,90,2,3,-1
4872025030,2024-01-31,경상남도,의령군,의령읍,하리,465,244,221,466,243,223,1,-1,2
4872031021,2024-01-31,경상남도,의령군,가례면,갑을리,149,66,83,149,66,83,0,0,0
4872031022,2024-01-31,경상남도,의령군,가례면,양성리,126,60,66,123,58,65,-3,-2,-1
4872031023,2024-01-31,경상남도,의령군,가례면,개승리,307,181,126,305,181,124,-2,0,-2
4872031024,2024-01-31,경상남도,의령군,가례면,괴진리,106,49,57,106,49,57,0,0,0
4872031025,2024-01-31,경상남도,의령군,가례면,수성리,145,72,73,146,72,74,1,0,1
4872031026,2024-01-31,경상남도,의령군,가례면,가례리,300,141,159,303,141,162,3,0,3
4872031027,2024-01-31,경상남도,의령군,가례면,운암리,216,114,102,215,112,103,-1,-2,1
4872031028,2024-01-31,경상남도,의령군,가례면,대천리,122,59,63,120,58,62,-2,-1,-1
4872031029,2024-01-31,경상남도,의령군,가례면,봉두리,145,72,73,146,72,74,1,0,1
4872032021,2024-01-31,경상남도,의령군,칠곡면,외조리,241,117,124,240,117,123,-1,0,-1
4872032022,2024-01-31,경상남도,의령군,칠곡면,내조리,193,94,99,195,95,100,2,1,1
4872032023,2024-01-31,경상남도,의령군,칠곡면,신포리,292,140,152,292,139,153,0,-1,1
4872032024,2024-01-31,경상남도,의령군,칠곡면,도산리,177,90,87,175,89,86,-2,-1,-1
4872032025,2024-01-31,경상남도,의령군,칠곡면,산남리,70,40,30,70,40,30,0,0,0
4872032026,2024-01-31,경상남도,의령군,칠곡면,산북리,168,73,95,171,75,96,3,2,1
4872033021,2024-01-31,경상남도,의령군,대의면,신전리,85,38,47,89,40,49,4,2,2
4872033022,2024-01-31,경상남도,의령군,대의면,행정리,98,42,56,98,42,56,0,0,0
4872033023,2024-01-31,경상남도,의령군,대의면,중촌리,102,48,54,100,46,54,-2,-2,0
4872033024,2024-01-31,경상남도,의령군,대의면,하촌리,71,29,42,71,29,42,0,0,0
4872033025,2024-01-31,경상남도,의령군,대의면,다사리,117,60,57,119,62,57,2,2,0
4872033026,2024-01-31,경상남도,의령군,대의면,마쌍리,265,133,132,265,133,132,0,0,0
4872033027,2024-01-31,경상남도,의령군,대의면,추산리,53,30,23,50,28,22,-3,-2,-1
4872033028,2024-01-31,경상남도,의령군,대의면,심지리,119,65,54,119,65,54,0,0,0
4872033029,2024-01-31,경상남도,의령군,대의면,천곡리,101,46,55,102,47,55,1,1,0
4872034021,2024-01-31,경상남도,의령군,화정면,가수리,160,85,75,162,86,76,2,1,1
4872034022,2024-01-31,경상남도,의령군,화정면,덕교리,181,92,89,182,93,89,1,1,0
4872034023,2024-01-31,경상남도,의령군,화정면,석천리,104,52,52,103,52,51,-1,0,-1
4872034024,2024-01-31,경상남도,의령군,화정면,상정리,295,145,150,292,144,148,-3,-1,-2
4872034025,2024-01-31,경상남도,의령군,화정면,상일리,216,100,116,217,100,117,1,0,1
4872034026,2024-01-31,경상남도,의령군,화정면,상이리,244,126,118,246,127,119,2,1,1
4872034027,2024-01-31,경상남도,의령군,화정면,화양리,273,133,140,271,131,140,-2,-2,0
4872035000,2024-01-31,경상남도,의령군,용덕면,용덕면,0,0,0,1,1,0,1,1,0
4872035021,2024-01-31,경상남도,의령군,용덕면,이목리,60,33,27,60,33,27,0,0,0
4872035022,2024-01-31,경상남도,의령군,용덕면,가미리,83,43,40,86,46,40,3,3,0
4872035023,2024-01-31,경상남도,의령군,용덕면,와요리,110,54,56,109,54,55,-1,0,-1
4872035024,2024-01-31,경상남도,의령군,용덕면,가락리,52,24,28,52,24,28,0,0,0
4872035025,2024-01-31,경상남도,의령군,용덕면,죽전리,140,70,70,140,70,70,0,0,0
4872035026,2024-01-31,경상남도,의령군,용덕면,신촌리,156,79,77,153,79,74,-3,0,-3
4872035027,2024-01-31,경상남도,의령군,용덕면,교암리,113,61,52,114,61,53,1,0,1
4872035028,2024-01-31,경상남도,의령군,용덕면,소상리,246,127,119,252,129,123,6,2,4
4872035029,2024-01-31,경상남도,의령군,용덕면,정동리,163,91,72,159,89,70,-4,-2,-2
4872035030,2024-01-31,경상남도,의령군,용덕면,운곡리,117,54,63,113,51,62,-4,-3,-1
4872035031,2024-01-31,경상남도,의령군,용덕면,연리,115,61,54,114,61,53,-1,0,-1
4872035032,2024-01-31,경상남도,의령군,용덕면,용소리,95,46,49,95,45,50,0,-1,1
4872036021,2024-01-31,경상남도,의령군,정곡면,중교리,300,154,146,298,151,147,-2,-3,1
4872036022,2024-01-31,경상남도,의령군,정곡면,죽전리,183,82,101,185,84,101,2,2,0
4872036023,2024-01-31,경상남도,의령군,정곡면,석곡리,83,39,44,83,39,44,0,0,0
4872036024,2024-01-31,경상남도,의령군,정곡면,오방리,48,21,27,47,21,26,-1,0,-1
4872036025,2024-01-31,경상남도,의령군,정곡면,상촌리,57,30,27,57,30,27,0,0,0
4872036026,2024-01-31,경상남도,의령군,정곡면,성황리,101,44,57,102,44,58,1,0,1
4872036027,2024-01-31,경상남도,의령군,정곡면,예둔리,106,54,52,107,54,53,1,0,1
4872036028,2024-01-31,경상남도,의령군,정곡면,가현리,82,37,45,81,37,44,-1,0,-1
4872036029,2024-01-31,경상남도,의령군,정곡면,백곡리,208,109,99,209,109,100,1,0,1
4872036030,2024-01-31,경상남도,의령군,정곡면,적곡리,196,99,97,195,99,96,-1,0,-1
4872037021,2024-01-31,경상남도,의령군,지정면,봉곡리,298,163,135,300,164,136,2,1,1
4872037022,2024-01-31,경상남도,의령군,지정면,오천리,152,78,74,149,76,73,-3,-2,-1
4872037023,2024-01-31,경상남도,의령군,지정면,두곡리,185,89,96,187,89,98,2,0,2
4872037024,2024-01-31,경상남도,의령군,지정면,성산리,235,115,120,234,115,119,-1,0,-1
4872037025,2024-01-31,경상남도,의령군,지정면,유곡리,71,36,35,74,37,37,3,1,2
4872037026,2024-01-31,경상남도,의령군,지정면,태부리,178,76,102,178,76,102,0,0,0
4872037027,2024-01-31,경상남도,의령군,지정면,득소리,98,52,46,98,52,46,0,0,0
4872037028,2024-01-31,경상남도,의령군,지정면,백야리,75,42,33,75,42,33,0,0,0
4872037029,2024-01-31,경상남도,의령군,지정면,성당리,147,73,74,146,74,72,-1,1,-2
4872037030,2024-01-31,경상남도,의령군,지정면,마산리,336,174,162,333,172,161,-3,-2,-1
4872038021,2024-01-31,경상남도,의령군,낙서면,전화리,131,59,72,131,59,72,0,0,0
4872038022,2024-01-31,경상남도,의령군,낙서면,율산리,95,49,46,93,47,46,-2,-2,0
4872038023,2024-01-31,경상남도,의령군,낙서면,정곡리,242,113,129,236,108,128,-6,-5,-1
4872038024,2024-01-31,경상남도,의령군,낙서면,여의리,89,40,49,88,41,47,-1,1,-2
4872038025,2024-01-31,경상남도,의령군,낙서면,내제리,75,39,36,74,39,35,-1,0,-1
4872038026,2024-01-31,경상남도,의령군,낙서면,아근리,80,40,40,78,39,39,-2,-1,-1
4872039021,2024-01-31,경상남도,의령군,부림면,신반리,1435,699,736,1428,696,732,-7,-3,-4
4872039022,2024-01-31,경상남도,의령군,부림면,막곡리,108,57,51,106,57,49,-2,0,-2
4872039023,2024-01-31,경상남도,의령군,부림면,입산리,58,25,33,58,25,33,0,0,0
4872039024,2024-01-31,경상남도,의령군,부림면,경산리,148,72,76,148,73,75,0,1,-1
4872039025,2024-01-31,경상남도,의령군,부림면,손오리,114,57,57,114,57,57,0,0,0
4872039026,2024-01-31,경상남도,의령군,부림면,단원리,127,65,62,127,65,62,0,0,0
4872039027,2024-01-31,경상남도,의령군,부림면,대곡리,161,78,83,158,77,81,-3,-1,-2
4872039028,2024-01-31,경상남도,의령군,부림면,여배리,122,56,66,121,56,65,-1,0,-1
4872039029,2024-01-31,경상남도,의령군,부림면,익구리,80,34,46,82,34,48,2,0,2
4872039030,2024-01-31,경상남도,의령군,부림면,감암리,195,100,95,194,100,94,-1,0,-1
4872039031,2024-01-31,경상남도,의령군,부림면,권혜리,99,48,51,98,48,50,-1,0,-1
4872039032,2024-01-31,경상남도,의령군,부림면,묵방리,29,16,13,29,16,13,0,0,0
4872040021,2024-01-31,경상남도,의령군,봉수면,청계리,111,57,54,111,58,53,0,1,-1
4872040022,2024-01-31,경상남도,의령군,봉수면,서암리,214,107,107,214,106,108,0,-1,1
4872040023,2024-01-31,경상남도,의령군,봉수면,신현리,108,47,61,106,46,60,-2,-1,-1
4872040024,2024-01-31,경상남도,의령군,봉수면,죽전리,145,66,79,146,67,79,1,1,0
4872040025,2024-01-31,경상남도,의령군,봉수면,삼가리,109,65,44,109,65,44,0,0,0
4872040026,2024-01-31,경상남도,의령군,봉수면,서득리,170,110,60,170,110,60,0,0,0
4872040027,2024-01-31,경상남도,의령군,봉수면,천락리,89,47,42,89,47,42,0,0,0
4872041521,2024-01-31,경상남도,의령군,궁류면,평촌리,246,108,138,246,110,136,0,2,-2
4872041522,2024-01-31,경상남도,의령군,궁류면,벽계리,69,41,28,68,41,27,-1,0,-1
4872041523,2024-01-31,경상남도,의령군,궁류면,운계리,176,88,88,177,89,88,1,1,0
4872041524,2024-01-31,경상남도,의령군,궁류면,압곡리,131,59,72,129,58,71,-2,-1,-1
4872041525,2024-01-31,경상남도,의령군,궁류면,토곡리,162,81,81,162,82,80,0,1,-1
4872041526,2024-01-31,경상남도,의령군,궁류면,계현리,94,46,48,96,47,49,2,1,1
4872041527,2024-01-31,경상남도,의령군,궁류면,다현리,223,106,117,224,107,117,1,1,0
4872042021,2024-01-31,경상남도,의령군,유곡면,상촌리,61,30,31,63,32,31,2,2,0
4872042022,2024-01-31,경상남도,의령군,유곡면,상곡리,74,36,38,75,37,38,1,1,0
4872042023,2024-01-31,경상남도,의령군,유곡면,오목리,83,44,39,84,45,39,1,1,0
4872042024,2024-01-31,경상남도,의령군,유곡면,신촌리,70,32,38,74,34,40,4,2,2
4872042025,2024-01-31,경상남도,의령군,유곡면,송산리,215,100,115,214,99,115,-1,-1,0
4872042026,2024-01-31,경상남도,의령군,유곡면,마두리,55,26,29,54,25,29,-1,-1,0
4872042027,2024-01-31,경상남도,의령군,유곡면,칠곡리,157,74,83,157,74,83,0,0,0
4872042028,2024-01-31,경상남도,의령군,유곡면,마장리,60,34,26,60,34,26,0,0,0
4872042029,2024-01-31,경상남도,의령군,유곡면,당동리,69,36,33,70,36,34,1,0,1
4872042030,2024-01-31,경상남도,의령군,유곡면,덕천리,76,38,38,72,35,37,-4,-3,-1
4872042031,2024-01-31,경상남도,의령군,유곡면,세간리,186,91,95,184,91,93,-2,0,-2
4873025021,2024-01-31,경상남도,함안군,가야읍,말산리,5622,2779,2843,5625,2783,2842,3,4,-1
4873025022,2024-01-31,경상남도,함안군,가야읍,검암리,2556,1332,1224,2547,1326,1221,-9,-6,-3
4873025023,2024-01-31,경상남도,함안군,가야읍,광정리,326,160,166,324,158,166,-2,-2,0
4873025024,2024-01-31,경상남도,함안군,가야읍,도항리,6613,3394,3219,6601,3401,3200,-12,7,-19
4873025025,2024-01-31,경상남도,함안군,가야읍,신음리,358,175,183,361,175,186,3,0,3
4873025026,2024-01-31,경상남도,함안군,가야읍,혈곡리,155,84,71,157,86,71,2,2,0
4873025027,2024-01-31,경상남도,함안군,가야읍,춘곡리,121,64,57,121,64,57,0,0,0
4873025028,2024-01-31,경상남도,함안군,가야읍,사내리,210,100,110,209,98,111,-1,-2,1
4873025029,2024-01-31,경상남도,함안군,가야읍,가야리,368,188,180,366,186,180,-2,-2,0
4873025030,2024-01-31,경상남도,함안군,가야읍,묘사리,408,202,206,404,200,204,-4,-2,-2
4873025031,2024-01-31,경상남도,함안군,가야읍,산서리,660,343,317,674,348,326,14,5,9
4873025321,2024-01-31,경상남도,함안군,칠원읍,구성리,3488,1765,1723,3490,1764,1726,2,-1,3
4873025322,2024-01-31,경상남도,함안군,칠원읍,용산리,687,363,324,693,366,327,6,3,3
4873025323,2024-01-31,경상남도,함안군,칠원읍,유원리,494,259,235,498,260,238,4,1,3
4873025324,2024-01-31,경상남도,함안군,칠원읍,장암리,189,102,87,190,104,86,1,2,-1
4873025325,2024-01-31,경상남도,함안군,칠원읍,오곡리,9672,4813,4859,9666,4813,4853,-6,0,-6
4873025326,2024-01-31,경상남도,함안군,칠원읍,예곡리,986,518,468,976,509,467,-10,-9,-1
4873025327,2024-01-31,경상남도,함안군,칠원읍,용정리,420,231,189,419,230,189,-1,-1,0
4873025328,2024-01-31,경상남도,함안군,칠원읍,무기리,1862,986,876,1842,974,868,-20,-12,-8
4873025329,2024-01-31,경상남도,함안군,칠원읍,운서리,281,162,119,279,159,120,-2,-3,1
4873025330,2024-01-31,경상남도,함안군,칠원읍,운곡리,206,114,92,205,112,93,-1,-2,1
4873031021,2024-01-31,경상남도,함안군,함안면,봉성리,551,276,275,560,279,281,9,3,6
4873031022,2024-01-31,경상남도,함안군,함안면,북촌리,592,303,289,593,305,288,1,2,-1
4873031023,2024-01-31,경상남도,함안군,함안면,괴산리,257,124,133,259,127,132,2,3,-1
4873031024,2024-01-31,경상남도,함안군,함안면,대산리,212,109,103,212,109,103,0,0,0
4873031025,2024-01-31,경상남도,함안군,함안면,강명리,389,206,183,390,206,184,1,0,1
4873031026,2024-01-31,경상남도,함안군,함안면,파수리,357,188,169,357,188,169,0,0,0
4873032021,2024-01-31,경상남도,함안군,군북면,덕대리,496,269,227,484,261,223,-12,-8,-4
4873032022,2024-01-31,경상남도,함안군,군북면,중암리,854,427,427,850,425,425,-4,-2,-2
4873032023,2024-01-31,경상남도,함안군,군북면,소포리,1229,674,555,1221,665,556,-8,-9,1
4873032024,2024-01-31,경상남도,함안군,군북면,동촌리,341,168,173,343,169,174,2,1,1
4873032025,2024-01-31,경상남도,함안군,군북면,사촌리,212,117,95,209,114,95,-3,-3,0
4873032026,2024-01-31,경상남도,함안군,군북면,오곡리,146,70,76,147,70,77,1,0,1
4873032027,2024-01-31,경상남도,함안군,군북면,명관리,153,79,74,154,80,74,1,1,0
4873032028,2024-01-31,경상남도,함안군,군북면,모로리,225,121,104,223,121,102,-2,0,-2
4873032029,2024-01-31,경상남도,함안군,군북면,사도리,117,70,47,120,75,45,3,5,-2
4873032030,2024-01-31,경상남도,함안군,군북면,장지리,238,134,104,236,134,102,-2,0,-2
4873032031,2024-01-31,경상남도,함안군,군북면,유현리,172,99,73,169,98,71,-3,-1,-2
4873032032,2024-01-31,경상남도,함안군,군북면,월촌리,875,441,434,871,438,433,-4,-3,-1
4873032033,2024-01-31,경상남도,함안군,군북면,박곡리,127,58,69,125,57,68,-2,-1,-1
4873032034,2024-01-31,경상남도,함안군,군북면,수곡리,140,71,69,140,73,67,0,2,-2
4873032035,2024-01-31,경상남도,함안군,군북면,영운리,121,55,66,124,57,67,3,2,1
4873032036,2024-01-31,경상남도,함안군,군북면,하림리,259,128,131,257,129,128,-2,1,-3
4873032037,2024-01-31,경상남도,함안군,군북면,원북리,114,60,54,114,60,54,0,0,0
4873033021,2024-01-31,경상남도,함안군,법수면,강주리,383,207,176,378,204,174,-5,-3,-2
4873033022,2024-01-31,경상남도,함안군,법수면,우거리,205,130,75,205,130,75,0,0,0
4873033023,2024-01-31,경상남도,함안군,법수면,윤내리,381,187,194,380,186,194,-1,-1,0
4873033024,2024-01-31,경상남도,함안군,법수면,윤외리,836,445,391,832,442,390,-4,-3,-1
4873033025,2024-01-31,경상남도,함안군,법수면,주물리,168,80,88,167,79,88,-1,-1,0
4873033026,2024-01-31,경상남도,함안군,법수면,대송리,262,117,145,260,117,143,-2,0,-2
4873033027,2024-01-31,경상남도,함안군,법수면,백산리,179,86,93,179,86,93,0,0,0
4873033028,2024-01-31,경상남도,함안군,법수면,사정리,151,78,73,152,79,73,1,1,0
4873033029,2024-01-31,경상남도,함안군,법수면,황사리,186,91,95,187,91,96,1,0,1
4873034021,2024-01-31,경상남도,함안군,대산면,부목리,325,164,161,325,164,161,0,0,0
4873034022,2024-01-31,경상남도,함안군,대산면,대사리,208,107,101,210,106,104,2,-1,3
4873034023,2024-01-31,경상남도,함안군,대산면,평림리,760,393,367,752,390,362,-8,-3,-5
4873034024,2024-01-31,경상남도,함안군,대산면,옥렬리,223,98,125,223,97,126,0,-1,1
4873034025,2024-01-31,경상남도,함안군,대산면,하기리,328,167,161,324,164,160,-4,-3,-1
4873034026,2024-01-31,경상남도,함안군,대산면,서촌리,210,108,102,212,109,103,2,1,1
4873034027,2024-01-31,경상남도,함안군,대산면,구혜리,772,386,386,762,381,381,-10,-5,-5
4873034028,2024-01-31,경상남도,함안군,대산면,장암리,380,201,179,381,203,178,1,2,-1
4873035021,2024-01-31,경상남도,함안군,칠서면,회산리,311,157,154,307,155,152,-4,-2,-2
4873035022,2024-01-31,경상남도,함안군,칠서면,무릉리,2723,1457,1266,2716,1454,1262,-7,-3,-4
4873035023,2024-01-31,경상남도,함안군,칠서면,구포리,233,123,110,230,123,107,-3,0,-3
4873035025,2024-01-31,경상남도,함안군,칠서면,태곡리,172,89,83,171,89,82,-1,0,-1
4873035026,2024-01-31,경상남도,함안군,칠서면,대치리,171,110,61,173,112,61,2,2,0
4873035027,2024-01-31,경상남도,함안군,칠서면,계내리,306,150,156,304,151,153,-2,1,-3
4873035028,2024-01-31,경상남도,함안군,칠서면,용성리,497,246,251,492,245,247,-5,-1,-4
4873035029,2024-01-31,경상남도,함안군,칠서면,이룡리,321,170,151,321,170,151,0,0,0
4873035030,2024-01-31,경상남도,함안군,칠서면,청계리,275,136,139,274,135,139,-1,-1,0
4873036021,2024-01-31,경상남도,함안군,칠북면,화천리,227,130,97,232,132,100,5,2,3
4873036022,2024-01-31,경상남도,함안군,칠북면,덕남리,271,136,135,272,137,135,1,1,0
4873036023,2024-01-31,경상남도,함안군,칠북면,이령리,299,146,153,297,146,151,-2,0,-2
4873036024,2024-01-31,경상남도,함안군,칠북면,봉촌리,350,184,166,349,183,166,-1,-1,0
4873036025,2024-01-31,경상남도,함안군,칠북면,검단리,337,190,147,336,190,146,-1,0,-1
4873036026,2024-01-31,경상남도,함안군,칠북면,가연리,230,123,107,228,123,105,-2,0,-2
4873036027,2024-01-31,경상남도,함안군,칠북면,영동리,132,61,71,132,60,72,0,-1,1
4873038021,2024-01-31,경상남도,함안군,산인면,입곡리,424,215,209,422,213,209,-2,-2,0
4873038022,2024-01-31,경상남도,함안군,산인면,신산리,306,161,145,298,157,141,-8,-4,-4
4873038023,2024-01-31,경상남도,함안군,산인면,모곡리,716,351,365,716,349,367,0,-2,2
4873038024,2024-01-31,경상남도,함안군,산인면,송정리,604,308,296,598,305,293,-6,-3,-3
4873038025,2024-01-31,경상남도,함안군,산인면,내인리,205,107,98,204,107,97,-1,0,-1
4873038026,2024-01-31,경상남도,함안군,산인면,부봉리,249,117,132,248,117,131,-1,0,-1
4873038027,2024-01-31,경상남도,함안군,산인면,운곡리,135,76,59,134,76,58,-1,0,-1
4873039021,2024-01-31,경상남도,함안군,여항면,외암리,183,98,85,181,99,82,-2,1,-3
4873039022,2024-01-31,경상남도,함안군,여항면,내곡리,225,118,107,224,117,107,-1,-1,0
4873039023,2024-01-31,경상남도,함안군,여항면,주서리,319,162,157,315,161,154,-4,-1,-3
4873039024,2024-01-31,경상남도,함안군,여항면,주동리,166,93,73,169,94,75,3,1,2
4874025021,2024-01-31,경상남도,창녕군,창녕읍,송현리,1058,521,537,1065,526,539,7,5,2
4874025022,2024-01-31,경상남도,창녕군,창녕읍,교리,2284,1124,1160,2272,1122,1150,-12,-2,-10
4874025023,2024-01-31,경상남도,창녕군,창녕읍,말흘리,4767,2295,2472,4757,2290,2467,-10,-5,-5
4874025024,2024-01-31,경상남도,창녕군,창녕읍,교상리,129,66,63,127,67,60,-2,1,-3
4874025025,2024-01-31,경상남도,창녕군,창녕읍,술정리,2599,1367,1232,2586,1358,1228,-13,-9,-4
4874025026,2024-01-31,경상남도,창녕군,창녕읍,직교리,514,260,254,512,258,254,-2,-2,0
4874025027,2024-01-31,경상남도,창녕군,창녕읍,조산리,449,220,229,444,219,225,-5,-1,-4
4874025028,2024-01-31,경상남도,창녕군,창녕읍,도야리,181,94,87,178,93,85,-3,-1,-2
4874025029,2024-01-31,경상남도,창녕군,창녕읍,하리,164,86,78,163,86,77,-1,0,-1
4874025030,2024-01-31,경상남도,창녕군,창녕읍,퇴천리,346,171,175,344,170,174,-2,-1,-1
4874025031,2024-01-31,경상남도,창녕군,창녕읍,탐하리,197,99,98,196,99,97,-1,0,-1
4874025032,2024-01-31,경상남도,창녕군,창녕읍,신촌리,174,96,78,173,96,77,-1,0,-1
4874025033,2024-01-31,경상남도,창녕군,창녕읍,용석리,248,133,115,250,135,115,2,2,0
4874025034,2024-01-31,경상남도,창녕군,창녕읍,외부리,181,88,93,182,89,93,1,1,0
4874025035,2024-01-31,경상남도,창녕군,창녕읍,옥천리,255,123,132,255,123,132,0,0,0
4874025036,2024-01-31,경상남도,창녕군,창녕읍,여초리,279,137,142,278,136,142,-1,-1,0
4874025037,2024-01-31,경상남도,창녕군,창녕읍,교하리,1944,963,981,1929,955,974,-15,-8,-7
4874025321,2024-01-31,경상남도,창녕군,남지읍,남지리,7789,3875,3914,7773,3862,3911,-16,-13,-3
4874025322,2024-01-31,경상남도,창녕군,남지읍,마산리,1603,811,792,1622,824,798,19,13,6
4874025323,2024-01-31,경상남도,창녕군,남지읍,학계리,600,317,283,599,317,282,-1,0,-1
4874025324,2024-01-31,경상남도,창녕군,남지읍,용산리,123,62,61,119,60,59,-4,-2,-2
4874025325,2024-01-31,경상남도,창녕군,남지읍,신전리,176,86,90,174,84,90,-2,-2,0
4874025326,2024-01-31,경상남도,창녕군,남지읍,성사리,351,180,171,350,179,171,-1,-1,0
4874025327,2024-01-31,경상남도,창녕군,남지읍,아지리,101,53,48,100,53,47,-1,0,-1
4874025328,2024-01-31,경상남도,창녕군,남지읍,고곡리,215,107,108,216,109,107,1,2,-1
4874025329,2024-01-31,경상남도,창녕군,남지읍,수개리,129,56,73,129,56,73,0,0,0
4874025330,2024-01-31,경상남도,창녕군,남지읍,시남리,108,56,52,106,55,51,-2,-1,-1
4874025331,2024-01-31,경상남도,창녕군,남지읍,칠현리,95,46,49,96,47,49,1,1,0
4874025332,2024-01-31,경상남도,창녕군,남지읍,반포리,188,94,94,184,92,92,-4,-2,-2
4874025333,2024-01-31,경상남도,창녕군,남지읍,대곡리,88,48,40,88,48,40,0,0,0
4874025334,2024-01-31,경상남도,창녕군,남지읍,월하리,130,63,67,130,63,67,0,0,0
4874031021,2024-01-31,경상남도,창녕군,고암면,중대리,241,119,122,241,120,121,0,1,-1
4874031022,2024-01-31,경상남도,창녕군,고암면,억만리,237,113,124,237,113,124,0,0,0
4874031023,2024-01-31,경상남도,창녕군,고암면,원촌리,273,139,134,277,142,135,4,3,1
4874031024,2024-01-31,경상남도,창녕군,고암면,대암리,84,38,46,83,37,46,-1,-1,0
4874031025,2024-01-31,경상남도,창녕군,고암면,간상리,133,65,68,134,65,69,1,0,1
4874031026,2024-01-31,경상남도,창녕군,고암면,우천리,335,168,167,329,165,164,-6,-3,-3
4874031027,2024-01-31,경상남도,창녕군,고암면,계상리,200,94,106,198,94,104,-2,0,-2
4874031028,2024-01-31,경상남도,창녕군,고암면,감리,241,124,117,239,123,116,-2,-1,-1
4874032021,2024-01-31,경상남도,창녕군,성산면,냉천리,193,89,104,189,86,103,-4,-3,-1
4874032022,2024-01-31,경상남도,창녕군,성산면,정녕리,297,145,152,300,148,152,3,3,0
4874032023,2024-01-31,경상남도,창녕군,성산면,대견리,153,68,85,157,70,87,4,2,2
4874032024,2024-01-31,경상남도,창녕군,성산면,후천리,83,49,34,77,46,31,-6,-3,-3
4874032025,2024-01-31,경상남도,창녕군,성산면,대산리,282,144,138,277,142,135,-5,-2,-3
4874032026,2024-01-31,경상남도,창녕군,성산면,연당리,192,91,101,194,93,101,2,2,0
4874032027,2024-01-31,경상남도,창녕군,성산면,운봉리,103,40,63,104,41,63,1,1,0
4874032028,2024-01-31,경상남도,창녕군,성산면,방리,112,49,63,109,48,61,-3,-1,-2
4874032029,2024-01-31,경상남도,창녕군,성산면,가복리,122,58,64,121,58,63,-1,0,-1
4874033021,2024-01-31,경상남도,창녕군,대합면,십이리,628,313,315,645,326,319,17,13,4
4874033022,2024-01-31,경상남도,창녕군,대합면,등지리,279,152,127,288,156,132,9,4,5
4874033023,2024-01-31,경상남도,창녕군,대합면,장기리,168,80,88,168,80,88,0,0,0
4874033024,2024-01-31,경상남도,창녕군,대합면,모전리,254,143,111,255,142,113,1,-1,2
4874033025,2024-01-31,경상남도,창녕군,대합면,소야리,189,95,94,191,97,94,2,2,0
4874033026,2024-01-31,경상남도,창녕군,대합면,주매리,116,56,60,114,56,58,-2,0,-2
4874033027,2024-01-31,경상남도,창녕군,대합면,퇴산리,205,108,97,204,106,98,-1,-2,1
4874033028,2024-01-31,경상남도,창녕군,대합면,신당리,152,50,102,153,50,103,1,0,1
4874033029,2024-01-31,경상남도,창녕군,대합면,평지리,418,221,197,418,221,197,0,0,0
4874033030,2024-01-31,경상남도,창녕군,대합면,도개리,155,77,78,153,77,76,-2,0,-2
4874033031,2024-01-31,경상남도,창녕군,대합면,내울리,194,94,100,193,93,100,-1,-1,0
4874033032,2024-01-31,경상남도,창녕군,대합면,목단리,291,148,143,289,147,142,-2,-1,-1
4874033033,2024-01-31,경상남도,창녕군,대합면,이방리,174,84,90,171,82,89,-3,-2,-1
4874033034,2024-01-31,경상남도,창녕군,대합면,대곡리,91,44,47,89,44,45,-2,0,-2
4874033035,2024-01-31,경상남도,창녕군,대합면,대동리,98,51,47,100,53,47,2,2,0
4874033036,2024-01-31,경상남도,창녕군,대합면,합리,190,104,86,191,103,88,1,-1,2
4874034021,2024-01-31,경상남도,창녕군,이방면,안리,254,131,123,259,132,127,5,1,4
4874034022,2024-01-31,경상남도,창녕군,이방면,동산리,104,53,51,104,52,52,0,-1,1
4874034023,2024-01-31,경상남도,창녕군,이방면,석리,119,63,56,123,65,58,4,2,2
4874034024,2024-01-31,경상남도,창녕군,이방면,현창리,216,96,120,216,96,120,0,0,0
4874034025,2024-01-31,경상남도,창녕군,이방면,성산리,72,34,38,72,34,38,0,0,0
4874034026,2024-01-31,경상남도,창녕군,이방면,상리,70,35,35,71,35,36,1,0,1
4874034027,2024-01-31,경상남도,창녕군,이방면,모곡리,104,47,57,104,47,57,0,0,0
4874034028,2024-01-31,경상남도,창녕군,이방면,옥천리,81,46,35,81,46,35,0,0,0
4874034029,2024-01-31,경상남도,창녕군,이방면,초곡리,181,96,85,182,95,87,1,-1,2
4874034030,2024-01-31,경상남도,창녕군,이방면,거남리,395,196,199,398,199,199,3,3,0
4874034031,2024-01-31,경상남도,창녕군,이방면,송곡리,172,86,86,175,88,87,3,2,1
4874034032,2024-01-31,경상남도,창녕군,이방면,장천리,436,179,257,489,193,296,53,14,39
4874034033,2024-01-31,경상남도,창녕군,이방면,등림리,80,38,42,80,37,43,0,-1,1
4874035021,2024-01-31,경상남도,창녕군,유어면,부곡리,308,161,147,310,161,149,2,0,2
4874035022,2024-01-31,경상남도,창녕군,유어면,미구리,120,56,64,123,59,64,3,3,0
4874035023,2024-01-31,경상남도,창녕군,유어면,가항리,182,88,94,182,87,95,0,-1,1
4874035024,2024-01-31,경상남도,창녕군,유어면,세진리,138,76,62,137,75,62,-1,-1,0
4874035025,2024-01-31,경상남도,창녕군,유어면,대대리,221,112,109,221,113,108,0,1,-1
4874035026,2024-01-31,경상남도,창녕군,유어면,선소리,199,93,106,195,93,102,-4,0,-4
4874035027,2024-01-31,경상남도,창녕군,유어면,진창리,203,105,98,204,106,98,1,1,0
4874035028,2024-01-31,경상남도,창녕군,유어면,광산리,146,65,81,146,65,81,0,0,0
4874035029,2024-01-31,경상남도,창녕군,유어면,풍조리,146,70,76,146,71,75,0,1,-1
4874036021,2024-01-31,경상남도,창녕군,대지면,모산리,179,93,86,170,89,81,-9,-4,-5
4874036022,2024-01-31,경상남도,창녕군,대지면,왕산리,268,138,130,274,141,133,6,3,3
4874036023,2024-01-31,경상남도,창녕군,대지면,석리,287,148,139,290,150,140,3,2,1
4874036024,2024-01-31,경상남도,창녕군,대지면,창산리,131,60,71,135,62,73,4,2,2
4874036025,2024-01-31,경상남도,창녕군,대지면,효정리,817,420,397,808,415,393,-9,-5,-4
4874036026,2024-01-31,경상남도,창녕군,대지면,본초리,289,162,127,281,157,124,-8,-5,-3
4874036027,2024-01-31,경상남도,창녕군,대지면,구미리,116,64,52,109,61,48,-7,-3,-4
4874036028,2024-01-31,경상남도,창녕군,대지면,용소리,235,111,124,232,112,120,-3,1,-4
4874037021,2024-01-31,경상남도,창녕군,계성면,명리,424,222,202,419,217,202,-5,-5,0
4874037022,2024-01-31,경상남도,창녕군,계성면,사리,400,197,203,403,199,204,3,2,1
4874037023,2024-01-31,경상남도,창녕군,계성면,신당리,330,162,168,328,163,165,-2,1,-3
4874037024,2024-01-31,경상남도,창녕군,계성면,계성리,445,230,215,449,232,217,4,2,2
4874037025,2024-01-31,경상남도,창녕군,계성면,광계리,324,162,162,322,161,161,-2,-1,-1
4874037026,2024-01-31,경상남도,창녕군,계성면,봉산리,223,115,108,221,113,108,-2,-2,0
4874038021,2024-01-31,경상남도,창녕군,영산면,서리,1129,577,552,1115,572,543,-14,-5,-9
4874038022,2024-01-31,경상남도,창녕군,영산면,구계리,246,121,125,246,120,126,0,-1,1
4874038023,2024-01-31,경상남도,창녕군,영산면,교리,345,185,160,352,191,161,7,6,1
4874038024,2024-01-31,경상남도,창녕군,영산면,성내리,1418,702,716,1416,702,714,-2,0,-2
4874038025,2024-01-31,경상남도,창녕군,영산면,동리,439,227,212,439,226,213,0,-1,1
4874038026,2024-01-31,경상남도,창녕군,영산면,죽사리,461,249,212,462,250,212,1,1,0
4874038027,2024-01-31,경상남도,창녕군,영산면,신제리,343,170,173,337,166,171,-6,-4,-2
4874038028,2024-01-31,경상남도,창녕군,영산면,월령리,354,171,183,353,171,182,-1,0,-1
4874038029,2024-01-31,경상남도,창녕군,영산면,봉암리,251,130,121,251,131,120,0,1,-1
4874039021,2024-01-31,경상남도,창녕군,장마면,강리,208,109,99,205,106,99,-3,-3,0
4874039022,2024-01-31,경상남도,창녕군,장마면,유리,341,178,163,343,179,164,2,1,1
4874039023,2024-01-31,경상남도,창녕군,장마면,장가리,311,153,158,310,154,156,-1,1,-2
4874039024,2024-01-31,경상남도,창녕군,장마면,초곡리,157,79,78,153,77,76,-4,-2,-2
4874039025,2024-01-31,경상남도,창녕군,장마면,산지리,212,110,102,211,110,101,-1,0,-1
4874039026,2024-01-31,경상남도,창녕군,장마면,신구리,205,99,106,205,99,106,0,0,0
4874039027,2024-01-31,경상남도,창녕군,장마면,동정리,223,109,114,221,108,113,-2,-1,-1
4874039028,2024-01-31,경상남도,창녕군,장마면,대봉리,145,73,72,144,72,72,-1,-1,0
4874040021,2024-01-31,경상남도,창녕군,도천면,도천리,517,273,244,511,271,240,-6,-2,-4
4874040022,2024-01-31,경상남도,창녕군,도천면,일리,258,129,129,259,126,133,1,-3,4
4874040023,2024-01-31,경상남도,창녕군,도천면,덕곡리,281,144,137,285,145,140,4,1,3
4874040024,2024-01-31,경상남도,창녕군,도천면,예리,252,127,125,253,128,125,1,1,0
4874040025,2024-01-31,경상남도,창녕군,도천면,어만리,123,65,58,123,64,59,0,-1,1
4874040026,2024-01-31,경상남도,창녕군,도천면,논리,102,50,52,102,50,52,0,0,0
4874040027,2024-01-31,경상남도,창녕군,도천면,우강리,270,128,142,264,125,139,-6,-3,-3
4874040028,2024-01-31,경상남도,창녕군,도천면,송진리,767,378,389,770,379,391,3,1,2
4874041021,2024-01-31,경상남도,창녕군,길곡면,증산리,447,235,212,444,234,210,-3,-1,-2
4874041022,2024-01-31,경상남도,창녕군,길곡면,오호리,353,179,174,352,177,175,-1,-2,1
4874041023,2024-01-31,경상남도,창녕군,길곡면,길곡리,325,168,157,319,163,156,-6,-5,-1
4874041024,2024-01-31,경상남도,창녕군,길곡면,마천리,362,178,184,359,179,180,-3,1,-4
4874042021,2024-01-31,경상남도,창녕군,부곡면,부곡리,968,452,516,968,453,515,0,1,-1
4874042022,2024-01-31,경상남도,창녕군,부곡면,거문리,762,396,366,757,394,363,-5,-2,-3
4874042023,2024-01-31,경상남도,창녕군,부곡면,사창리,206,104,102,204,103,101,-2,-1,-1
4874042024,2024-01-31,경상남도,창녕군,부곡면,온정리,131,68,63,131,68,63,0,0,0
4874042025,2024-01-31,경상남도,창녕군,부곡면,청암리,257,136,121,255,134,121,-2,-2,0
4874042026,2024-01-31,경상남도,창녕군,부곡면,노리,157,79,78,155,78,77,-2,-1,-1
4874042027,2024-01-31,경상남도,창녕군,부곡면,학포리,259,123,136,258,124,134,-1,1,-2
4874042028,2024-01-31,경상남도,창녕군,부곡면,구산리,188,86,102,185,86,99,-3,0,-3
4874042029,2024-01-31,경상남도,창녕군,부곡면,비봉리,137,67,70,135,65,70,-2,-2,0
4874042030,2024-01-31,경상남도,창녕군,부곡면,수다리,410,201,209,407,202,205,-3,1,-4
4882025021,2024-01-31,경상남도,고성군,고성읍,성내리,916,439,477,910,440,470,-6,1,-7
4882025022,2024-01-31,경상남도,고성군,고성읍,서외리,3774,1847,1927,3767,1830,1937,-7,-17,10
4882025023,2024-01-31,경상남도,고성군,고성읍,수남리,3316,1697,1619,3292,1688,1604,-24,-9,-15
4882025024,2024-01-31,경상남도,고성군,고성읍,동외리,6345,3137,3208,6333,3125,3208,-12,-12,0
4882025025,2024-01-31,경상남도,고성군,고성읍,송학리,2288,1158,1130,2275,1152,1123,-13,-6,-7
4882025026,2024-01-31,경상남도,고성군,고성읍,기월리,606,321,285,615,330,285,9,9,0
4882025027,2024-01-31,경상남도,고성군,고성읍,교사리,2576,1344,1232,2568,1343,1225,-8,-1,-7
4882025028,2024-01-31,경상남도,고성군,고성읍,무량리,207,101,106,204,99,105,-3,-2,-1
4882025029,2024-01-31,경상남도,고성군,고성읍,덕선리,290,143,147,287,141,146,-3,-2,-1
4882025030,2024-01-31,경상남도,고성군,고성읍,대평리,184,100,84,185,100,85,1,0,1
4882025031,2024-01-31,경상남도,고성군,고성읍,우산리,461,230,231,460,229,231,-1,-1,0
4882025032,2024-01-31,경상남도,고성군,고성읍,죽계리,380,193,187,382,194,188,2,1,1
4882025033,2024-01-31,경상남도,고성군,고성읍,율대리,304,168,136,301,167,134,-3,-1,-2
4882025034,2024-01-31,경상남도,고성군,고성읍,월평리,569,277,292,564,276,288,-5,-1,-4
4882025035,2024-01-31,경상남도,고성군,고성읍,신월리,509,260,249,509,260,249,0,0,0
4882025036,2024-01-31,경상남도,고성군,고성읍,이당리,347,187,160,343,184,159,-4,-3,-1
4882025037,2024-01-31,경상남도,고성군,고성읍,대독리,237,118,119,249,123,126,12,5,7
4882031021,2024-01-31,경상남도,고성군,삼산면,병산리,173,83,90,175,83,92,2,0,2
4882031022,2024-01-31,경상남도,고성군,삼산면,두포리,510,279,231,512,281,231,2,2,0
4882031023,2024-01-31,경상남도,고성군,삼산면,미룡리,348,171,177,351,172,179,3,1,2
4882031024,2024-01-31,경상남도,고성군,삼산면,삼봉리,300,165,135,296,162,134,-4,-3,-1
4882031025,2024-01-31,경상남도,고성군,삼산면,장치리,172,89,83,172,89,83,0,0,0
4882031026,2024-01-31,경상남도,고성군,삼산면,판곡리,219,106,113,221,108,113,2,2,0
4882032021,2024-01-31,경상남도,고성군,하일면,학림리,454,219,235,447,217,230,-7,-2,-5
4882032022,2024-01-31,경상남도,고성군,하일면,수양리,172,85,87,175,87,88,3,2,1
4882032023,2024-01-31,경상남도,고성군,하일면,용태리,189,90,99,187,90,97,-2,0,-2
4882032024,2024-01-31,경상남도,고성군,하일면,송천리,326,163,163,329,164,165,3,1,2
4882032025,2024-01-31,경상남도,고성군,하일면,오방리,155,73,82,156,74,82,1,1,0
4882032026,2024-01-31,경상남도,고성군,하일면,춘암리,296,146,150,294,145,149,-2,-1,-1
4882032027,2024-01-31,경상남도,고성군,하일면,동화리,199,108,91,199,108,91,0,0,0
4882033021,2024-01-31,경상남도,고성군,하이면,덕호리,1116,572,544,1119,576,543,3,4,-1
4882033022,2024-01-31,경상남도,고성군,하이면,덕명리,251,128,123,251,128,123,0,0,0
4882033023,2024-01-31,경상남도,고성군,하이면,월흥리,479,244,235,479,245,234,0,1,-1
4882033024,2024-01-31,경상남도,고성군,하이면,사곡리,99,52,47,96,51,45,-3,-1,-2
4882033025,2024-01-31,경상남도,고성군,하이면,석지리,227,126,101,225,125,100,-2,-1,-1
4882033026,2024-01-31,경상남도,고성군,하이면,와룡리,120,73,47,120,73,47,0,0,0
4882033027,2024-01-31,경상남도,고성군,하이면,봉현리,216,103,113,217,104,113,1,1,0
4882033028,2024-01-31,경상남도,고성군,하이면,봉원리,92,47,45,93,48,45,1,1,0
4882034021,2024-01-31,경상남도,고성군,상리면,척번정리,409,201,208,408,202,206,-1,1,-2
4882034022,2024-01-31,경상남도,고성군,상리면,고봉리,132,72,60,129,70,59,-3,-2,-1
4882034023,2024-01-31,경상남도,고성군,상리면,신촌리,90,44,46,89,42,47,-1,-2,1
4882034024,2024-01-31,경상남도,고성군,상리면,오산리,135,68,67,134,67,67,-1,-1,0
4882034025,2024-01-31,경상남도,고성군,상리면,동산리,100,47,53,100,47,53,0,0,0
4882034026,2024-01-31,경상남도,고성군,상리면,망림리,227,103,124,228,106,122,1,3,-2
4882034027,2024-01-31,경상남도,고성군,상리면,무선리,186,103,83,183,102,81,-3,-1,-2
4882034028,2024-01-31,경상남도,고성군,상리면,자은리,63,35,28,62,35,27,-1,0,-1
4882034029,2024-01-31,경상남도,고성군,상리면,부포리,261,134,127,259,133,126,-2,-1,-1
4882035021,2024-01-31,경상남도,고성군,대가면,척정리,188,96,92,188,96,92,0,0,0
4882035022,2024-01-31,경상남도,고성군,대가면,금산리,238,125,113,233,122,111,-5,-3,-2
4882035023,2024-01-31,경상남도,고성군,대가면,암전리,118,57,61,118,57,61,0,0,0
4882035024,2024-01-31,경상남도,고성군,대가면,유흥리,290,139,151,290,139,151,0,0,0
4882035025,2024-01-31,경상남도,고성군,대가면,양화리,97,54,43,100,57,43,3,3,0
4882035026,2024-01-31,경상남도,고성군,대가면,연지리,217,111,106,217,111,106,0,0,0
4882035027,2024-01-31,경상남도,고성군,대가면,송계리,232,122,110,232,122,110,0,0,0
4882035028,2024-01-31,경상남도,고성군,대가면,갈천리,125,71,54,125,71,54,0,0,0
4882035029,2024-01-31,경상남도,고성군,대가면,신전리,130,69,61,130,69,61,0,0,0
4882036021,2024-01-31,경상남도,고성군,영현면,침점리,69,33,36,68,34,34,-1,1,-2
4882036022,2024-01-31,경상남도,고성군,영현면,추계리,53,27,26,54,28,26,1,1,0
4882036023,2024-01-31,경상남도,고성군,영현면,봉발리,134,66,68,136,68,68,2,2,0
4882036024,2024-01-31,경상남도,고성군,영현면,대법리,132,60,72,137,64,73,5,4,1
4882036025,2024-01-31,경상남도,고성군,영현면,영부리,120,52,68,120,52,68,0,0,0
4882036026,2024-01-31,경상남도,고성군,영현면,봉림리,63,27,36,59,23,36,-4,-4,0
4882036027,2024-01-31,경상남도,고성군,영현면,신분리,143,67,76,144,68,76,1,1,0
4882036028,2024-01-31,경상남도,고성군,영현면,연화리,140,65,75,141,65,76,1,0,1
4882037021,2024-01-31,경상남도,고성군,영오면,영대리,237,112,125,237,110,127,0,-2,2
4882037022,2024-01-31,경상남도,고성군,영오면,오서리,207,105,102,206,104,102,-1,-1,0
4882037023,2024-01-31,경상남도,고성군,영오면,오동리,144,79,65,143,78,65,-1,-1,0
4882037024,2024-01-31,경상남도,고성군,영오면,영산리,253,125,128,254,125,129,1,0,1
4882037025,2024-01-31,경상남도,고성군,영오면,성곡리,159,82,77,158,82,76,-1,0,-1
4882037026,2024-01-31,경상남도,고성군,영오면,연당리,203,100,103,201,99,102,-2,-1,-1
4882037027,2024-01-31,경상남도,고성군,영오면,양산리,179,90,89,178,89,89,-1,-1,0
4882038021,2024-01-31,경상남도,고성군,개천면,청광리,182,89,93,184,91,93,2,2,0
4882038022,2024-01-31,경상남도,고성군,개천면,나선리,64,32,32,63,31,32,-1,-1,0
4882038023,2024-01-31,경상남도,고성군,개천면,가천리,139,72,67,137,72,65,-2,0,-2
4882038024,2024-01-31,경상남도,고성군,개천면,봉치리,72,34,38,72,34,38,0,0,0
4882038025,2024-01-31,경상남도,고성군,개천면,용안리,94,43,51,94,43,51,0,0,0
4882038026,2024-01-31,경상남도,고성군,개천면,북평리,68,35,33,67,34,33,-1,-1,0
4882038027,2024-01-31,경상남도,고성군,개천면,명성리,105,60,45,102,58,44,-3,-2,-1
4882038028,2024-01-31,경상남도,고성군,개천면,예성리,156,80,76,158,81,77,2,1,1
4882038029,2024-01-31,경상남도,고성군,개천면,좌연리,230,116,114,200,100,100,-30,-16,-14
4882039021,2024-01-31,경상남도,고성군,구만면,효락리,204,107,97,202,106,96,-2,-1,-1
4882039022,2024-01-31,경상남도,고성군,구만면,주평리,95,49,46,94,48,46,-1,-1,0
4882039023,2024-01-31,경상남도,고성군,구만면,화림리,207,90,117,210,92,118,3,2,1
4882039024,2024-01-31,경상남도,고성군,구만면,저연리,124,60,64,123,59,64,-1,-1,0
4882039025,2024-01-31,경상남도,고성군,구만면,용와리,105,55,50,104,55,49,-1,0,-1
4882039026,2024-01-31,경상남도,고성군,구만면,광덕리,253,129,124,251,130,121,-2,1,-3
4882040021,2024-01-31,경상남도,고성군,회화면,배둔리,2147,1056,1091,2142,1058,1084,-5,2,-7
4882040022,2024-01-31,경상남도,고성군,회화면,당항리,241,117,124,242,118,124,1,1,0
4882040023,2024-01-31,경상남도,고성군,회화면,봉동리,295,148,147,289,145,144,-6,-3,-3
4882040024,2024-01-31,경상남도,고성군,회화면,어신리,233,119,114,233,120,113,0,1,-1
4882040025,2024-01-31,경상남도,고성군,회화면,삼덕리,411,217,194,409,216,193,-2,-1,-1
4882040026,2024-01-31,경상남도,고성군,회화면,녹명리,138,67,71,138,67,71,0,0,0
4882041021,2024-01-31,경상남도,고성군,마암면,두호리,136,66,70,137,66,71,1,0,1
4882041022,2024-01-31,경상남도,고성군,마암면,삼락리,386,199,187,377,193,184,-9,-6,-3
4882041023,2024-01-31,경상남도,고성군,마암면,보전리,250,126,124,246,124,122,-4,-2,-2
4882041024,2024-01-31,경상남도,고성군,마암면,화산리,249,131,118,247,130,117,-2,-1,-1
4882041025,2024-01-31,경상남도,고성군,마암면,도전리,235,104,131,232,102,130,-3,-2,-1
4882041026,2024-01-31,경상남도,고성군,마암면,장산리,128,58,70,127,57,70,-1,-1,0
4882041027,2024-01-31,경상남도,고성군,마암면,성전리,84,39,45,86,41,45,2,2,0
4882041028,2024-01-31,경상남도,고성군,마암면,신리,124,64,60,126,65,61,2,1,1
4882041029,2024-01-31,경상남도,고성군,마암면,석마리,122,65,57,122,65,57,0,0,0
4882042021,2024-01-31,경상남도,고성군,동해면,장기리,284,152,132,288,154,134,4,2,2
4882042022,2024-01-31,경상남도,고성군,동해면,양촌리,423,216,207,425,218,207,2,2,0
4882042023,2024-01-31,경상남도,고성군,동해면,외산리,363,189,174,363,190,173,0,1,-1
4882042024,2024-01-31,경상남도,고성군,동해면,내산리,345,185,160,338,179,159,-7,-6,-1
4882042025,2024-01-31,경상남도,고성군,동해면,용정리,293,152,141,291,150,141,-2,-2,0
4882042026,2024-01-31,경상남도,고성군,동해면,장좌리,411,225,186,409,224,185,-2,-1,-1
4882042027,2024-01-31,경상남도,고성군,동해면,봉암리,423,213,210,418,211,207,-5,-2,-3
4882042028,2024-01-31,경상남도,고성군,동해면,외곡리,243,117,126,243,117,126,0,0,0
4882042029,2024-01-31,경상남도,고성군,동해면,내곡리,291,147,144,290,145,145,-1,-2,1
4882043021,2024-01-31,경상남도,고성군,거류면,당동리,1478,750,728,1468,743,725,-10,-7,-3
4882043022,2024-01-31,경상남도,고성군,거류면,신용리,714,378,336,717,378,339,3,0,3
4882043023,2024-01-31,경상남도,고성군,거류면,화당리,122,60,62,120,61,59,-2,1,-3
4882043024,2024-01-31,경상남도,고성군,거류면,거산리,96,50,46,96,50,46,0,0,0
4882043025,2024-01-31,경상남도,고성군,거류면,가려리,238,117,121,237,116,121,-1,-1,0
4882043026,2024-01-31,경상남도,고성군,거류면,송산리,347,177,170,351,181,170,4,4,0
4882043027,2024-01-31,경상남도,고성군,거류면,은월리,353,177,176,351,178,173,-2,1,-3
4882043028,2024-01-31,경상남도,고성군,거류면,용산리,354,187,167,350,185,165,-4,-2,-2
4882043029,2024-01-31,경상남도,고성군,거류면,감서리,517,268,249,518,269,249,1,1,0
4884025021,2024-01-31,경상남도,남해군,남해읍,북변리,2322,1129,1193,2348,1137,1211,26,8,18
4884025022,2024-01-31,경상남도,남해군,남해읍,서변리,1480,731,749,1478,733,745,-2,2,-4
4884025023,2024-01-31,경상남도,남해군,남해읍,남변리,975,523,452,944,499,445,-31,-24,-7
4884025024,2024-01-31,경상남도,남해군,남해읍,차산리,931,459,472,931,459,472,0,0,0
4884025025,2024-01-31,경상남도,남해군,남해읍,선소리,328,176,152,329,177,152,1,1,0
4884025026,2024-01-31,경상남도,남해군,남해읍,심천리,486,229,257,484,228,256,-2,-1,-1
4884025027,2024-01-31,경상남도,남해군,남해읍,아산리,3792,1813,1979,3741,1786,1955,-51,-27,-24
4884025028,2024-01-31,경상남도,남해군,남해읍,평현리,579,285,294,576,286,290,-3,1,-4
4884025029,2024-01-31,경상남도,남해군,남해읍,평리,1135,549,586,1133,546,587,-2,-3,1
4884025030,2024-01-31,경상남도,남해군,남해읍,입현리,553,282,271,547,279,268,-6,-3,-3
4884031021,2024-01-31,경상남도,남해군,이동면,다정리,430,215,215,437,217,220,7,2,5
4884031022,2024-01-31,경상남도,남해군,이동면,초음리,749,425,324,750,426,324,1,1,0
4884031023,2024-01-31,경상남도,남해군,이동면,석평리,219,99,120,219,99,120,0,0,0
4884031024,2024-01-31,경상남도,남해군,이동면,무림리,795,373,422,793,373,420,-2,0,-2
4884031025,2024-01-31,경상남도,남해군,이동면,신전리,424,199,225,423,198,225,-1,-1,0
4884031026,2024-01-31,경상남도,남해군,이동면,화계리,247,120,127,249,120,129,2,0,2
4884031027,2024-01-31,경상남도,남해군,이동면,용소리,359,161,198,361,164,197,2,3,-1
4884031028,2024-01-31,경상남도,남해군,이동면,난음리,461,221,240,456,218,238,-5,-3,-2
4884032021,2024-01-31,경상남도,남해군,상주면,양아리,410,208,202,405,204,201,-5,-4,-1
4884032022,2024-01-31,경상남도,남해군,상주면,상주리,1191,574,617,1188,573,615,-3,-1,-2
4884033021,2024-01-31,경상남도,남해군,삼동면,영지리,480,233,247,481,233,248,1,0,1
4884033022,2024-01-31,경상남도,남해군,삼동면,지족리,848,401,447,845,400,445,-3,-1,-2
4884033023,2024-01-31,경상남도,남해군,삼동면,금송리,452,224,228,456,229,227,4,5,-1
4884033024,2024-01-31,경상남도,남해군,삼동면,동천리,590,286,304,598,291,307,8,5,3
4884033025,2024-01-31,경상남도,남해군,삼동면,봉화리,447,214,233,452,215,237,5,1,4
4884033026,2024-01-31,경상남도,남해군,삼동면,물건리,909,460,449,901,453,448,-8,-7,-1
4884034000,2024-01-31,경상남도,남해군,미조면,미조면,2,2,0,0,0,0,-2,-2,0
4884034021,2024-01-31,경상남도,남해군,미조면,송정리,747,383,364,746,380,366,-1,-3,2
4884034022,2024-01-31,경상남도,남해군,미조면,미조리,1359,716,643,1354,712,642,-5,-4,-1
4884035021,2024-01-31,경상남도,남해군,남면,당항리,537,267,270,535,264,271,-2,-3,1
4884035022,2024-01-31,경상남도,남해군,남면,석교리,286,137,149,282,136,146,-4,-1,-3
4884035023,2024-01-31,경상남도,남해군,남면,홍현리,419,204,215,419,202,217,0,-2,2
4884035024,2024-01-31,경상남도,남해군,남면,선구리,448,206,242,444,203,241,-4,-3,-1
4884035025,2024-01-31,경상남도,남해군,남면,임포리,209,90,119,213,92,121,4,2,2
4884035026,2024-01-31,경상남도,남해군,남면,평산리,465,236,229,467,235,232,2,-1,3
4884035027,2024-01-31,경상남도,남해군,남면,덕월리,341,160,181,337,157,180,-4,-3,-1
4884035028,2024-01-31,경상남도,남해군,남면,상가리,172,79,93,174,80,94,2,1,1
4884035029,2024-01-31,경상남도,남해군,남면,죽전리,428,216,212,429,218,211,1,2,-1
4884036021,2024-01-31,경상남도,남해군,서면,연죽리,71,37,34,70,37,33,-1,0,-1
4884036022,2024-01-31,경상남도,남해군,서면,대정리,262,128,134,262,128,134,0,0,0
4884036023,2024-01-31,경상남도,남해군,서면,서호리,147,69,78,147,68,79,0,-1,1
4884036024,2024-01-31,경상남도,남해군,서면,서상리,511,260,251,512,261,251,1,1,0
4884036025,2024-01-31,경상남도,남해군,서면,작장리,355,167,188,358,167,191,3,0,3
4884036026,2024-01-31,경상남도,남해군,서면,남상리,386,195,191,390,196,194,4,1,3
4884036027,2024-01-31,경상남도,남해군,서면,노구리,278,137,141,277,137,140,-1,0,-1
4884036028,2024-01-31,경상남도,남해군,서면,중현리,224,103,121,225,103,122,1,0,1
4884036029,2024-01-31,경상남도,남해군,서면,정포리,193,93,100,191,92,99,-2,-1,-1
4884037021,2024-01-31,경상남도,남해군,고현면,이어리,629,304,325,632,305,327,3,1,2
4884037022,2024-01-31,경상남도,남해군,고현면,대곡리,220,99,121,220,97,123,0,-2,2
4884037023,2024-01-31,경상남도,남해군,고현면,도마리,595,292,303,590,290,300,-5,-2,-3
4884037024,2024-01-31,경상남도,남해군,고현면,오곡리,227,104,123,229,105,124,2,1,1
4884037025,2024-01-31,경상남도,남해군,고현면,포상리,330,155,175,327,153,174,-3,-2,-1
4884037026,2024-01-31,경상남도,남해군,고현면,남치리,182,90,92,180,89,91,-2,-1,-1
4884037027,2024-01-31,경상남도,남해군,고현면,대사리,503,234,269,501,234,267,-2,0,-2
4884037028,2024-01-31,경상남도,남해군,고현면,차면리,171,75,96,169,74,95,-2,-1,-1
4884037029,2024-01-31,경상남도,남해군,고현면,갈화리,461,216,245,461,215,246,0,-1,1
4884038021,2024-01-31,경상남도,남해군,설천면,비란리,286,126,160,288,127,161,2,1,1
4884038022,2024-01-31,경상남도,남해군,설천면,진목리,384,191,193,381,191,190,-3,0,-3
4884038023,2024-01-31,경상남도,남해군,설천면,문항리,319,161,158,317,159,158,-2,-2,0
4884038024,2024-01-31,경상남도,남해군,설천면,금음리,480,230,250,480,229,251,0,-1,1
4884038025,2024-01-31,경상남도,남해군,설천면,남양리,210,96,114,213,96,117,3,0,3
4884038026,2024-01-31,경상남도,남해군,설천면,문의리,437,215,222,444,220,224,7,5,2
4884038027,2024-01-31,경상남도,남해군,설천면,노량리,260,112,148,263,114,149,3,2,1
4884038028,2024-01-31,경상남도,남해군,설천면,덕신리,327,161,166,326,162,164,-1,1,-2
4884039021,2024-01-31,경상남도,남해군,창선면,상신리,227,101,126,227,100,127,0,-1,1
4884039022,2024-01-31,경상남도,남해군,창선면,동대리,335,167,168,334,168,166,-1,1,-2
4884039023,2024-01-31,경상남도,남해군,창선면,당항리,395,185,210,391,183,208,-4,-2,-2
4884039024,2024-01-31,경상남도,남해군,창선면,대벽리,505,228,277,501,226,275,-4,-2,-2
4884039025,2024-01-31,경상남도,남해군,창선면,율도리,322,146,176,317,143,174,-5,-3,-2
4884039026,2024-01-31,경상남도,남해군,창선면,서대리,242,117,125,247,122,125,5,5,0
4884039027,2024-01-31,경상남도,남해군,창선면,광천리,417,201,216,421,205,216,4,4,0
4884039028,2024-01-31,경상남도,남해군,창선면,지족리,460,210,250,467,215,252,7,5,2
4884039029,2024-01-31,경상남도,남해군,창선면,옥천리,138,58,80,138,58,80,0,0,0
4884039030,2024-01-31,경상남도,남해군,창선면,당저리,238,105,133,235,103,132,-3,-2,-1
4884039031,2024-01-31,경상남도,남해군,창선면,상죽리,395,195,200,392,193,199,-3,-2,-1
4884039032,2024-01-31,경상남도,남해군,창선면,수산리,313,152,161,317,154,163,4,2,2
4884039033,2024-01-31,경상남도,남해군,창선면,부윤리,252,127,125,249,126,123,-3,-1,-2
4884039034,2024-01-31,경상남도,남해군,창선면,오용리,278,131,147,275,130,145,-3,-1,-2
4884039035,2024-01-31,경상남도,남해군,창선면,가인리,305,155,150,304,154,150,-1,-1,0
4884039036,2024-01-31,경상남도,남해군,창선면,진동리,505,246,259,506,246,260,1,0,1
4885025021,2024-01-31,경상남도,하동군,하동읍,읍내리,4034,1950,2084,4022,1939,2083,-12,-11,-1
4885025022,2024-01-31,경상남도,하동군,하동읍,광평리,1716,823,893,1712,822,890,-4,-1,-3
4885025023,2024-01-31,경상남도,하동군,하동읍,비파리,1378,679,699,1373,672,701,-5,-7,2
4885025024,2024-01-31,경상남도,하동군,하동읍,신기리,416,210,206,427,215,212,11,5,6
4885025025,2024-01-31,경상남도,하동군,하동읍,목도리,395,184,211,391,182,209,-4,-2,-2
4885025026,2024-01-31,경상남도,하동군,하동읍,흥룡리,294,158,136,292,156,136,-2,-2,0
4885025027,2024-01-31,경상남도,하동군,하동읍,화심리,523,270,253,519,265,254,-4,-5,1
4885025028,2024-01-31,경상남도,하동군,하동읍,두곡리,679,351,328,675,349,326,-4,-2,-2
4885031021,2024-01-31,경상남도,하동군,화개면,부춘리,315,159,156,312,158,154,-3,-1,-2
4885031022,2024-01-31,경상남도,하동군,화개면,덕은리,293,151,142,294,152,142,1,1,0
4885031023,2024-01-31,경상남도,하동군,화개면,탑리,574,284,290,569,279,290,-5,-5,0
4885031024,2024-01-31,경상남도,하동군,화개면,삼신리,295,146,149,297,147,150,2,1,1
4885031025,2024-01-31,경상남도,하동군,화개면,정금리,265,127,138,265,127,138,0,0,0
4885031026,2024-01-31,경상남도,하동군,화개면,운수리,326,179,147,323,179,144,-3,0,-3
4885031027,2024-01-31,경상남도,하동군,화개면,용강리,365,172,193,362,171,191,-3,-1,-2
4885031028,2024-01-31,경상남도,하동군,화개면,범왕리,264,138,126,268,141,127,4,3,1
4885031029,2024-01-31,경상남도,하동군,화개면,대성리,184,100,84,179,99,80,-5,-1,-4
4885032021,2024-01-31,경상남도,하동군,악양면,미점리,201,103,98,200,102,98,-1,-1,0
4885032022,2024-01-31,경상남도,하동군,악양면,축지리,234,111,123,231,110,121,-3,-1,-2
4885032023,2024-01-31,경상남도,하동군,악양면,신대리,250,120,130,249,119,130,-1,-1,0
4885032024,2024-01-31,경상남도,하동군,악양면,신성리,327,168,159,328,167,161,1,-1,2
4885032025,2024-01-31,경상남도,하동군,악양면,신흥리,186,98,88,184,96,88,-2,-2,0
4885032026,2024-01-31,경상남도,하동군,악양면,중대리,195,94,101,196,94,102,1,0,1
4885032027,2024-01-31,경상남도,하동군,악양면,동매리,202,100,102,201,99,102,-1,-1,0
4885032028,2024-01-31,경상남도,하동군,악양면,등촌리,181,98,83,180,98,82,-1,0,-1
4885032029,2024-01-31,경상남도,하동군,악양면,매계리,235,120,115,236,120,116,1,0,1
4885032030,2024-01-31,경상남도,하동군,악양면,정동리,210,106,104,209,105,104,-1,-1,0
4885032031,2024-01-31,경상남도,하동군,악양면,정서리,456,213,243,455,213,242,-1,0,-1
4885032032,2024-01-31,경상남도,하동군,악양면,입석리,306,145,161,302,145,157,-4,0,-4
4885032033,2024-01-31,경상남도,하동군,악양면,봉대리,244,128,116,246,126,120,2,-2,4
4885032034,2024-01-31,경상남도,하동군,악양면,평사리,151,73,78,144,68,76,-7,-5,-2
4885033021,2024-01-31,경상남도,하동군,적량면,관리,304,159,145,304,160,144,0,1,-1
4885033022,2024-01-31,경상남도,하동군,적량면,우계리,281,134,147,279,135,144,-2,1,-3
4885033023,2024-01-31,경상남도,하동군,적량면,동리,259,129,130,258,129,129,-1,0,-1
4885033024,2024-01-31,경상남도,하동군,적량면,서리,283,144,139,289,146,143,6,2,4
4885033025,2024-01-31,경상남도,하동군,적량면,동산리,427,203,224,428,204,224,1,1,0
4885033026,2024-01-31,경상남도,하동군,적량면,고절리,288,143,145,285,143,142,-3,0,-3
4885034021,2024-01-31,경상남도,하동군,횡천면,전대리,183,90,93,182,90,92,-1,0,-1
4885034022,2024-01-31,경상남도,하동군,횡천면,애치리,171,88,83,172,89,83,1,1,0
4885034023,2024-01-31,경상남도,하동군,횡천면,여의리,170,93,77,169,95,74,-1,2,-3
4885034024,2024-01-31,경상남도,하동군,횡천면,횡천리,452,209,243,447,205,242,-5,-4,-1
4885034025,2024-01-31,경상남도,하동군,횡천면,월평리,176,92,84,175,92,83,-1,0,-1
4885034026,2024-01-31,경상남도,하동군,횡천면,남산리,397,186,211,391,183,208,-6,-3,-3
4885034027,2024-01-31,경상남도,하동군,횡천면,학리,248,132,116,244,129,115,-4,-3,-1
4885035021,2024-01-31,경상남도,하동군,고전면,범아리,252,121,131,251,122,129,-1,1,-2
4885035022,2024-01-31,경상남도,하동군,고전면,성천리,244,113,131,244,115,129,0,2,-2
4885035023,2024-01-31,경상남도,하동군,고전면,신월리,405,204,201,401,202,199,-4,-2,-2
4885035024,2024-01-31,경상남도,하동군,고전면,전도리,449,234,215,445,232,213,-4,-2,-2
4885035025,2024-01-31,경상남도,하동군,고전면,대덕리,180,86,94,181,87,94,1,1,0
4885035026,2024-01-31,경상남도,하동군,고전면,고하리,261,122,139,262,123,139,1,1,0
4885035027,2024-01-31,경상남도,하동군,고전면,성평리,127,68,59,127,68,59,0,0,0
4885035028,2024-01-31,경상남도,하동군,고전면,명교리,114,51,63,112,50,62,-2,-1,-1
4885036022,2024-01-31,경상남도,하동군,금남면,중평리,381,182,199,379,182,197,-2,0,-2
4885036023,2024-01-31,경상남도,하동군,금남면,대치리,322,171,151,327,175,152,5,4,1
4885036024,2024-01-31,경상남도,하동군,금남면,노량리,540,269,271,542,270,272,2,1,1
4885036025,2024-01-31,경상남도,하동군,금남면,송문리,453,219,234,452,220,232,-1,1,-2
4885036026,2024-01-31,경상남도,하동군,금남면,대송리,226,125,101,225,124,101,-1,-1,0
4885036027,2024-01-31,경상남도,하동군,금남면,덕천리,475,243,232,476,244,232,1,1,0
4885036028,2024-01-31,경상남도,하동군,금남면,진정리,333,179,154,332,178,154,-1,-1,0
4885036030,2024-01-31,경상남도,하동군,금남면,계천리,377,206,171,373,203,170,-4,-3,-1
4885036034,2024-01-31,경상남도,하동군,금남면,대도리,124,69,55,124,69,55,0,0,0
4885037021,2024-01-31,경상남도,하동군,진교면,진교리,2043,986,1057,2029,983,1046,-14,-3,-11
4885037022,2024-01-31,경상남도,하동군,진교면,백련리,270,139,131,270,139,131,0,0,0
4885037023,2024-01-31,경상남도,하동군,진교면,안심리,145,72,73,146,73,73,1,1,0
4885037024,2024-01-31,경상남도,하동군,진교면,고룡리,1339,681,658,1333,675,658,-6,-6,0
4885037025,2024-01-31,경상남도,하동군,진교면,양포리,385,179,206,380,176,204,-5,-3,-2
4885037026,2024-01-31,경상남도,하동군,진교면,관곡리,347,180,167,344,180,164,-3,0,-3
4885037027,2024-01-31,경상남도,하동군,진교면,월운리,193,99,94,195,100,95,2,1,1
4885037028,2024-01-31,경상남도,하동군,진교면,송원리,365,197,168,365,197,168,0,0,0
4885037029,2024-01-31,경상남도,하동군,진교면,고이리,245,120,125,246,121,125,1,1,0
4885037030,2024-01-31,경상남도,하동군,진교면,술상리,293,152,141,292,151,141,-1,-1,0
4885038021,2024-01-31,경상남도,하동군,양보면,운암리,325,159,166,323,159,164,-2,0,-2
4885038022,2024-01-31,경상남도,하동군,양보면,장암리,227,116,111,227,115,112,0,-1,1
4885038023,2024-01-31,경상남도,하동군,양보면,감당리,249,125,124,252,127,125,3,2,1
4885038024,2024-01-31,경상남도,하동군,양보면,우복리,235,122,113,239,123,116,4,1,3
4885038025,2024-01-31,경상남도,하동군,양보면,통정리,176,90,86,173,87,86,-3,-3,0
4885038026,2024-01-31,경상남도,하동군,양보면,박달리,191,87,104,189,89,100,-2,2,-4
4885038027,2024-01-31,경상남도,하동군,양보면,지례리,216,100,116,217,100,117,1,0,1
4885039021,2024-01-31,경상남도,하동군,북천면,방화리,228,115,113,226,114,112,-2,-1,-1
4885039022,2024-01-31,경상남도,하동군,북천면,사평리,202,99,103,205,100,105,3,1,2
4885039023,2024-01-31,경상남도,하동군,북천면,직전리,347,168,179,349,169,180,2,1,1
4885039024,2024-01-31,경상남도,하동군,북천면,옥정리,306,151,155,302,147,155,-4,-4,0
4885039025,2024-01-31,경상남도,하동군,북천면,서황리,202,98,104,201,98,103,-1,0,-1
4885039026,2024-01-31,경상남도,하동군,북천면,화정리,301,146,155,298,144,154,-3,-2,-1
4885040000,2024-01-31,경상남도,하동군,청암면,청암면,9,6,3,0,0,0,-9,-6,-3
4885040021,2024-01-31,경상남도,하동군,청암면,평촌리,242,107,135,241,107,134,-1,0,-1
4885040022,2024-01-31,경상남도,하동군,청암면,명호리,168,99,69,167,99,68,-1,0,-1
4885040023,2024-01-31,경상남도,하동군,청암면,중이리,160,80,80,159,80,79,-1,0,-1
4885040024,2024-01-31,경상남도,하동군,청암면,상이리,188,112,76,189,113,76,1,1,0
4885040025,2024-01-31,경상남도,하동군,청암면,묵계리,578,310,268,581,308,273,3,-2,5
4885041021,2024-01-31,경상남도,하동군,옥종면,청룡리,811,413,398,807,411,396,-4,-2,-2
4885041022,2024-01-31,경상남도,하동군,옥종면,월횡리,151,75,76,152,76,76,1,1,0
4885041023,2024-01-31,경상남도,하동군,옥종면,두양리,307,160,147,309,160,149,2,0,2
4885041024,2024-01-31,경상남도,하동군,옥종면,종화리,115,56,59,116,57,59,1,1,0
4885041025,2024-01-31,경상남도,하동군,옥종면,문암리,253,121,132,248,118,130,-5,-3,-2
4885041026,2024-01-31,경상남도,하동군,옥종면,안계리,183,85,98,186,87,99,3,2,1
4885041027,2024-01-31,경상남도,하동군,옥종면,병천리,330,183,147,334,185,149,4,2,2
4885041028,2024-01-31,경상남도,하동군,옥종면,법대리,211,107,104,211,107,104,0,0,0
4885041029,2024-01-31,경상남도,하동군,옥종면,대곡리,325,164,161,325,165,160,0,1,-1
4885041030,2024-01-31,경상남도,하동군,옥종면,북방리,307,154,153,306,153,153,-1,-1,0
4885041031,2024-01-31,경상남도,하동군,옥종면,정수리,296,137,159,299,139,160,3,2,1
4885041032,2024-01-31,경상남도,하동군,옥종면,양구리,310,166,144,303,160,143,-7,-6,-1
4885041033,2024-01-31,경상남도,하동군,옥종면,궁항리,181,97,84,183,99,84,2,2,0
4885041034,2024-01-31,경상남도,하동군,옥종면,위태리,171,86,85,171,84,87,0,-2,2
4885041035,2024-01-31,경상남도,하동군,옥종면,회신리,113,57,56,112,57,55,-1,0,-1
4885042021,2024-01-31,경상남도,하동군,금성면,가덕리,668,339,329,664,338,326,-4,-1,-3
4885042022,2024-01-31,경상남도,하동군,금성면,궁항리,731,397,334,726,396,330,-5,-1,-4
4885042023,2024-01-31,경상남도,하동군,금성면,고포리,281,145,136,282,144,138,1,-1,2
4885042024,2024-01-31,경상남도,하동군,금성면,갈사리,1091,566,525,1097,567,530,6,1,5
4886025021,2024-01-31,경상남도,산청군,산청읍,산청리,771,370,401,770,371,399,-1,1,-2
4886025022,2024-01-31,경상남도,산청군,산청읍,옥산리,1632,781,851,1619,776,843,-13,-5,-8
4886025023,2024-01-31,경상남도,산청군,산청읍,지리,1935,951,984,1944,952,992,9,1,8
4886025024,2024-01-31,경상남도,산청군,산청읍,모고리,291,141,150,291,140,151,0,-1,1
4886025025,2024-01-31,경상남도,산청군,산청읍,송경리,85,38,47,85,37,48,0,-1,1
4886025026,2024-01-31,경상남도,산청군,산청읍,차탄리,298,162,136,300,163,137,2,1,1
4886025027,2024-01-31,경상남도,산청군,산청읍,부리,176,90,86,173,88,85,-3,-2,-1
4886025028,2024-01-31,경상남도,산청군,산청읍,병정리,106,51,55,105,51,54,-1,0,-1
4886025029,2024-01-31,경상남도,산청군,산청읍,내수리,119,60,59,119,60,59,0,0,0
4886025030,2024-01-31,경상남도,산청군,산청읍,정곡리,249,130,119,251,131,120,2,1,1
4886025031,2024-01-31,경상남도,산청군,산청읍,척지리,104,51,53,104,51,53,0,0,0
4886025032,2024-01-31,경상남도,산청군,산청읍,범학리,254,124,130,253,123,130,-1,-1,0
4886025033,2024-01-31,경상남도,산청군,산청읍,묵곡리,51,24,27,50,23,27,-1,-1,0
4886025034,2024-01-31,경상남도,산청군,산청읍,내리,659,328,331,661,328,333,2,0,2
4886031021,2024-01-31,경상남도,산청군,차황면,장위리,205,101,104,203,100,103,-2,-1,-1
4886031022,2024-01-31,경상남도,산청군,차황면,양곡리,100,47,53,101,48,53,1,1,0
4886031023,2024-01-31,경상남도,산청군,차황면,상중리,99,48,51,96,48,48,-3,0,-3
4886031024,2024-01-31,경상남도,산청군,차황면,실매리,98,47,51,98,47,51,0,0,0
4886031025,2024-01-31,경상남도,산청군,차황면,장박리,116,56,60,119,59,60,3,3,0
4886031026,2024-01-31,경상남도,산청군,차황면,법평리,171,86,85,169,86,83,-2,0,-2
4886031027,2024-01-31,경상남도,산청군,차황면,신기리,174,88,86,175,89,86,1,1,0
4886031028,2024-01-31,경상남도,산청군,차황면,부리,135,62,73,136,63,73,1,1,0
4886031029,2024-01-31,경상남도,산청군,차황면,우사리,54,28,26,54,29,25,0,1,-1
4886031030,2024-01-31,경상남도,산청군,차황면,철수리,107,52,55,108,53,55,1,1,0
4886031031,2024-01-31,경상남도,산청군,차황면,상법리,99,55,44,99,55,44,0,0,0
4886032021,2024-01-31,경상남도,산청군,오부면,양촌리,131,64,67,133,64,69,2,0,2
4886032022,2024-01-31,경상남도,산청군,오부면,방곡리,128,62,66,124,60,64,-4,-2,-2
4886032023,2024-01-31,경상남도,산청군,오부면,내곡리,153,79,74,149,77,72,-4,-2,-2
4886032024,2024-01-31,경상남도,산청군,오부면,일물리,59,33,26,57,32,25,-2,-1,-1
4886032025,2024-01-31,경상남도,산청군,오부면,오전리,210,108,102,208,106,102,-2,-2,0
4886032026,2024-01-31,경상남도,산청군,오부면,중촌리,158,80,78,159,81,78,1,1,0
4886032027,2024-01-31,경상남도,산청군,오부면,왕촌리,111,54,57,112,55,57,1,1,0
4886032028,2024-01-31,경상남도,산청군,오부면,대현리,80,33,47,80,33,47,0,0,0
4886033021,2024-01-31,경상남도,산청군,생초면,어서리,641,332,309,640,333,307,-1,1,-2
4886033022,2024-01-31,경상남도,산청군,생초면,노은리,147,68,79,147,68,79,0,0,0
4886033023,2024-01-31,경상남도,산청군,생초면,구평리,77,35,42,78,36,42,1,1,0
4886033024,2024-01-31,경상남도,산청군,생초면,향양리,113,54,59,111,52,59,-2,-2,0
4886033025,2024-01-31,경상남도,산청군,생초면,월곡리,158,77,81,158,76,82,0,-1,1
4886033026,2024-01-31,경상남도,산청군,생초면,신연리,139,61,78,139,61,78,0,0,0
4886033027,2024-01-31,경상남도,산청군,생초면,대포리,70,34,36,70,35,35,0,1,-1
4886033028,2024-01-31,경상남도,산청군,생초면,갈전리,105,49,56,105,49,56,0,0,0
4886033029,2024-01-31,경상남도,산청군,생초면,평촌리,137,69,68,139,70,69,2,1,1
4886033030,2024-01-31,경상남도,산청군,생초면,하촌리,96,46,50,94,44,50,-2,-2,0
4886033031,2024-01-31,경상남도,산청군,생초면,상촌리,111,49,62,111,49,62,0,0,0
4886033032,2024-01-31,경상남도,산청군,생초면,계남리,89,44,45,89,44,45,0,0,0
4886034021,2024-01-31,경상남도,산청군,금서면,매촌리,698,362,336,709,367,342,11,5,6
4886034022,2024-01-31,경상남도,산청군,금서면,평촌리,220,94,126,220,94,126,0,0,0
4886034023,2024-01-31,경상남도,산청군,금서면,향양리,308,150,158,311,152,159,3,2,1
4886034024,2024-01-31,경상남도,산청군,금서면,수철리,177,83,94,177,83,94,0,0,0
4886034025,2024-01-31,경상남도,산청군,금서면,지막리,205,98,107,205,97,108,0,-1,1
4886034026,2024-01-31,경상남도,산청군,금서면,특리,350,171,179,352,172,180,2,1,1
4886034027,2024-01-31,경상남도,산청군,금서면,신아리,189,100,89,188,99,89,-1,-1,0
4886034028,2024-01-31,경상남도,산청군,금서면,주상리,160,79,81,156,77,79,-4,-2,-2
4886034029,2024-01-31,경상남도,산청군,금서면,화계리,189,94,95,187,92,95,-2,-2,0
4886034030,2024-01-31,경상남도,산청군,금서면,자혜리,82,44,38,82,44,38,0,0,0
4886034031,2024-01-31,경상남도,산청군,금서면,방곡리,142,72,70,142,72,70,0,0,0
4886034032,2024-01-31,경상남도,산청군,금서면,오봉리,46,25,21,46,25,21,0,0,0
4886035021,2024-01-31,경상남도,산청군,삼장면,석남리,251,128,123,249,127,122,-2,-1,-1
4886035022,2024-01-31,경상남도,산청군,삼장면,홍계리,353,189,164,356,192,164,3,3,0
4886035023,2024-01-31,경상남도,산청군,삼장면,평촌리,251,116,135,247,112,135,-4,-4,0
4886035024,2024-01-31,경상남도,산청군,삼장면,유평리,122,43,79,122,43,79,0,0,0
4886035025,2024-01-31,경상남도,산청군,삼장면,덕교리,225,106,119,227,106,121,2,0,2
4886035026,2024-01-31,경상남도,산청군,삼장면,대포리,335,162,173,339,165,174,4,3,1
4886035027,2024-01-31,경상남도,산청군,삼장면,내원리,53,32,21,49,30,19,-4,-2,-2
4886035028,2024-01-31,경상남도,산청군,삼장면,대하리,221,101,120,218,100,118,-3,-1,-2
4886036021,2024-01-31,경상남도,산청군,시천면,중산리,276,145,131,277,144,133,1,-1,2
4886036022,2024-01-31,경상남도,산청군,시천면,사리,952,455,497,949,455,494,-3,0,-3
4886036023,2024-01-31,경상남도,산청군,시천면,내대리,489,246,243,491,248,243,2,2,0
4886036024,2024-01-31,경상남도,산청군,시천면,외공리,139,70,69,140,70,70,1,0,1
4886036025,2024-01-31,경상남도,산청군,시천면,반천리,133,69,64,133,69,64,0,0,0
4886036026,2024-01-31,경상남도,산청군,시천면,원리,636,318,318,638,317,321,2,-1,3
4886036027,2024-01-31,경상남도,산청군,시천면,내공리,239,111,128,239,110,129,0,-1,1
4886036028,2024-01-31,경상남도,산청군,시천면,천평리,417,230,187,416,230,186,-1,0,-1
4886036029,2024-01-31,경상남도,산청군,시천면,동당리,250,129,121,248,127,121,-2,-2,0
4886036030,2024-01-31,경상남도,산청군,시천면,신천리,291,144,147,288,141,147,-3,-3,0
4886036031,2024-01-31,경상남도,산청군,시천면,중태리,160,82,78,159,82,77,-1,0,-1
4886037021,2024-01-31,경상남도,산청군,단성면,성내리,621,296,325,612,288,324,-9,-8,-1
4886037022,2024-01-31,경상남도,산청군,단성면,강누리,532,272,260,525,270,255,-7,-2,-5
4886037023,2024-01-31,경상남도,산청군,단성면,방목리,861,409,452,864,406,458,3,-3,6
4886037024,2024-01-31,경상남도,산청군,단성면,청계리,256,125,131,253,127,126,-3,2,-5
4886037025,2024-01-31,경상남도,산청군,단성면,운리,202,103,99,207,106,101,5,3,2
4886037026,2024-01-31,경상남도,산청군,단성면,입석리,414,227,187,411,226,185,-3,-1,-2
4886037027,2024-01-31,경상남도,산청군,단성면,길리,288,159,129,284,158,126,-4,-1,-3
4886037028,2024-01-31,경상남도,산청군,단성면,남사리,195,103,92,193,102,91,-2,-1,-1
4886037029,2024-01-31,경상남도,산청군,단성면,사월리,541,291,250,541,291,250,0,0,0
4886037030,2024-01-31,경상남도,산청군,단성면,묵곡리,213,114,99,216,115,101,3,1,2
4886037031,2024-01-31,경상남도,산청군,단성면,소남리,191,87,104,191,88,103,0,1,-1
4886037032,2024-01-31,경상남도,산청군,단성면,관정리,234,123,111,235,123,112,1,0,1
4886037033,2024-01-31,경상남도,산청군,단성면,호리,221,111,110,221,110,111,0,-1,1
4886037034,2024-01-31,경상남도,산청군,단성면,당산리,198,92,106,200,93,107,2,1,1
4886037035,2024-01-31,경상남도,산청군,단성면,창촌리,275,139,136,279,141,138,4,2,2
4886037036,2024-01-31,경상남도,산청군,단성면,백운리,197,101,96,196,100,96,-1,-1,0
4886037037,2024-01-31,경상남도,산청군,단성면,자양리,156,82,74,157,84,73,1,2,-1
4886038021,2024-01-31,경상남도,산청군,신안면,하정리,2435,1191,1244,2432,1187,1245,-3,-4,1
4886038022,2024-01-31,경상남도,산청군,신안면,신기리,144,70,74,145,70,75,1,0,1
4886038023,2024-01-31,경상남도,산청군,신안면,청현리,284,149,135,283,149,134,-1,0,-1
4886038024,2024-01-31,경상남도,산청군,신안면,문대리,266,130,136,271,133,138,5,3,2
4886038025,2024-01-31,경상남도,산청군,신안면,장죽리,205,98,107,203,96,107,-2,-2,0
4886038026,2024-01-31,경상남도,산청군,신안면,소이리,231,115,116,231,116,115,0,1,-1
4886038027,2024-01-31,경상남도,산청군,신안면,외고리,342,176,166,339,175,164,-3,-1,-2
4886038028,2024-01-31,경상남도,산청군,신안면,갈전리,317,163,154,316,161,155,-1,-2,1
4886038029,2024-01-31,경상남도,산청군,신안면,안봉리,361,184,177,359,184,175,-2,0,-2
4886038030,2024-01-31,경상남도,산청군,신안면,외송리,384,197,187,383,195,188,-1,-2,1
4886038031,2024-01-31,경상남도,산청군,신안면,신안리,241,118,123,240,119,121,-1,1,-2
4886038032,2024-01-31,경상남도,산청군,신안면,중촌리,288,137,151,290,138,152,2,1,1
4886039021,2024-01-31,경상남도,산청군,생비량면,도전리,285,149,136,285,152,133,0,3,-3
4886039022,2024-01-31,경상남도,산청군,생비량면,도리,296,136,160,295,137,158,-1,1,-2
4886039023,2024-01-31,경상남도,산청군,생비량면,화현리,151,70,81,152,70,82,1,0,1
4886039024,2024-01-31,경상남도,산청군,생비량면,가계리,254,121,133,248,117,131,-6,-4,-2
4886039025,2024-01-31,경상남도,산청군,생비량면,제보리,129,67,62,131,68,63,2,1,1
4886040021,2024-01-31,경상남도,산청군,신등면,단계리,549,281,268,554,282,272,5,1,4
4886040022,2024-01-31,경상남도,산청군,신등면,양전리,274,145,129,271,143,128,-3,-2,-1
4886040023,2024-01-31,경상남도,산청군,신등면,가술리,292,147,145,294,148,146,2,1,1
4886040024,2024-01-31,경상남도,산청군,신등면,간공리,67,33,34,66,33,33,-1,0,-1
4886040025,2024-01-31,경상남도,산청군,신등면,사정리,76,34,42,71,32,39,-5,-2,-3
4886040026,2024-01-31,경상남도,산청군,신등면,평지리,190,96,94,196,99,97,6,3,3
4886040027,2024-01-31,경상남도,산청군,신등면,율현리,109,45,64,109,45,64,0,0,0
4886040028,2024-01-31,경상남도,산청군,신등면,모례리,220,120,100,221,121,100,1,1,0
4886040029,2024-01-31,경상남도,산청군,신등면,장천리,207,102,105,207,103,104,0,1,-1
4887025021,2024-01-31,경상남도,함양군,함양읍,운림리,1263,617,646,1263,610,653,0,-7,7
4887025022,2024-01-31,경상남도,함양군,함양읍,용평리,2396,1155,1241,2391,1145,1246,-5,-10,5
4887025023,2024-01-31,경상남도,함양군,함양읍,대덕리,200,91,109,200,91,109,0,0,0
4887025024,2024-01-31,경상남도,함양군,함양읍,교산리,8913,4289,4624,8877,4275,4602,-36,-14,-22
4887025025,2024-01-31,경상남도,함양군,함양읍,신천리,328,153,175,325,152,173,-3,-1,-2
4887025026,2024-01-31,경상남도,함양군,함양읍,신관리,377,186,191,380,189,191,3,3,0
4887025027,2024-01-31,경상남도,함양군,함양읍,백천리,554,282,272,554,284,270,0,2,-2
4887025028,2024-01-31,경상남도,함양군,함양읍,백연리,865,447,418,859,443,416,-6,-4,-2
4887025029,2024-01-31,경상남도,함양군,함양읍,이은리,924,463,461,916,455,461,-8,-8,0
4887025030,2024-01-31,경상남도,함양군,함양읍,난평리,268,138,130,268,137,131,0,-1,1
4887025031,2024-01-31,경상남도,함양군,함양읍,삼산리,250,122,128,251,124,127,1,2,-1
4887025032,2024-01-31,경상남도,함양군,함양읍,죽곡리,244,112,132,240,110,130,-4,-2,-2
4887025033,2024-01-31,경상남도,함양군,함양읍,웅곡리,171,89,82,170,88,82,-1,-1,0
4887025034,2024-01-31,경상남도,함양군,함양읍,구룡리,333,155,178,333,154,179,0,-1,1
4887025035,2024-01-31,경상남도,함양군,함양읍,죽림리,397,191,206,396,190,206,-1,-1,0
4887031021,2024-01-31,경상남도,함양군,마천면,가흥리,354,174,180,344,170,174,-10,-4,-6
4887031022,2024-01-31,경상남도,함양군,마천면,군자리,229,106,123,226,106,120,-3,0,-3
4887031023,2024-01-31,경상남도,함양군,마천면,덕전리,203,98,105,202,99,103,-1,1,-2
4887031024,2024-01-31,경상남도,함양군,마천면,삼정리,236,112,124,234,112,122,-2,0,-2
4887031025,2024-01-31,경상남도,함양군,마천면,강청리,175,89,86,173,88,85,-2,-1,-1
4887031026,2024-01-31,경상남도,함양군,마천면,추성리,164,83,81,162,82,80,-2,-1,-1
4887031027,2024-01-31,경상남도,함양군,마천면,의탄리,248,132,116,249,133,116,1,1,0
4887031028,2024-01-31,경상남도,함양군,마천면,창원리,192,92,100,193,92,101,1,0,1
4887031029,2024-01-31,경상남도,함양군,마천면,구양리,227,105,122,228,105,123,1,0,1
4887032021,2024-01-31,경상남도,함양군,휴천면,월평리,95,54,41,95,53,42,0,-1,1
4887032022,2024-01-31,경상남도,함양군,휴천면,금반리,186,88,98,182,85,97,-4,-3,-1
4887032023,2024-01-31,경상남도,함양군,휴천면,태관리,112,59,53,112,59,53,0,0,0
4887032024,2024-01-31,경상남도,함양군,휴천면,목현리,164,85,79,163,84,79,-1,-1,0
4887032025,2024-01-31,경상남도,함양군,휴천면,호산리,121,63,58,120,62,58,-1,-1,0
4887032026,2024-01-31,경상남도,함양군,휴천면,대천리,102,53,49,102,53,49,0,0,0
4887032027,2024-01-31,경상남도,함양군,휴천면,남호리,166,75,91,171,77,94,5,2,3
4887032028,2024-01-31,경상남도,함양군,휴천면,동강리,91,44,47,93,45,48,2,1,1
4887032029,2024-01-31,경상남도,함양군,휴천면,운서리,66,34,32,66,34,32,0,0,0
4887032030,2024-01-31,경상남도,함양군,휴천면,송전리,144,70,74,144,70,74,0,0,0
4887032031,2024-01-31,경상남도,함양군,휴천면,문정리,213,105,108,212,106,106,-1,1,-2
4887033021,2024-01-31,경상남도,함양군,유림면,손곡리,167,88,79,164,86,78,-3,-2,-1
4887033022,2024-01-31,경상남도,함양군,유림면,유평리,175,74,101,174,74,100,-1,0,-1
4887033023,2024-01-31,경상남도,함양군,유림면,서주리,147,75,72,146,75,71,-1,0,-1
4887033024,2024-01-31,경상남도,함양군,유림면,화촌리,288,128,160,297,133,164,9,5,4
4887033025,2024-01-31,경상남도,함양군,유림면,장항리,90,48,42,90,48,42,0,0,0
4887033026,2024-01-31,경상남도,함양군,유림면,국계리,121,59,62,119,57,62,-2,-2,0
4887033027,2024-01-31,경상남도,함양군,유림면,대궁리,176,76,100,177,76,101,1,0,1
4887033028,2024-01-31,경상남도,함양군,유림면,웅평리,125,62,63,122,59,63,-3,-3,0
4887033029,2024-01-31,경상남도,함양군,유림면,옥매리,289,143,146,287,143,144,-2,0,-2
4887034021,2024-01-31,경상남도,함양군,수동면,화산리,850,423,427,849,425,424,-1,2,-3
4887034022,2024-01-31,경상남도,함양군,수동면,죽산리,162,84,78,161,84,77,-1,0,-1
4887034023,2024-01-31,경상남도,함양군,수동면,하교리,152,75,77,152,75,77,0,0,0
4887034024,2024-01-31,경상남도,함양군,수동면,도북리,188,93,95,188,93,95,0,0,0
4887034025,2024-01-31,경상남도,함양군,수동면,상백리,145,70,75,145,70,75,0,0,0
4887034026,2024-01-31,경상남도,함양군,수동면,내백리,263,132,131,259,129,130,-4,-3,-1
4887034027,2024-01-31,경상남도,함양군,수동면,우명리,308,152,156,307,151,156,-1,-1,0
4887034028,2024-01-31,경상남도,함양군,수동면,원평리,218,112,106,216,110,106,-2,-2,0
4887035021,2024-01-31,경상남도,함양군,지곡면,개평리,185,88,97,182,89,93,-3,1,-4
4887035022,2024-01-31,경상남도,함양군,지곡면,평촌리,140,71,69,139,70,69,-1,-1,0
4887035023,2024-01-31,경상남도,함양군,지곡면,덕암리,222,111,111,222,111,111,0,0,0
4887035024,2024-01-31,경상남도,함양군,지곡면,마산리,138,60,78,138,60,78,0,0,0
4887035025,2024-01-31,경상남도,함양군,지곡면,시목리,187,77,110,187,78,109,0,1,-1
4887035026,2024-01-31,경상남도,함양군,지곡면,남효리,93,46,47,94,48,46,1,2,-1
4887035027,2024-01-31,경상남도,함양군,지곡면,창평리,257,120,137,258,122,136,1,2,-1
4887035028,2024-01-31,경상남도,함양군,지곡면,도촌리,20,9,11,20,9,11,0,0,0
4887035029,2024-01-31,경상남도,함양군,지곡면,공배리,275,141,134,267,138,129,-8,-3,-5
4887035030,2024-01-31,경상남도,함양군,지곡면,보산리,480,233,247,480,234,246,0,1,-1
4887036021,2024-01-31,경상남도,함양군,안의면,금천리,527,253,274,521,252,269,-6,-1,-5
4887036022,2024-01-31,경상남도,함양군,안의면,당본리,561,254,307,564,257,307,3,3,0
4887036023,2024-01-31,경상남도,함양군,안의면,이전리,385,173,212,382,170,212,-3,-3,0
4887036024,2024-01-31,경상남도,함양군,안의면,석천리,239,112,127,245,112,133,6,0,6
4887036025,2024-01-31,경상남도,함양군,안의면,황곡리,328,160,168,324,158,166,-4,-2,-2
4887036026,2024-01-31,경상남도,함양군,안의면,도림리,222,101,121,224,102,122,2,1,1
4887036027,2024-01-31,경상남도,함양군,안의면,초동리,179,73,106,179,74,105,0,1,-1
4887036028,2024-01-31,경상남도,함양군,안의면,봉산리,261,118,143,268,123,145,7,5,2
4887036029,2024-01-31,경상남도,함양군,안의면,귀곡리,94,47,47,94,47,47,0,0,0
4887036030,2024-01-31,경상남도,함양군,안의면,대대리,239,115,124,237,114,123,-2,-1,-1
4887036031,2024-01-31,경상남도,함양군,안의면,신안리,202,92,110,201,92,109,-1,0,-1
4887036032,2024-01-31,경상남도,함양군,안의면,하원리,272,126,146,271,123,148,-1,-3,2
4887036033,2024-01-31,경상남도,함양군,안의면,상원리,245,124,121,253,128,125,8,4,4
4887036034,2024-01-31,경상남도,함양군,안의면,교북리,223,97,126,224,98,126,1,1,0
4887036035,2024-01-31,경상남도,함양군,안의면,월림리,254,131,123,253,130,123,-1,-1,0
4887037021,2024-01-31,경상남도,함양군,서하면,송계리,392,187,205,389,188,201,-3,1,-4
4887037022,2024-01-31,경상남도,함양군,서하면,운곡리,323,159,164,325,161,164,2,2,0
4887037023,2024-01-31,경상남도,함양군,서하면,다곡리,79,40,39,80,41,39,1,1,0
4887037024,2024-01-31,경상남도,함양군,서하면,황산리,170,69,101,169,70,99,-1,1,-2
4887037025,2024-01-31,경상남도,함양군,서하면,봉전리,380,180,200,381,181,200,1,1,0
4887038021,2024-01-31,경상남도,함양군,서상면,대남리,402,197,205,402,199,203,0,2,-2
4887038022,2024-01-31,경상남도,함양군,서상면,도천리,375,165,210,376,166,210,1,1,0
4887038023,2024-01-31,경상남도,함양군,서상면,옥산리,217,111,106,216,110,106,-1,-1,0
4887038024,2024-01-31,경상남도,함양군,서상면,금당리,254,113,141,256,115,141,2,2,0
4887038025,2024-01-31,경상남도,함양군,서상면,중남리,169,86,83,167,84,83,-2,-2,0
4887038026,2024-01-31,경상남도,함양군,서상면,상남리,327,160,167,330,163,167,3,3,0
4887039021,2024-01-31,경상남도,함양군,백전면,평정리,196,96,100,198,97,101,2,1,1
4887039022,2024-01-31,경상남도,함양군,백전면,양백리,236,122,114,236,121,115,0,-1,1
4887039023,2024-01-31,경상남도,함양군,백전면,백운리,212,107,105,211,106,105,-1,-1,0
4887039024,2024-01-31,경상남도,함양군,백전면,운산리,229,118,111,229,118,111,0,0,0
4887039025,2024-01-31,경상남도,함양군,백전면,대안리,206,114,92,212,116,96,6,2,4
4887039026,2024-01-31,경상남도,함양군,백전면,구산리,89,44,45,89,44,45,0,0,0
4887039027,2024-01-31,경상남도,함양군,백전면,오천리,155,81,74,160,85,75,5,4,1
4887039028,2024-01-31,경상남도,함양군,백전면,경백리,206,102,104,206,103,103,0,1,-1
4887040021,2024-01-31,경상남도,함양군,병곡면,옥계리,206,91,115,206,92,114,0,1,-1
4887040022,2024-01-31,경상남도,함양군,병곡면,연덕리,191,94,97,196,96,100,5,2,3
4887040023,2024-01-31,경상남도,함양군,병곡면,송평리,132,64,68,132,64,68,0,0,0
4887040024,2024-01-31,경상남도,함양군,병곡면,도천리,244,127,117,242,126,116,-2,-1,-1
4887040025,2024-01-31,경상남도,함양군,병곡면,월암리,168,84,84,164,82,82,-4,-2,-2
4887040026,2024-01-31,경상남도,함양군,병곡면,광평리,215,112,103,217,114,103,2,2,0
4887040027,2024-01-31,경상남도,함양군,병곡면,원산리,109,62,47,110,63,47,1,1,0
4888025021,2024-01-31,경상남도,거창군,거창읍,상림리,9263,4574,4689,9233,4557,4676,-30,-17,-13
4888025022,2024-01-31,경상남도,거창군,거창읍,중앙리,4039,1928,2111,4022,1926,2096,-17,-2,-15
4888025023,2024-01-31,경상남도,거창군,거창읍,대동리,9405,4535,4870,9384,4513,4871,-21,-22,1
4888025024,2024-01-31,경상남도,거창군,거창읍,대평리,4407,2219,2188,4400,2211,2189,-7,-8,1
4888025025,2024-01-31,경상남도,거창군,거창읍,김천리,3071,1485,1586,3066,1483,1583,-5,-2,-3
4888025026,2024-01-31,경상남도,거창군,거창읍,송정리,3633,1902,1731,3604,1875,1729,-29,-27,-2
4888025027,2024-01-31,경상남도,거창군,거창읍,장팔리,719,372,347,716,368,348,-3,-4,1
4888025028,2024-01-31,경상남도,거창군,거창읍,정장리,565,298,267,564,297,267,-1,-1,0
4888025029,2024-01-31,경상남도,거창군,거창읍,동변리,395,199,196,396,198,198,1,-1,2
4888025030,2024-01-31,경상남도,거창군,거창읍,서변리,369,175,194,369,174,195,0,-1,1
4888025031,2024-01-31,경상남도,거창군,거창읍,가지리,3030,1495,1535,3059,1513,1546,29,18,11
4888025032,2024-01-31,경상남도,거창군,거창읍,양평리,521,259,262,520,259,261,-1,0,-1
4888025033,2024-01-31,경상남도,거창군,거창읍,학리,355,186,169,359,188,171,4,2,2
4888031021,2024-01-31,경상남도,거창군,주상면,성기리,303,142,161,302,142,160,-1,0,-1
4888031022,2024-01-31,경상남도,거창군,주상면,남산리,207,99,108,205,98,107,-2,-1,-1
4888031023,2024-01-31,경상남도,거창군,주상면,거기리,208,106,102,212,108,104,4,2,2
4888031024,2024-01-31,경상남도,거창군,주상면,도평리,311,157,154,305,154,151,-6,-3,-3
4888031025,2024-01-31,경상남도,거창군,주상면,연교리,182,100,82,180,98,82,-2,-2,0
4888031026,2024-01-31,경상남도,거창군,주상면,완대리,193,101,92,191,100,91,-2,-1,-1
4888031027,2024-01-31,경상남도,거창군,주상면,내오리,105,49,56,105,48,57,0,-1,1
4888032021,2024-01-31,경상남도,거창군,웅양면,신촌리,288,139,149,291,141,150,3,2,1
4888032022,2024-01-31,경상남도,거창군,웅양면,한기리,217,110,107,216,109,107,-1,-1,0
4888032023,2024-01-31,경상남도,거창군,웅양면,죽림리,231,110,121,231,110,121,0,0,0
4888032024,2024-01-31,경상남도,거창군,웅양면,군암리,198,100,98,196,99,97,-2,-1,-1
4888032025,2024-01-31,경상남도,거창군,웅양면,동호리,200,96,104,202,97,105,2,1,1
4888032026,2024-01-31,경상남도,거창군,웅양면,산포리,287,148,139,285,147,138,-2,-1,-1
4888032027,2024-01-31,경상남도,거창군,웅양면,노현리,377,191,186,373,191,182,-4,0,-4
4888033021,2024-01-31,경상남도,거창군,고제면,개명리,320,163,157,314,159,155,-6,-4,-2
4888033022,2024-01-31,경상남도,거창군,고제면,봉산리,341,168,173,337,165,172,-4,-3,-1
4888033023,2024-01-31,경상남도,거창군,고제면,봉계리,264,144,120,267,145,122,3,1,2
4888033024,2024-01-31,경상남도,거창군,고제면,농산리,229,122,107,233,124,109,4,2,2
4888033025,2024-01-31,경상남도,거창군,고제면,궁항리,220,95,125,221,96,125,1,1,0
4888034021,2024-01-31,경상남도,거창군,북상면,병곡리,162,85,77,163,85,78,1,0,1
4888034022,2024-01-31,경상남도,거창군,북상면,갈계리,350,164,186,366,171,195,16,7,9
4888034023,2024-01-31,경상남도,거창군,북상면,농산리,185,91,94,182,89,93,-3,-2,-1
4888034024,2024-01-31,경상남도,거창군,북상면,월성리,296,136,160,294,137,157,-2,1,-3
4888034025,2024-01-31,경상남도,거창군,북상면,소정리,323,156,167,320,157,163,-3,1,-4
4888034026,2024-01-31,경상남도,거창군,북상면,산수리,115,63,52,112,61,51,-3,-2,-1
4888034027,2024-01-31,경상남도,거창군,북상면,창선리,74,37,37,73,36,37,-1,-1,0
4888035021,2024-01-31,경상남도,거창군,위천면,장기리,561,279,282,547,274,273,-14,-5,-9
4888035022,2024-01-31,경상남도,거창군,위천면,남산리,236,117,119,238,120,118,2,3,-1
4888035023,2024-01-31,경상남도,거창군,위천면,상천리,350,169,181,355,174,181,5,5,0
4888035024,2024-01-31,경상남도,거창군,위천면,당산리,118,56,62,118,56,62,0,0,0
4888035025,2024-01-31,경상남도,거창군,위천면,강천리,235,108,127,233,106,127,-2,-2,0
4888035026,2024-01-31,경상남도,거창군,위천면,모동리,233,107,126,228,106,122,-5,-1,-4
4888035028,2024-01-31,경상남도,거창군,위천면,황산리,235,119,116,227,114,113,-8,-5,-3
4888036021,2024-01-31,경상남도,거창군,마리면,말흘리,452,223,229,452,224,228,0,1,-1
4888036022,2024-01-31,경상남도,거창군,마리면,영승리,295,145,150,300,147,153,5,2,3
4888036023,2024-01-31,경상남도,거창군,마리면,고학리,255,125,130,254,126,128,-1,1,-2
4888036024,2024-01-31,경상남도,거창군,마리면,율리,215,98,117,215,99,116,0,1,-1
4888036025,2024-01-31,경상남도,거창군,마리면,대동리,295,149,146,302,155,147,7,6,1
4888036026,2024-01-31,경상남도,거창군,마리면,하고리,217,101,116,218,102,116,1,1,0
4888036027,2024-01-31,경상남도,거창군,마리면,월계리,223,108,115,222,107,115,-1,-1,0
4888037021,2024-01-31,경상남도,거창군,남상면,무촌리,541,263,278,537,259,278,-4,-4,0
4888037022,2024-01-31,경상남도,거창군,남상면,대산리,462,238,224,463,241,222,1,3,-2
4888037023,2024-01-31,경상남도,거창군,남상면,둔동리,251,118,133,247,116,131,-4,-2,-2
4888037024,2024-01-31,경상남도,거창군,남상면,월평리,278,139,139,276,138,138,-2,-1,-1
4888037025,2024-01-31,경상남도,거창군,남상면,송변리,80,38,42,80,38,42,0,0,0
4888037026,2024-01-31,경상남도,거창군,남상면,전척리,126,64,62,125,63,62,-1,-1,0
4888037027,2024-01-31,경상남도,거창군,남상면,오계리,191,91,100,192,91,101,1,0,1
4888037028,2024-01-31,경상남도,거창군,남상면,임불리,214,98,116,212,97,115,-2,-1,-1
4888037029,2024-01-31,경상남도,거창군,남상면,춘전리,100,52,48,100,52,48,0,0,0
4888037030,2024-01-31,경상남도,거창군,남상면,진목리,71,30,41,70,30,40,-1,0,-1
4888038021,2024-01-31,경상남도,거창군,남하면,무릉리,398,194,204,403,196,207,5,2,3
4888038022,2024-01-31,경상남도,거창군,남하면,양항리,297,147,150,297,148,149,0,1,-1
4888038023,2024-01-31,경상남도,거창군,남하면,둔마리,279,134,145,279,134,145,0,0,0
4888038024,2024-01-31,경상남도,거창군,남하면,지산리,252,114,138,246,111,135,-6,-3,-3
4888038025,2024-01-31,경상남도,거창군,남하면,대야리,194,101,93,191,100,91,-3,-1,-2
4888039021,2024-01-31,경상남도,거창군,신원면,수원리,101,55,46,100,54,46,-1,-1,0
4888039022,2024-01-31,경상남도,거창군,신원면,와룡리,130,67,63,129,67,62,-1,0,-1
4888039023,2024-01-31,경상남도,거창군,신원면,청수리,100,50,50,99,49,50,-1,-1,0
4888039024,2024-01-31,경상남도,거창군,신원면,대현리,147,76,71,147,76,71,0,0,0
4888039025,2024-01-31,경상남도,거창군,신원면,구사리,258,119,139,258,121,137,0,2,-2
4888039026,2024-01-31,경상남도,거창군,신원면,과정리,289,139,150,289,140,149,0,1,-1
4888039027,2024-01-31,경상남도,거창군,신원면,양지리,187,87,100,187,89,98,0,2,-2
4888039028,2024-01-31,경상남도,거창군,신원면,덕산리,158,82,76,158,82,76,0,0,0
4888039029,2024-01-31,경상남도,거창군,신원면,중유리,158,67,91,162,70,92,4,3,1
4888040021,2024-01-31,경상남도,거창군,가조면,대초리,117,54,63,114,53,61,-3,-1,-2
4888040022,2024-01-31,경상남도,거창군,가조면,기리,278,135,143,277,133,144,-1,-2,1
4888040023,2024-01-31,경상남도,거창군,가조면,석강리,299,144,155,298,143,155,-1,-1,0
4888040024,2024-01-31,경상남도,거창군,가조면,사병리,272,134,138,273,134,139,1,0,1
4888040025,2024-01-31,경상남도,거창군,가조면,일부리,324,154,170,325,155,170,1,1,0
4888040026,2024-01-31,경상남도,거창군,가조면,도리,280,132,148,279,132,147,-1,0,-1
4888040027,2024-01-31,경상남도,거창군,가조면,장기리,315,141,174,316,142,174,1,1,0
4888040028,2024-01-31,경상남도,거창군,가조면,마상리,793,382,411,788,378,410,-5,-4,-1
4888040029,2024-01-31,경상남도,거창군,가조면,수월리,543,269,274,535,265,270,-8,-4,-4
4888040030,2024-01-31,경상남도,거창군,가조면,동례리,335,171,164,330,171,159,-5,0,-5
4888041021,2024-01-31,경상남도,거창군,가북면,용산리,226,110,116,228,112,116,2,2,0
4888041022,2024-01-31,경상남도,거창군,가북면,우혜리,287,141,146,290,143,147,3,2,1
4888041023,2024-01-31,경상남도,거창군,가북면,중촌리,167,89,78,167,89,78,0,0,0
4888041024,2024-01-31,경상남도,거창군,가북면,해평리,167,78,89,167,77,90,0,-1,1
4888041025,2024-01-31,경상남도,거창군,가북면,용암리,214,110,104,210,107,103,-4,-3,-1
4888041026,2024-01-31,경상남도,거창군,가북면,몽석리,159,75,84,159,75,84,0,0,0
4888041027,2024-01-31,경상남도,거창군,가북면,박암리,131,70,61,129,70,59,-2,0,-2
4889025021,2024-01-31,경상남도,합천군,합천읍,합천리,8660,4222,4438,8660,4227,4433,0,5,-5
4889025022,2024-01-31,경상남도,합천군,합천읍,금양리,194,90,104,192,90,102,-2,0,-2
4889025023,2024-01-31,경상남도,합천군,합천읍,영창리,933,439,494,938,442,496,5,3,2
4889025024,2024-01-31,경상남도,합천군,합천읍,내곡리,121,66,55,120,66,54,-1,0,-1
4889025025,2024-01-31,경상남도,합천군,합천읍,서산리,328,165,163,321,160,161,-7,-5,-2
4889025026,2024-01-31,경상남도,합천군,합천읍,용계리,126,66,60,125,66,59,-1,0,-1
4889025027,2024-01-31,경상남도,합천군,합천읍,외곡리,156,91,65,156,91,65,0,0,0
4889025028,2024-01-31,경상남도,합천군,합천읍,장계리,159,74,85,160,74,86,1,0,1
4889025029,2024-01-31,경상남도,합천군,합천읍,인곡리,152,74,78,151,74,77,-1,0,-1
4889031021,2024-01-31,경상남도,합천군,봉산면,압곡리,117,52,65,117,51,66,0,-1,1
4889031022,2024-01-31,경상남도,합천군,봉산면,권빈리,240,125,115,240,125,115,0,0,0
4889031023,2024-01-31,경상남도,합천군,봉산면,상현리,80,49,31,80,49,31,0,0,0
4889031025,2024-01-31,경상남도,합천군,봉산면,김봉리,196,94,102,199,95,104,3,1,2
4889031026,2024-01-31,경상남도,합천군,봉산면,봉계리,93,50,43,94,51,43,1,1,0
4889031027,2024-01-31,경상남도,합천군,봉산면,송림리,68,39,29,69,40,29,1,1,0
4889031028,2024-01-31,경상남도,합천군,봉산면,계산리,207,100,107,206,98,108,-1,-2,1
4889031029,2024-01-31,경상남도,합천군,봉산면,고삼리,68,33,35,66,31,35,-2,-2,0
4889031030,2024-01-31,경상남도,합천군,봉산면,양지리,114,57,57,112,57,55,-2,0,-2
4889031031,2024-01-31,경상남도,합천군,봉산면,노곡리,104,54,50,102,52,50,-2,-2,0
4889031032,2024-01-31,경상남도,합천군,봉산면,술곡리,72,39,33,72,39,33,0,0,0
4889031033,2024-01-31,경상남도,합천군,봉산면,도곡리,36,22,14,36,22,14,0,0,0
4889032021,2024-01-31,경상남도,합천군,묘산면,반포리,84,47,37,85,48,37,1,1,0
4889032022,2024-01-31,경상남도,합천군,묘산면,팔심리,68,34,34,68,34,34,0,0,0
4889032023,2024-01-31,경상남도,합천군,묘산면,안성리,132,70,62,133,71,62,1,1,0
4889032025,2024-01-31,경상남도,합천군,묘산면,관기리,234,115,119,234,115,119,0,0,0
4889032026,2024-01-31,경상남도,합천군,묘산면,광산리,78,36,42,77,35,42,-1,-1,0
4889032027,2024-01-31,경상남도,합천군,묘산면,도옥리,134,68,66,132,67,65,-2,-1,-1
4889032028,2024-01-31,경상남도,합천군,묘산면,산제리,320,153,167,324,154,170,4,1,3
4889032029,2024-01-31,경상남도,합천군,묘산면,가산리,108,45,63,106,45,61,-2,0,-2
4889032030,2024-01-31,경상남도,합천군,묘산면,화양리,100,54,46,101,54,47,1,0,1
4889032031,2024-01-31,경상남도,합천군,묘산면,거산리,121,58,63,121,58,63,0,0,0
4889032032,2024-01-31,경상남도,합천군,묘산면,봉곡리,83,42,41,83,42,41,0,0,0
4889033021,2024-01-31,경상남도,합천군,가야면,죽전리,125,67,58,125,67,58,0,0,0
4889033022,2024-01-31,경상남도,합천군,가야면,대전리,172,91,81,169,90,79,-3,-1,-2
4889033023,2024-01-31,경상남도,합천군,가야면,가천리,127,62,65,130,63,67,3,1,2
4889033024,2024-01-31,경상남도,합천군,가야면,구미리,161,81,80,160,80,80,-1,-1,0
4889033025,2024-01-31,경상남도,합천군,가야면,성기리,160,75,85,159,75,84,-1,0,-1
4889033026,2024-01-31,경상남도,합천군,가야면,매안리,383,192,191,381,192,189,-2,0,-2
4889033027,2024-01-31,경상남도,합천군,가야면,매화리,179,90,89,178,89,89,-1,-1,0
4889033028,2024-01-31,경상남도,합천군,가야면,청현리,116,63,53,115,62,53,-1,-1,0
4889033029,2024-01-31,경상남도,합천군,가야면,이천리,57,34,23,57,34,23,0,0,0
4889033030,2024-01-31,경상남도,합천군,가야면,사촌리,246,114,132,244,115,129,-2,1,-3
4889033031,2024-01-31,경상남도,합천군,가야면,황산리,627,301,326,629,302,327,2,1,1
4889033032,2024-01-31,경상남도,합천군,가야면,야천리,661,335,326,669,339,330,8,4,4
4889033033,2024-01-31,경상남도,합천군,가야면,구원리,242,104,138,243,105,138,1,1,0
4889033034,2024-01-31,경상남도,합천군,가야면,치인리,703,341,362,697,340,357,-6,-1,-5
4889034021,2024-01-31,경상남도,합천군,야로면,덕암리,68,31,37,68,31,37,0,0,0
4889034022,2024-01-31,경상남도,합천군,야로면,청계리,78,38,40,77,38,39,-1,0,-1
4889034023,2024-01-31,경상남도,합천군,야로면,정대리,261,132,129,257,130,127,-4,-2,-2
4889034024,2024-01-31,경상남도,합천군,야로면,월광리,156,65,91,154,65,89,-2,0,-2
4889034025,2024-01-31,경상남도,합천군,야로면,묵촌리,149,79,70,145,77,68,-4,-2,-2
4889034026,2024-01-31,경상남도,합천군,야로면,구정리,473,228,245,477,230,247,4,2,2
4889034027,2024-01-31,경상남도,합천군,야로면,금평리,153,74,79,153,73,80,0,-1,1
4889034028,2024-01-31,경상남도,합천군,야로면,하빈리,238,105,133,239,107,132,1,2,-1
4889034029,2024-01-31,경상남도,합천군,야로면,매촌리,170,79,91,169,78,91,-1,-1,0
4889034030,2024-01-31,경상남도,합천군,야로면,야로리,135,65,70,134,64,70,-1,-1,0
4889034031,2024-01-31,경상남도,합천군,야로면,하림리,240,116,124,240,115,125,0,-1,1
4889034032,2024-01-31,경상남도,합천군,야로면,나대리,156,82,74,158,83,75,2,1,1
4889035021,2024-01-31,경상남도,합천군,율곡면,기리,50,29,21,50,29,21,0,0,0
4889035022,2024-01-31,경상남도,합천군,율곡면,내천리,116,56,60,116,56,60,0,0,0
4889035023,2024-01-31,경상남도,합천군,율곡면,두사리,49,20,29,49,20,29,0,0,0
4889035024,2024-01-31,경상남도,합천군,율곡면,갑산리,122,58,64,122,57,65,0,-1,1
4889035025,2024-01-31,경상남도,합천군,율곡면,낙민리,230,113,117,234,117,117,4,4,0
4889035026,2024-01-31,경상남도,합천군,율곡면,노양리,143,65,78,142,65,77,-1,0,-1
4889035027,2024-01-31,경상남도,합천군,율곡면,와리,104,60,44,103,60,43,-1,0,-1
4889035028,2024-01-31,경상남도,합천군,율곡면,율진리,143,76,67,143,75,68,0,-1,1
4889035029,2024-01-31,경상남도,합천군,율곡면,항곡리,133,66,67,132,65,67,-1,-1,0
4889035030,2024-01-31,경상남도,합천군,율곡면,문림리,152,76,76,150,74,76,-2,-2,0
4889035031,2024-01-31,경상남도,합천군,율곡면,본천리,128,63,65,127,64,63,-1,1,-2
4889035032,2024-01-31,경상남도,합천군,율곡면,영전리,243,126,117,244,127,117,1,1,0
4889035033,2024-01-31,경상남도,합천군,율곡면,제내리,272,143,129,275,146,129,3,3,0
4889035034,2024-01-31,경상남도,합천군,율곡면,임북리,192,97,95,189,95,94,-3,-2,-1
4889036021,2024-01-31,경상남도,합천군,초계면,아막리,242,123,119,239,121,118,-3,-2,-1
4889036022,2024-01-31,경상남도,합천군,초계면,초계리,806,395,411,812,398,414,6,3,3
4889036023,2024-01-31,경상남도,합천군,초계면,중리,102,44,58,102,44,58,0,0,0
4889036024,2024-01-31,경상남도,합천군,초계면,대동리,100,41,59,98,41,57,-2,0,-2
4889036025,2024-01-31,경상남도,합천군,초계면,상대리,150,75,75,149,75,74,-1,0,-1
4889036026,2024-01-31,경상남도,합천군,초계면,택리,165,81,84,166,82,84,1,1,0
4889036027,2024-01-31,경상남도,합천군,초계면,원당리,133,68,65,133,68,65,0,0,0
4889036028,2024-01-31,경상남도,합천군,초계면,관평리,183,96,87,182,96,86,-1,0,-1
4889036029,2024-01-31,경상남도,합천군,초계면,대평리,151,72,79,149,71,78,-2,-1,-1
4889036030,2024-01-31,경상남도,합천군,초계면,유하리,119,55,64,119,55,64,0,0,0
4889036031,2024-01-31,경상남도,합천군,초계면,신촌리,93,36,57,92,36,56,-1,0,-1
4889037021,2024-01-31,경상남도,합천군,쌍책면,상신리,167,85,82,168,86,82,1,1,0
4889037022,2024-01-31,경상남도,합천군,쌍책면,하신리,97,46,51,97,46,51,0,0,0
4889037023,2024-01-31,경상남도,합천군,쌍책면,건태리,116,54,62,115,54,61,-1,0,-1
4889037024,2024-01-31,경상남도,합천군,쌍책면,사양리,94,46,48,93,46,47,-1,0,-1
4889037025,2024-01-31,경상남도,합천군,쌍책면,덕봉리,60,33,27,60,33,27,0,0,0
4889037026,2024-01-31,경상남도,합천군,쌍책면,상포리,101,51,50,101,51,50,0,0,0
4889037027,2024-01-31,경상남도,합천군,쌍책면,성산리,261,129,132,264,128,136,3,-1,4
4889037028,2024-01-31,경상남도,합천군,쌍책면,진정리,93,42,51,91,42,49,-2,0,-2
4889037029,2024-01-31,경상남도,합천군,쌍책면,다라리,114,49,65,112,47,65,-2,-2,0
4889037030,2024-01-31,경상남도,합천군,쌍책면,오서리,95,48,47,93,47,46,-2,-1,-1
4889038021,2024-01-31,경상남도,합천군,덕곡면,포두리,146,78,68,145,78,67,-1,0,-1
4889038022,2024-01-31,경상남도,합천군,덕곡면,장리,164,80,84,157,78,79,-7,-2,-5
4889038023,2024-01-31,경상남도,합천군,덕곡면,병배리,106,52,54,106,52,54,0,0,0
4889038024,2024-01-31,경상남도,합천군,덕곡면,학리,97,46,51,97,46,51,0,0,0
4889038025,2024-01-31,경상남도,합천군,덕곡면,율지리,70,36,34,71,36,35,1,0,1
4889038026,2024-01-31,경상남도,합천군,덕곡면,율원리,103,53,50,102,52,50,-1,-1,0
4889038027,2024-01-31,경상남도,합천군,덕곡면,본곡리,121,65,56,122,65,57,1,0,1
4889039022,2024-01-31,경상남도,합천군,청덕면,적포리,112,64,48,111,62,49,-1,-2,1
4889039023,2024-01-31,경상남도,합천군,청덕면,두곡리,196,89,107,194,89,105,-2,0,-2
4889039024,2024-01-31,경상남도,합천군,청덕면,대부리,107,64,43,107,64,43,0,0,0
4889039025,2024-01-31,경상남도,합천군,청덕면,앙진리,220,102,118,220,101,119,0,-1,1
4889039026,2024-01-31,경상남도,합천군,청덕면,모리,44,15,29,44,15,29,0,0,0
4889039027,2024-01-31,경상남도,합천군,청덕면,미곡리,48,25,23,48,25,23,0,0,0
4889039028,2024-01-31,경상남도,합천군,청덕면,성태리,131,70,61,131,70,61,0,0,0
4889039029,2024-01-31,경상남도,합천군,청덕면,삼학리,109,54,55,106,52,54,-3,-2,-1
4889039030,2024-01-31,경상남도,합천군,청덕면,소례리,99,46,53,100,47,53,1,1,0
4889039031,2024-01-31,경상남도,합천군,청덕면,운봉리,95,47,48,95,47,48,0,0,0
4889039032,2024-01-31,경상남도,합천군,청덕면,초곡리,153,79,74,151,78,73,-2,-1,-1
4889039033,2024-01-31,경상남도,합천군,청덕면,가현리,226,102,124,223,101,122,-3,-1,-2
4889040021,2024-01-31,경상남도,합천군,적중면,죽고리,147,79,68,147,79,68,0,0,0
4889040022,2024-01-31,경상남도,합천군,적중면,황정리,100,44,56,97,44,53,-3,0,-3
4889040023,2024-01-31,경상남도,합천군,적중면,정토리,66,31,35,64,29,35,-2,-2,0
4889040024,2024-01-31,경상남도,합천군,적중면,옥두리,116,49,67,114,48,66,-2,-1,-1
4889040026,2024-01-31,경상남도,합천군,적중면,부수리,114,57,57,115,58,57,1,1,0
4889040027,2024-01-31,경상남도,합천군,적중면,누하리,113,53,60,114,53,61,1,0,1
4889040028,2024-01-31,경상남도,합천군,적중면,상부리,372,170,202,372,171,201,0,1,-1
4889040029,2024-01-31,경상남도,합천군,적중면,양림리,160,79,81,162,79,83,2,0,2
4889040030,2024-01-31,경상남도,합천군,적중면,두방리,117,54,63,117,55,62,0,1,-1
4889041021,2024-01-31,경상남도,합천군,대양면,정양리,553,303,250,554,305,249,1,2,-1
4889041022,2024-01-31,경상남도,합천군,대양면,아천리,52,26,26,50,25,25,-2,-1,-1
4889041023,2024-01-31,경상남도,합천군,대양면,대목리,139,68,71,138,67,71,-1,-1,0
4889041024,2024-01-31,경상남도,합천군,대양면,무곡리,181,90,91,181,90,91,0,0,0
4889041025,2024-01-31,경상남도,합천군,대양면,덕정리,170,79,91,169,78,91,-1,-1,0
4889041026,2024-01-31,경상남도,합천군,대양면,도리,89,46,43,86,44,42,-3,-2,-1
4889041027,2024-01-31,경상남도,합천군,대양면,함지리,54,24,30,54,24,30,0,0,0
4889041028,2024-01-31,경상남도,합천군,대양면,양산리,113,55,58,112,55,57,-1,0,-1
4889041029,2024-01-31,경상남도,합천군,대양면,안금리,133,64,69,136,65,71,3,1,2
4889041030,2024-01-31,경상남도,합천군,대양면,백암리,187,93,94,186,92,94,-1,-1,0
4889041031,2024-01-31,경상남도,합천군,대양면,오산리,62,28,34,62,28,34,0,0,0
4889042021,2024-01-31,경상남도,합천군,쌍백면,대곡리,44,18,26,44,18,26,0,0,0
4889042022,2024-01-31,경상남도,합천군,쌍백면,육리,179,89,90,179,89,90,0,0,0
4889042023,2024-01-31,경상남도,합천군,쌍백면,평구리,377,175,202,377,177,200,0,2,-2
4889042024,2024-01-31,경상남도,합천군,쌍백면,평지리,188,86,102,181,83,98,-7,-3,-4
4889042025,2024-01-31,경상남도,합천군,쌍백면,안계리,105,52,53,104,52,52,-1,0,-1
4889042026,2024-01-31,경상남도,합천군,쌍백면,대현리,66,37,29,67,38,29,1,1,0
4889042027,2024-01-31,경상남도,합천군,쌍백면,외초리,168,84,84,162,81,81,-6,-3,-3
4889042028,2024-01-31,경상남도,합천군,쌍백면,장전리,93,49,44,94,49,45,1,0,1
4889042029,2024-01-31,경상남도,합천군,쌍백면,운곡리,84,36,48,83,35,48,-1,-1,0
4889042030,2024-01-31,경상남도,합천군,쌍백면,백역리,81,34,47,78,33,45,-3,-1,-2
4889042031,2024-01-31,경상남도,합천군,쌍백면,하신리,144,70,74,144,70,74,0,0,0
4889042032,2024-01-31,경상남도,합천군,쌍백면,삼리,61,30,31,61,30,31,0,0,0
4889042033,2024-01-31,경상남도,합천군,쌍백면,죽전리,74,35,39,74,35,39,0,0,0
4889043021,2024-01-31,경상남도,합천군,삼가면,동리,173,83,90,173,83,90,0,0,0
4889043022,2024-01-31,경상남도,합천군,삼가면,용흥리,133,65,68,130,63,67,-3,-2,-1
4889043023,2024-01-31,경상남도,합천군,삼가면,외토리,223,112,111,222,112,110,-1,0,-1
4889043024,2024-01-31,경상남도,합천군,삼가면,일부리,652,309,343,644,303,341,-8,-6,-2
4889043025,2024-01-31,경상남도,합천군,삼가면,어전리,215,96,119,220,98,122,5,2,3
4889043026,2024-01-31,경상남도,합천군,삼가면,양전리,115,51,64,115,51,64,0,0,0
4889043027,2024-01-31,경상남도,합천군,삼가면,금리,660,305,355,653,303,350,-7,-2,-5
4889043028,2024-01-31,경상남도,합천군,삼가면,두모리,94,42,52,93,41,52,-1,-1,0
4889043029,2024-01-31,경상남도,합천군,삼가면,소오리,265,125,140,260,123,137,-5,-2,-3
4889043030,2024-01-31,경상남도,합천군,삼가면,하판리,142,59,83,139,57,82,-3,-2,-1
4889043031,2024-01-31,경상남도,합천군,삼가면,문송리,97,42,55,97,43,54,0,1,-1
4889043032,2024-01-31,경상남도,합천군,삼가면,덕진리,79,35,44,80,36,44,1,1,0
4889043033,2024-01-31,경상남도,합천군,삼가면,학리,177,76,101,173,73,100,-4,-3,-1
4889044021,2024-01-31,경상남도,합천군,가회면,월계리,127,73,54,128,74,54,1,1,0
4889044022,2024-01-31,경상남도,합천군,가회면,도탄리,175,91,84,173,89,84,-2,-2,0
4889044023,2024-01-31,경상남도,합천군,가회면,오도리,204,99,105,205,100,105,1,1,0
4889044024,2024-01-31,경상남도,합천군,가회면,둔내리,227,108,119,226,107,119,-1,-1,0
4889044025,2024-01-31,경상남도,합천군,가회면,중촌리,216,99,117,212,96,116,-4,-3,-1
4889044026,2024-01-31,경상남도,합천군,가회면,덕촌리,423,214,209,428,217,211,5,3,2
4889044027,2024-01-31,경상남도,합천군,가회면,함방리,125,60,65,127,61,66,2,1,1
4889044028,2024-01-31,경상남도,합천군,가회면,장대리,148,76,72,148,75,73,0,-1,1
4889044029,2024-01-31,경상남도,합천군,가회면,외사리,55,27,28,55,27,28,0,0,0
4889045021,2024-01-31,경상남도,합천군,대병면,상천리,64,36,28,65,36,29,1,0,1
4889045022,2024-01-31,경상남도,합천군,대병면,역평리,29,15,14,29,15,14,0,0,0
4889045023,2024-01-31,경상남도,합천군,대병면,회양리,609,295,314,603,288,315,-6,-7,1
4889045024,2024-01-31,경상남도,합천군,대병면,유전리,127,66,61,124,66,58,-3,0,-3
4889045025,2024-01-31,경상남도,합천군,대병면,양리,159,77,82,160,79,81,1,2,-1
4889045026,2024-01-31,경상남도,합천군,대병면,하금리,194,90,104,194,90,104,0,0,0
4889045027,2024-01-31,경상남도,합천군,대병면,장단리,250,123,127,251,123,128,1,0,1
4889045028,2024-01-31,경상남도,합천군,대병면,대지리,172,81,91,169,81,88,-3,0,-3
4889045029,2024-01-31,경상남도,합천군,대병면,성리,271,123,148,272,125,147,1,2,-1
4889046021,2024-01-31,경상남도,합천군,용주면,공암리,74,40,34,74,40,34,0,0,0
4889046022,2024-01-31,경상남도,합천군,용주면,황계리,69,39,30,67,37,30,-2,-2,0
4889046023,2024-01-31,경상남도,합천군,용주면,장전리,86,46,40,86,46,40,0,0,0
4889046024,2024-01-31,경상남도,합천군,용주면,노리,48,21,27,48,21,27,0,0,0
4889046025,2024-01-31,경상남도,합천군,용주면,평산리,62,22,40,62,22,40,0,0,0
4889046026,2024-01-31,경상남도,합천군,용주면,손목리,183,96,87,181,94,87,-2,-2,0
4889046027,2024-01-31,경상남도,합천군,용주면,팔산리,64,26,38,64,26,38,0,0,0
4889046028,2024-01-31,경상남도,합천군,용주면,용지리,170,81,89,168,80,88,-2,-1,-1
4889046029,2024-01-31,경상남도,합천군,용주면,성산리,145,76,69,146,75,71,1,-1,2
4889046030,2024-01-31,경상남도,합천군,용주면,월평리,230,104,126,223,102,121,-7,-2,-5
4889046031,2024-01-31,경상남도,합천군,용주면,방곡리,147,77,70,147,78,69,0,1,-1
4889046032,2024-01-31,경상남도,합천군,용주면,고품리,364,182,182,365,184,181,1,2,-1
4889046033,2024-01-31,경상남도,합천군,용주면,봉기리,150,69,81,148,70,78,-2,1,-3
4889046035,2024-01-31,경상남도,합천군,용주면,우곡리,73,42,31,73,42,31,0,0,0
4889046036,2024-01-31,경상남도,합천군,용주면,죽죽리,47,21,26,47,21,26,0,0,0
4889046037,2024-01-31,경상남도,합천군,용주면,가호리,201,99,102,203,100,103,2,1,1
5011010100,2024-01-31,제주특별자치도,제주시,일도일동,일도일동,2194,1152,1042,2208,1153,1055,14,1,13
5011010200,2024-01-31,제주특별자치도,제주시,일도이동,일도이동,31523,15447,16076,31507,15429,16078,-16,-18,2
5011010300,2024-01-31,제주특별자치도,제주시,이도일동,이도일동,7694,3812,3882,7678,3815,3863,-16,3,-19
5011010400,2024-01-31,제주특별자치도,제주시,이도이동,이도이동,32645,15950,16695,32572,15919,16653,-73,-31,-42
5011010500,2024-01-31,제주특별자치도,제주시,삼도일동,삼도일동,12917,6327,6590,12901,6313,6588,-16,-14,-2
5011010600,2024-01-31,제주특별자치도,제주시,삼도이동,삼도이동,7815,4064,3751,7844,4087,3757,29,23,6
5011010700,2024-01-31,제주특별자치도,제주시,건입동,건입동,8789,4479,4310,8740,4447,4293,-49,-32,-17
5011010800,2024-01-31,제주특별자치도,제주시,용담일동,용담일동,6606,3452,3154,6586,3446,3140,-20,-6,-14
5011010900,2024-01-31,제주특별자치도,제주시,용담이동,용담이동,11559,5877,5682,11565,5878,5687,6,1,5
5011011000,2024-01-31,제주특별자치도,제주시,용담삼동,용담삼동,2240,1110,1130,2246,1114,1132,6,4,2
5011011100,2024-01-31,제주특별자치도,제주시,화북일동,화북일동,16344,7997,8347,16304,7988,8316,-40,-9,-31
5011011200,2024-01-31,제주특별자치도,제주시,화북이동,화북이동,6989,3570,3419,7002,3567,3435,13,-3,16
5011011300,2024-01-31,제주특별자치도,제주시,삼양일동,삼양일동,3442,1808,1634,3452,1813,1639,10,5,5
5011011400,2024-01-31,제주특별자치도,제주시,삼양이동,삼양이동,9583,4757,4826,9546,4735,4811,-37,-22,-15
5011011500,2024-01-31,제주특별자치도,제주시,삼양삼동,삼양삼동,369,196,173,366,192,174,-3,-4,1
5011011600,2024-01-31,제주특별자치도,제주시,봉개동,봉개동,4189,2132,2057,4160,2118,2042,-29,-14,-15
5011011700,2024-01-31,제주특별자치도,제주시,아라일동,아라일동,20276,9917,10359,20236,9910,10326,-40,-7,-33
5011011800,2024-01-31,제주특별자치도,제주시,아라이동,아라이동,7375,3561,3814,7352,3558,3794,-23,-3,-20
5011011900,2024-01-31,제주특별자치도,제주시,오라일동,오라일동,2089,1083,1006,2086,1077,1009,-3,-6,3
5011012000,2024-01-31,제주특별자치도,제주시,오라이동,오라이동,10586,5276,5310,10617,5294,5323,31,18,13
5011012100,2024-01-31,제주특별자치도,제주시,오라삼동,오라삼동,3321,1696,1625,3337,1705,1632,16,9,7
5011012200,2024-01-31,제주특별자치도,제주시,노형동,노형동,52464,25588,26876,52402,25545,26857,-62,-43,-19
5011012300,2024-01-31,제주특별자치도,제주시,외도일동,외도일동,16720,8293,8427,16733,8286,8447,13,-7,20
5011012400,2024-01-31,제주특별자치도,제주시,외도이동,외도이동,814,443,371,802,436,366,-12,-7,-5
5011012500,2024-01-31,제주특별자치도,제주시,이호일동,이호일동,1447,785,662,1460,790,670,13,5,8
5011012600,2024-01-31,제주특별자치도,제주시,이호이동,이호이동,2959,1506,1453,2946,1498,1448,-13,-8,-5
5011012700,2024-01-31,제주특별자치도,제주시,도두일동,도두일동,2154,1154,1000,2157,1161,996,3,7,-4
5011012800,2024-01-31,제주특별자치도,제주시,도두이동,도두이동,1105,561,544,1105,559,546,0,-2,2
5011012900,2024-01-31,제주특별자치도,제주시,도남동,도남동,15934,7731,8203,15899,7703,8196,-35,-28,-7
5011013000,2024-01-31,제주특별자치도,제주시,도련일동,도련일동,9356,4712,4644,9346,4703,4643,-10,-9,-1
5011013100,2024-01-31,제주특별자치도,제주시,도련이동,도련이동,3564,1682,1882,3575,1683,1892,11,1,10
5011013200,2024-01-31,제주특별자치도,제주시,용강동,용강동,324,181,143,324,181,143,0,0,0
5011013300,2024-01-31,제주특별자치도,제주시,회천동,회천동,738,404,334,745,407,338,7,3,4
5011013400,2024-01-31,제주특별자치도,제주시,오등동,오등동,2916,1485,1431,2932,1494,1438,16,9,7
5011013500,2024-01-31,제주특별자치도,제주시,월평동,월평동,4862,2442,2420,4841,2432,2409,-21,-10,-11
5011013600,2024-01-31,제주특별자치도,제주시,영평동,영평동,4540,2216,2324,4547,2218,2329,7,2,5
5011013700,2024-01-31,제주특별자치도,제주시,연동,연동,42631,20977,21654,42528,20951,21577,-103,-26,-77
5011013800,2024-01-31,제주특별자치도,제주시,도평동,도평동,2915,1487,1428,2900,1470,1430,-15,-17,2
5011013900,2024-01-31,제주특별자치도,제주시,해안동,해안동,2863,1434,1429,2870,1438,1432,7,4,3
5011014000,2024-01-31,제주특별자치도,제주시,내도동,내도동,2153,1115,1038,2154,1119,1035,1,4,-3
5011025021,2024-01-31,제주특별자치도,제주시,한림읍,귀덕리,1985,1017,968,1956,1001,955,-29,-16,-13
5011025022,2024-01-31,제주특별자치도,제주시,한림읍,수원리,1072,524,548,1076,528,548,4,4,0
5011025023,2024-01-31,제주특별자치도,제주시,한림읍,대림리,2496,1250,1246,2486,1249,1237,-10,-1,-9
5011025024,2024-01-31,제주특별자치도,제주시,한림읍,한림리,5148,2677,2471,5124,2662,2462,-24,-15,-9
5011025025,2024-01-31,제주특별자치도,제주시,한림읍,금악리,1101,570,531,1078,558,520,-23,-12,-11
5011025026,2024-01-31,제주특별자치도,제주시,한림읍,동명리,1514,773,741,1510,777,733,-4,4,-8
5011025027,2024-01-31,제주특별자치도,제주시,한림읍,명월리,786,412,374,791,415,376,5,3,2
5011025028,2024-01-31,제주특별자치도,제주시,한림읍,옹포리,1520,793,727,1521,790,731,1,-3,4
5011025029,2024-01-31,제주특별자치도,제주시,한림읍,상대리,410,222,188,405,219,186,-5,-3,-2
5011025030,2024-01-31,제주특별자치도,제주시,한림읍,상명리,426,229,197,434,232,202,8,3,5
5011025031,2024-01-31,제주특별자치도,제주시,한림읍,협재리,2202,1111,1091,2221,1116,1105,19,5,14
5011025032,2024-01-31,제주특별자치도,제주시,한림읍,월령리,343,179,164,335,175,160,-8,-4,-4
5011025033,2024-01-31,제주특별자치도,제주시,한림읍,금능리,1071,553,518,1069,551,518,-2,-2,0
5011025034,2024-01-31,제주특별자치도,제주시,한림읍,월림리,351,198,153,349,198,151,-2,0,-2
5011025035,2024-01-31,제주특별자치도,제주시,한림읍,한수리,485,268,217,481,266,215,-4,-2,-2
5011025301,2024-01-31,제주특별자치도,제주시,애월읍,용흥리,310,151,159,309,150,159,-1,-1,0
5011025302,2024-01-31,제주특별자치도,제주시,애월읍,중엄리,551,276,275,527,262,265,-24,-14,-10
5011025321,2024-01-31,제주특별자치도,제주시,애월읍,광령리,0,0,0,3,1,2,3,1,2
5011025323,2024-01-31,제주특별자치도,제주시,애월읍,상귀리,1301,678,623,1288,671,617,-13,-7,-6
5011025324,2024-01-31,제주특별자치도,제주시,애월읍,구엄리,1085,543,542,1070,539,531,-15,-4,-11
5011025325,2024-01-31,제주특별자치도,제주시,애월읍,수산리,1387,715,672,1377,719,658,-10,4,-14
5011025326,2024-01-31,제주특별자치도,제주시,애월읍,신엄리,1885,976,909,1887,977,910,2,1,1
5011025327,2024-01-31,제주특별자치도,제주시,애월읍,장전리,927,481,446,934,486,448,7,5,2
5011025328,2024-01-31,제주특별자치도,제주시,애월읍,소길리,874,459,415,855,451,404,-19,-8,-11
5011025329,2024-01-31,제주특별자치도,제주시,애월읍,고성리,1798,896,902,1789,892,897,-9,-4,-5
5011025330,2024-01-31,제주특별자치도,제주시,애월읍,하가리,864,443,421,867,439,428,3,-4,7
5011025331,2024-01-31,제주특별자치도,제주시,애월읍,상가리,883,473,410,882,469,413,-1,-4,3
5011025333,2024-01-31,제주특별자치도,제주시,애월읍,고내리,1302,677,625,1296,675,621,-6,-2,-4
5011025334,2024-01-31,제주특별자치도,제주시,애월읍,애월리,2350,1207,1143,2345,1218,1127,-5,11,-16
5011025335,2024-01-31,제주특별자치도,제주시,애월읍,납읍리,1521,784,737,1518,781,737,-3,-3,0
5011025336,2024-01-31,제주특별자치도,제주시,애월읍,어음리,633,325,308,625,321,304,-8,-4,-4
5011025337,2024-01-31,제주특별자치도,제주시,애월읍,곽지리,1296,642,654,1285,638,647,-11,-4,-7
5011025338,2024-01-31,제주특별자치도,제주시,애월읍,금성리,372,201,171,370,200,170,-2,-1,-1
5011025339,2024-01-31,제주특별자치도,제주시,애월읍,봉성리,1222,653,569,1216,653,563,-6,0,-6
5011025340,2024-01-31,제주특별자치도,제주시,애월읍,하귀1리,6482,3237,3245,6427,3204,3223,-55,-33,-22
5011025341,2024-01-31,제주특별자치도,제주시,애월읍,하귀2리,3706,1877,1829,3710,1877,1833,4,0,4
5011025342,2024-01-31,제주특별자치도,제주시,애월읍,유수암리,2143,1111,1032,2153,1118,1035,10,7,3
5011025391,2024-01-31,제주특별자치도,제주시,애월읍,광령1리,3088,1599,1489,3111,1611,1500,23,12,11
5011025392,2024-01-31,제주특별자치도,제주시,애월읍,광령2리,1214,656,558,1223,659,564,9,3,6
5011025393,2024-01-31,제주특별자치도,제주시,애월읍,광령3리,633,333,300,634,329,305,1,-4,5
5011025621,2024-01-31,제주특별자치도,제주시,구좌읍,동복리,856,438,418,840,439,401,-16,1,-17
5011025624,2024-01-31,제주특별자치도,제주시,구좌읍,덕천리,378,189,189,388,196,192,10,7,3
5011025625,2024-01-31,제주특별자치도,제주시,구좌읍,송당리,1065,556,509,1059,554,505,-6,-2,-4
5011025626,2024-01-31,제주특별자치도,제주시,구좌읍,월정리,750,389,361,749,387,362,-1,-2,1
5011025627,2024-01-31,제주특별자치도,제주시,구좌읍,행원리,1154,625,529,1167,633,534,13,8,5
5011025628,2024-01-31,제주특별자치도,제주시,구좌읍,세화리,2301,1124,1177,2292,1117,1175,-9,-7,-2
5011025629,2024-01-31,제주특별자치도,제주시,구좌읍,상도리,444,229,215,438,227,211,-6,-2,-4
5011025630,2024-01-31,제주특별자치도,제주시,구좌읍,한동리,1233,678,555,1229,673,556,-4,-5,1
5011025631,2024-01-31,제주특별자치도,제주시,구좌읍,하도리,1816,953,863,1801,948,853,-15,-5,-10
5011025632,2024-01-31,제주특별자치도,제주시,구좌읍,종달리,1304,655,649,1314,662,652,10,7,3
5011025633,2024-01-31,제주특별자치도,제주시,구좌읍,평대리,1415,723,692,1421,728,693,6,5,1
5011025634,2024-01-31,제주특별자치도,제주시,구좌읍,김녕리,2634,1285,1349,2618,1280,1338,-16,-5,-11
5011025921,2024-01-31,제주특별자치도,제주시,조천읍,신촌리,5391,2754,2637,5413,2768,2645,22,14,8
5011025922,2024-01-31,제주특별자치도,제주시,조천읍,와흘리,1179,628,551,1167,617,550,-12,-11,-1
5011025923,2024-01-31,제주특별자치도,제주시,조천읍,조천리,5012,2516,2496,4971,2503,2468,-41,-13,-28
5011025924,2024-01-31,제주특별자치도,제주시,조천읍,함덕리,7190,3701,3489,7155,3674,3481,-35,-27,-8
5011025925,2024-01-31,제주특별자치도,제주시,조천읍,신흥리,627,321,306,628,321,307,1,0,1
5011025926,2024-01-31,제주특별자치도,제주시,조천읍,대흘리,1628,830,798,1628,834,794,0,4,-4
5011025927,2024-01-31,제주특별자치도,제주시,조천읍,북촌리,1491,764,727,1515,782,733,24,18,6
5011025928,2024-01-31,제주특별자치도,제주시,조천읍,와산리,873,436,437,867,435,432,-6,-1,-5
5011025929,2024-01-31,제주특별자치도,제주시,조천읍,교래리,464,265,199,448,259,189,-16,-6,-10
5011025930,2024-01-31,제주특별자치도,제주시,조천읍,선흘리,1901,952,949,1911,950,961,10,-2,12
5011031021,2024-01-31,제주특별자치도,제주시,한경면,청수리,845,402,443,856,411,445,11,9,2
5011031022,2024-01-31,제주특별자치도,제주시,한경면,용수리,510,257,253,498,251,247,-12,-6,-6
5011031023,2024-01-31,제주특별자치도,제주시,한경면,고산리,2017,1019,998,2000,1008,992,-17,-11,-6
5011031024,2024-01-31,제주특별자치도,제주시,한경면,판포리,672,328,344,672,325,347,0,-3,3
5011031025,2024-01-31,제주특별자치도,제주시,한경면,금등리,282,148,134,272,142,130,-10,-6,-4
5011031026,2024-01-31,제주특별자치도,제주시,한경면,조수리,986,495,491,979,490,489,-7,-5,-2
5011031027,2024-01-31,제주특별자치도,제주시,한경면,두모리,382,192,190,381,193,188,-1,1,-2
5011031028,2024-01-31,제주특별자치도,제주시,한경면,신창리,710,357,353,720,361,359,10,4,6
5011031029,2024-01-31,제주특별자치도,제주시,한경면,낙천리,311,159,152,307,158,149,-4,-1,-3
5011031030,2024-01-31,제주특별자치도,제주시,한경면,저지리,1432,703,729,1430,699,731,-2,-4,2
5011031031,2024-01-31,제주특별자치도,제주시,한경면,산양리,604,301,303,596,296,300,-8,-5,-3
5011031032,2024-01-31,제주특별자치도,제주시,한경면,한원리,467,236,231,471,242,229,4,6,-2
5011031033,2024-01-31,제주특별자치도,제주시,한경면,용당리,398,205,193,400,206,194,2,1,1
5011032021,2024-01-31,제주특별자치도,제주시,추자면,대서리,612,329,283,609,327,282,-3,-2,-1
5011032022,2024-01-31,제주특별자치도,제주시,추자면,영흥리,319,180,139,325,183,142,6,3,3
5011032023,2024-01-31,제주특별자치도,제주시,추자면,묵리,159,82,77,161,84,77,2,2,0
5011032024,2024-01-31,제주특별자치도,제주시,추자면,예초리,138,73,65,136,72,64,-2,-1,-1
5011032025,2024-01-31,제주특별자치도,제주시,추자면,신양리,345,193,152,337,192,145,-8,-1,-7
5011033022,2024-01-31,제주특별자치도,제주시,우도면,서광리,394,212,182,394,212,182,0,0,0
5011033023,2024-01-31,제주특별자치도,제주시,우도면,천진리,332,184,148,327,181,146,-5,-3,-2
5011033024,2024-01-31,제주특별자치도,제주시,우도면,조일리,400,201,199,398,201,197,-2,0,-2
5011033025,2024-01-31,제주특별자치도,제주시,우도면,오봉리,492,266,226,492,267,225,0,1,-1
5013010100,2024-01-31,제주특별자치도,서귀포시,서귀동,서귀동,10140,5079,5061,10146,5078,5068,6,-1,7
5013010200,2024-01-31,제주특별자치도,서귀포시,법환동,법환동,4839,2440,2399,4822,2434,2388,-17,-6,-11
5013010300,2024-01-31,제주특별자치도,서귀포시,서호동,서호동,7781,3855,3926,7768,3841,3927,-13,-14,1
5013010400,2024-01-31,제주특별자치도,서귀포시,호근동,호근동,2692,1389,1303,2681,1383,1298,-11,-6,-5
5013010500,2024-01-31,제주특별자치도,서귀포시,동홍동,동홍동,23261,11329,11932,23176,11301,11875,-85,-28,-57
5013010600,2024-01-31,제주특별자치도,서귀포시,서홍동,서홍동,11512,5648,5864,11467,5625,5842,-45,-23,-22
5013010700,2024-01-31,제주특별자치도,서귀포시,상효동,상효동,1363,673,690,1359,675,684,-4,2,-6
5013010800,2024-01-31,제주특별자치도,서귀포시,하효동,하효동,2833,1424,1409,2842,1428,1414,9,4,5
5013010900,2024-01-31,제주특별자치도,서귀포시,신효동,신효동,2514,1240,1274,2519,1245,1274,5,5,0
5013011000,2024-01-31,제주특별자치도,서귀포시,보목동,보목동,2028,1043,985,2035,1046,989,7,3,4
5013011100,2024-01-31,제주특별자치도,서귀포시,토평동,토평동,4043,2053,1990,4006,2035,1971,-37,-18,-19
5013011200,2024-01-31,제주특별자치도,서귀포시,중문동,중문동,8154,4145,4009,8167,4153,4014,13,8,5
5013011300,2024-01-31,제주특별자치도,서귀포시,회수동,회수동,596,304,292,586,300,286,-10,-4,-6
5013011400,2024-01-31,제주특별자치도,서귀포시,대포동,대포동,2333,1202,1131,2308,1187,1121,-25,-15,-10
5013011500,2024-01-31,제주특별자치도,서귀포시,월평동,월평동,548,277,271,548,282,266,0,5,-5
5013011600,2024-01-31,제주특별자치도,서귀포시,강정동,강정동,12299,6259,6040,12229,6226,6003,-70,-33,-37
5013011700,2024-01-31,제주특별자치도,서귀포시,도순동,도순동,794,395,399,847,418,429,53,23,30
5013011800,2024-01-31,제주특별자치도,서귀포시,하원동,하원동,1350,671,679,1348,665,683,-2,-6,4
5013011900,2024-01-31,제주특별자치도,서귀포시,색달동,색달동,1246,643,603,1258,654,604,12,11,1
5013012000,2024-01-31,제주특별자치도,서귀포시,상예동,상예동,1400,708,692,1398,708,690,-2,0,-2
5013012100,2024-01-31,제주특별자치도,서귀포시,하예동,하예동,1190,612,578,1186,611,575,-4,-1,-3
5013012200,2024-01-31,제주특별자치도,서귀포시,영남동,영남동,16,11,5,15,11,4,-1,0,-1
5013025021,2024-01-31,제주특별자치도,서귀포시,대정읍,상모리,3836,1945,1891,3843,1944,1899,7,-1,8
5013025022,2024-01-31,제주특별자치도,서귀포시,대정읍,하모리,5605,2775,2830,5598,2777,2821,-7,2,-9
5013025023,2024-01-31,제주특별자치도,서귀포시,대정읍,안성리,819,414,405,816,413,403,-3,-1,-2
5013025024,2024-01-31,제주특별자치도,서귀포시,대정읍,인성리,471,239,232,475,241,234,4,2,2
5013025025,2024-01-31,제주특별자치도,서귀포시,대정읍,일과리,866,448,418,865,450,415,-1,2,-3
5013025026,2024-01-31,제주특별자치도,서귀포시,대정읍,가파리,305,153,152,306,153,153,1,0,1
5013025027,2024-01-31,제주특별자치도,서귀포시,대정읍,신평리,438,231,207,430,229,201,-8,-2,-6
5013025028,2024-01-31,제주특별자치도,서귀포시,대정읍,동일리,743,403,340,736,399,337,-7,-4,-3
5013025029,2024-01-31,제주특별자치도,서귀포시,대정읍,보성리,5043,2146,2897,5060,2148,2912,17,2,15
5013025030,2024-01-31,제주특별자치도,서귀포시,대정읍,구억리,1332,563,769,1349,572,777,17,9,8
5013025031,2024-01-31,제주특별자치도,서귀포시,대정읍,무릉리,1179,617,562,1190,623,567,11,6,5
5013025032,2024-01-31,제주특별자치도,서귀포시,대정읍,영락리,614,334,280,620,336,284,6,2,4
5013025033,2024-01-31,제주특별자치도,서귀포시,대정읍,신도리,836,426,410,837,427,410,1,1,0
5013025321,2024-01-31,제주특별자치도,서귀포시,남원읍,남원리,4941,2544,2397,4927,2542,2385,-14,-2,-12
5013025322,2024-01-31,제주특별자치도,서귀포시,남원읍,태흥리,2407,1243,1164,2418,1245,1173,11,2,9
5013025323,2024-01-31,제주특별자치도,서귀포시,남원읍,한남리,466,236,230,464,233,231,-2,-3,1
5013025324,2024-01-31,제주특별자치도,서귀포시,남원읍,수망리,420,221,199,422,221,201,2,0,2
5013025325,2024-01-31,제주특별자치도,서귀포시,남원읍,의귀리,1121,567,554,1122,568,554,1,1,0
5013025326,2024-01-31,제주특별자치도,서귀포시,남원읍,신흥리,1354,717,637,1362,718,644,8,1,7
5013025327,2024-01-31,제주특별자치도,서귀포시,남원읍,위미리,4370,2254,2116,4340,2242,2098,-30,-12,-18
5013025328,2024-01-31,제주특별자치도,서귀포시,남원읍,하례리,1569,811,758,1574,813,761,5,2,3
5013025329,2024-01-31,제주특별자치도,서귀포시,남원읍,신례리,1681,881,800,1754,920,834,73,39,34
5013025901,2024-01-31,제주특별자치도,서귀포시,성산읍,신양리,806,415,391,821,424,397,15,9,6
5013025921,2024-01-31,제주특별자치도,서귀포시,성산읍,성산리,1586,819,767,1587,819,768,1,0,1
5013025922,2024-01-31,제주특별자치도,서귀포시,성산읍,오조리,1211,650,561,1219,654,565,8,4,4
5013025923,2024-01-31,제주특별자치도,서귀포시,성산읍,시흥리,1032,596,436,1031,597,434,-1,1,-2
5013025924,2024-01-31,제주특별자치도,서귀포시,성산읍,고성리,3952,2060,1892,3908,2040,1868,-44,-20,-24
5013025925,2024-01-31,제주특별자치도,서귀포시,성산읍,수산리,1388,714,674,1410,728,682,22,14,8
5013025926,2024-01-31,제주특별자치도,서귀포시,성산읍,온평리,1370,715,655,1371,721,650,1,6,-5
5013025927,2024-01-31,제주특별자치도,서귀포시,성산읍,신산리,1186,599,587,1182,593,589,-4,-6,2
5013025928,2024-01-31,제주특별자치도,서귀포시,성산읍,삼달리,691,358,333,695,359,336,4,1,3
5013025929,2024-01-31,제주특별자치도,서귀포시,성산읍,신풍리,737,378,359,730,376,354,-7,-2,-5
5013025930,2024-01-31,제주특별자치도,서귀포시,성산읍,신천리,631,330,301,638,332,306,7,2,5
5013025931,2024-01-31,제주특별자치도,서귀포시,성산읍,난산리,561,310,251,560,309,251,-1,-1,0
5013031001,2024-01-31,제주특별자치도,서귀포시,안덕면,대평리,637,320,317,637,322,315,0,2,-2
5013031021,2024-01-31,제주특별자치도,서귀포시,안덕면,화순리,3116,1630,1486,3117,1628,1489,1,-2,3
5013031022,2024-01-31,제주특별자치도,서귀포시,안덕면,창천리,607,315,292,610,320,290,3,5,-2
5013031023,2024-01-31,제주특별자치도,서귀포시,안덕면,감산리,808,431,377,804,428,376,-4,-3,-1
5013031024,2024-01-31,제주특별자치도,서귀포시,안덕면,상창리,519,277,242,515,275,240,-4,-2,-2
5013031025,2024-01-31,제주특별자치도,서귀포시,안덕면,사계리,2635,1335,1300,2617,1329,1288,-18,-6,-12
5013031026,2024-01-31,제주특별자치도,서귀포시,안덕면,덕수리,1247,637,610,1249,638,611,2,1,1
5013031027,2024-01-31,제주특별자치도,서귀포시,안덕면,서광리,1952,1018,934,1950,1017,933,-2,-1,-1
5013031028,2024-01-31,제주특별자치도,서귀포시,안덕면,동광리,740,380,360,742,379,363,2,-1,3
5013031029,2024-01-31,제주특별자치도,서귀포시,안덕면,광평리,81,45,36,85,47,38,4,2,2
5013031030,2024-01-31,제주특별자치도,서귀포시,안덕면,상천리,154,70,84,155,71,84,1,1,0
5013032021,2024-01-31,제주특별자치도,서귀포시,표선면,표선리,5789,2853,2936,5815,2865,2950,26,12,14
5013032022,2024-01-31,제주특별자치도,서귀포시,표선면,하천리,1363,698,665,1360,698,662,-3,0,-3
5013032023,2024-01-31,제주특별자치도,서귀포시,표선면,성읍리,1471,781,690,1465,776,689,-6,-5,-1
5013032024,2024-01-31,제주특별자치도,서귀포시,표선면,가시리,1348,729,619,1347,729,618,-1,0,-1
5013032025,2024-01-31,제주특별자치도,서귀포시,표선면,세화리,1607,829,778,1606,832,774,-1,3,-4
5013032026,2024-01-31,제주특별자치도,서귀포시,표선면,토산리,1025,555,470,1020,555,465,-5,0,-5
5111010100,2024-01-31,강원특별자치도,춘천시,봉의동,봉의동,219,112,107,215,110,105,-4,-2,-2
5111010200,2024-01-31,강원특별자치도,춘천시,요선동,요선동,1265,622,643,1264,617,647,-1,-5,4
5111010300,2024-01-31,강원특별자치도,춘천시,낙원동,낙원동,294,141,153,294,143,151,0,2,-2
5111010400,2024-01-31,강원특별자치도,춘천시,중앙로1가,중앙로1가,69,35,34,68,33,35,-1,-2,1
5111010500,2024-01-31,강원특별자치도,춘천시,중앙로2가,중앙로2가,103,49,54,103,48,55,0,-1,1
5111010600,2024-01-31,강원특별자치도,춘천시,중앙로3가,중앙로3가,247,126,121,243,123,120,-4,-3,-1
5111010700,2024-01-31,강원특별자치도,춘천시,옥천동,옥천동,720,369,351,724,371,353,4,2,2
5111010800,2024-01-31,강원특별자치도,춘천시,조양동,조양동,954,470,484,954,465,489,0,-5,5
5111010900,2024-01-31,강원특별자치도,춘천시,죽림동,죽림동,732,333,399,728,333,395,-4,0,-4
5111011000,2024-01-31,강원특별자치도,춘천시,운교동,운교동,1580,789,791,1585,797,788,5,8,-3
5111011100,2024-01-31,강원특별자치도,춘천시,약사동,약사동,4350,2145,2205,4345,2145,2200,-5,0,-5
5111011200,2024-01-31,강원특별자치도,춘천시,효자동,효자동,20721,10783,9938,20621,10755,9866,-100,-28,-72
5111011300,2024-01-31,강원특별자치도,춘천시,소양로1가,소양로1가,904,470,434,915,480,435,11,10,1
5111011400,2024-01-31,강원특별자치도,춘천시,소양로2가,소양로2가,5710,2736,2974,5714,2738,2976,4,2,2
5111011500,2024-01-31,강원특별자치도,춘천시,소양로3가,소양로3가,210,107,103,222,117,105,12,10,2
5111011600,2024-01-31,강원특별자치도,춘천시,소양로4가,소양로4가,336,171,165,339,173,166,3,2,1
5111011700,2024-01-31,강원특별자치도,춘천시,근화동,근화동,7469,3714,3755,7454,3715,3739,-15,1,-16
5111011800,2024-01-31,강원특별자치도,춘천시,우두동,우두동,18550,9218,9332,18512,9190,9322,-38,-28,-10
5111011900,2024-01-31,강원특별자치도,춘천시,사농동,사농동,6369,3228,3141,6349,3216,3133,-20,-12,-8
5111012000,2024-01-31,강원특별자치도,춘천시,후평동,후평동,45207,21717,23490,45343,21760,23583,136,43,93
5111012100,2024-01-31,강원특별자치도,춘천시,온의동,온의동,17882,8638,9244,17891,8638,9253,9,0,9
5111012200,2024-01-31,강원특별자치도,춘천시,교동,교동,3746,1954,1792,3708,1932,1776,-38,-22,-16
5111012300,2024-01-31,강원특별자치도,춘천시,퇴계동,퇴계동,47534,22833,24701,47520,22809,24711,-14,-24,10
5111012400,2024-01-31,강원특별자치도,춘천시,석사동,석사동,33667,16677,16990,33657,16660,16997,-10,-17,7
5111012500,2024-01-31,강원특별자치도,춘천시,삼천동,삼천동,3165,1545,1620,3164,1545,1619,-1,0,-1
5111012600,2024-01-31,강원특별자치도,춘천시,칠전동,칠전동,4524,2234,2290,4518,2237,2281,-6,3,-9
5111012700,2024-01-31,강원특별자치도,춘천시,송암동,송암동,206,105,101,209,106,103,3,1,2
5111012800,2024-01-31,강원특별자치도,춘천시,신동,신동,871,442,429,862,434,428,-9,-8,-1
5111012900,2024-01-31,강원특별자치도,춘천시,중도동,중도동,59,32,27,58,32,26,-1,0,-1
5111025021,2024-01-31,강원특별자치도,춘천시,신북읍,율문리,1737,891,846,1719,878,841,-18,-13,-5
5111025022,2024-01-31,강원특별자치도,춘천시,신북읍,천전리,2374,1144,1230,2363,1137,1226,-11,-7,-4
5111025023,2024-01-31,강원특별자치도,춘천시,신북읍,유포리,605,303,302,602,302,300,-3,-1,-2
5111025024,2024-01-31,강원특별자치도,춘천시,신북읍,산천리,907,479,428,908,480,428,1,1,0
5111025025,2024-01-31,강원특별자치도,춘천시,신북읍,발산리,639,318,321,633,316,317,-6,-2,-4
5111025026,2024-01-31,강원특별자치도,춘천시,신북읍,지내리,537,276,261,531,275,256,-6,-1,-5
5111025027,2024-01-31,강원특별자치도,춘천시,신북읍,용산리,458,231,227,463,232,231,5,1,4
5111031021,2024-01-31,강원특별자치도,춘천시,동면,지내리,1055,547,508,1041,538,503,-14,-9,-5
5111031022,2024-01-31,강원특별자치도,춘천시,동면,만천리,7660,3789,3871,7650,3789,3861,-10,0,-10
5111031023,2024-01-31,강원특별자치도,춘천시,동면,장학리,9556,4634,4922,9506,4610,4896,-50,-24,-26
5111031024,2024-01-31,강원특별자치도,춘천시,동면,감정리,408,232,176,408,232,176,0,0,0
5111031025,2024-01-31,강원특별자치도,춘천시,동면,월곡리,242,128,114,241,129,112,-1,1,-2
5111031026,2024-01-31,강원특별자치도,춘천시,동면,품안리,7,7,0,7,7,0,0,0,0
5111031027,2024-01-31,강원특별자치도,춘천시,동면,품걸리,87,51,36,88,51,37,1,0,1
5111031028,2024-01-31,강원특별자치도,춘천시,동면,신이리,41,25,16,42,25,17,1,0,1
5111031029,2024-01-31,강원특별자치도,춘천시,동면,평촌리,29,17,12,29,17,12,0,0,0
5111031030,2024-01-31,강원특별자치도,춘천시,동면,상걸리,144,83,61,144,83,61,0,0,0
5111032021,2024-01-31,강원특별자치도,춘천시,동산면,조양리,328,171,157,332,173,159,4,2,2
5111032022,2024-01-31,강원특별자치도,춘천시,동산면,봉명리,228,125,103,226,124,102,-2,-1,-1
5111032023,2024-01-31,강원특별자치도,춘천시,동산면,원창리,537,282,255,532,281,251,-5,-1,-4
5111032024,2024-01-31,강원특별자치도,춘천시,동산면,군자리,296,172,124,292,171,121,-4,-1,-3
5111033021,2024-01-31,강원특별자치도,춘천시,신동면,의암리,179,86,93,179,87,92,0,1,-1
5111033022,2024-01-31,강원특별자치도,춘천시,신동면,팔미리,548,286,262,544,283,261,-4,-3,-1
5111033023,2024-01-31,강원특별자치도,춘천시,신동면,혈동리,223,117,106,221,116,105,-2,-1,-1
5111033024,2024-01-31,강원특별자치도,춘천시,신동면,증리,959,496,463,958,496,462,-1,0,-1
5111033025,2024-01-31,강원특별자치도,춘천시,신동면,정족리,671,355,316,670,354,316,-1,-1,0
5111034021,2024-01-31,강원특별자치도,춘천시,남면,관천리,43,24,19,42,24,18,-1,0,-1
5111034022,2024-01-31,강원특별자치도,춘천시,남면,박암리,107,67,40,112,70,42,5,3,2
5111034023,2024-01-31,강원특별자치도,춘천시,남면,가정리,260,148,112,257,146,111,-3,-2,-1
5111034024,2024-01-31,강원특별자치도,춘천시,남면,발산리,222,125,97,218,123,95,-4,-2,-2
5111034025,2024-01-31,강원특별자치도,춘천시,남면,후동리,165,90,75,164,90,74,-1,0,-1
5111034026,2024-01-31,강원특별자치도,춘천시,남면,추곡리,121,67,54,119,64,55,-2,-3,1
5111034027,2024-01-31,강원특별자치도,춘천시,남면,한덕리,151,58,93,151,59,92,0,1,-1
5111035021,2024-01-31,강원특별자치도,춘천시,서면,현암리,154,78,76,157,80,77,3,2,1
5111035022,2024-01-31,강원특별자치도,춘천시,서면,금산리,450,235,215,458,238,220,8,3,5
5111035023,2024-01-31,강원특별자치도,춘천시,서면,신매리,394,194,200,395,195,200,1,1,0
5111035024,2024-01-31,강원특별자치도,춘천시,서면,서상리,367,187,180,367,187,180,0,0,0
5111035025,2024-01-31,강원특별자치도,춘천시,서면,오월리,242,127,115,240,125,115,-2,-2,0
5111035026,2024-01-31,강원특별자치도,춘천시,서면,월송리,364,180,184,368,181,187,4,1,3
5111035027,2024-01-31,강원특별자치도,춘천시,서면,방동리,461,230,231,464,232,232,3,2,1
5111035028,2024-01-31,강원특별자치도,춘천시,서면,덕두원리,437,223,214,437,224,213,0,1,-1
5111035029,2024-01-31,강원특별자치도,춘천시,서면,당림리,405,238,167,406,240,166,1,2,-1
5111035030,2024-01-31,강원특별자치도,춘천시,서면,안보리,370,180,190,362,176,186,-8,-4,-4
5111036021,2024-01-31,강원특별자치도,춘천시,사북면,신포리,203,102,101,205,103,102,2,1,1
5111036022,2024-01-31,강원특별자치도,춘천시,사북면,지촌리,338,171,167,334,171,163,-4,0,-4
5111036023,2024-01-31,강원특별자치도,춘천시,사북면,오탄리,429,212,217,428,213,215,-1,1,-2
5111036024,2024-01-31,강원특별자치도,춘천시,사북면,가일리,49,26,23,49,26,23,0,0,0
5111036025,2024-01-31,강원특별자치도,춘천시,사북면,원평리,172,93,79,170,91,79,-2,-2,0
5111036026,2024-01-31,강원특별자치도,춘천시,사북면,지암리,400,187,213,401,188,213,1,1,0
5111036027,2024-01-31,강원특별자치도,춘천시,사북면,고탄리,272,132,140,272,131,141,0,-1,1
5111036028,2024-01-31,강원특별자치도,춘천시,사북면,고성리,278,147,131,277,146,131,-1,-1,0
5111036029,2024-01-31,강원특별자치도,춘천시,사북면,송암리,221,105,116,223,107,116,2,2,0
5111036030,2024-01-31,강원특별자치도,춘천시,사북면,인람리,72,35,37,72,35,37,0,0,0
5111038021,2024-01-31,강원특별자치도,춘천시,북산면,내평리,17,12,5,18,13,5,1,1,0
5111038022,2024-01-31,강원특별자치도,춘천시,북산면,청평리,67,37,30,68,38,30,1,1,0
5111038023,2024-01-31,강원특별자치도,춘천시,북산면,부귀리,52,28,24,52,28,24,0,0,0
5111038024,2024-01-31,강원특별자치도,춘천시,북산면,추곡리,365,201,164,369,203,166,4,2,2
5111038025,2024-01-31,강원특별자치도,춘천시,북산면,오항리,201,110,91,201,111,90,0,1,-1
5111038026,2024-01-31,강원특별자치도,춘천시,북산면,물로리,105,57,48,105,58,47,0,1,-1
5111038027,2024-01-31,강원특별자치도,춘천시,북산면,조교리,105,63,42,108,65,43,3,2,1
5111038028,2024-01-31,강원특별자치도,춘천시,북산면,대동리,12,9,3,12,9,3,0,0,0
5111038029,2024-01-31,강원특별자치도,춘천시,북산면,대곡리,16,13,3,16,13,3,0,0,0
5111038030,2024-01-31,강원특별자치도,춘천시,북산면,추전리,15,9,6,14,9,5,-1,0,-1
5111039000,2024-01-31,강원특별자치도,춘천시,동내면,동내면,3,1,2,0,0,0,-3,-1,-2
5111039021,2024-01-31,강원특별자치도,춘천시,동내면,거두리,11023,5468,5555,10980,5447,5533,-43,-21,-22
5111039022,2024-01-31,강원특별자치도,춘천시,동내면,신촌리,1752,888,864,1753,890,863,1,2,-1
5111039023,2024-01-31,강원특별자치도,춘천시,동내면,고은리,869,451,418,869,454,415,0,3,-3
5111039024,2024-01-31,강원특별자치도,춘천시,동내면,사암리,1265,654,611,1258,647,611,-7,-7,0
5111039025,2024-01-31,강원특별자치도,춘천시,동내면,학곡리,1971,985,986,1962,984,978,-9,-1,-8
5111040022,2024-01-31,강원특별자치도,춘천시,남산면,광판리,455,246,209,453,246,207,-2,0,-2
5111040023,2024-01-31,강원특별자치도,춘천시,남산면,행촌리,123,70,53,120,70,50,-3,0,-3
5111040024,2024-01-31,강원특별자치도,춘천시,남산면,수동리,233,120,113,235,121,114,2,1,1
5111040025,2024-01-31,강원특별자치도,춘천시,남산면,창촌리,693,358,335,696,361,335,3,3,0
5111040026,2024-01-31,강원특별자치도,춘천시,남산면,방곡리,467,245,222,464,245,219,-3,0,-3
5111040027,2024-01-31,강원특별자치도,춘천시,남산면,강촌리,445,236,209,446,236,210,1,0,1
5111040028,2024-01-31,강원특별자치도,춘천시,남산면,서천리,295,143,152,303,149,154,8,6,2
5111040029,2024-01-31,강원특별자치도,춘천시,남산면,백양리,279,137,142,277,135,142,-2,-2,0
5111040030,2024-01-31,강원특별자치도,춘천시,남산면,방하리,152,82,70,152,81,71,0,-1,1
5111040031,2024-01-31,강원특별자치도,춘천시,남산면,산수리,181,95,86,181,95,86,0,0,0
5113010100,2024-01-31,강원특별자치도,원주시,중앙동,중앙동,587,280,307,588,277,311,1,-3,4
5113010200,2024-01-31,강원특별자치도,원주시,평원동,평원동,608,312,296,605,311,294,-3,-1,-2
5113010300,2024-01-31,강원특별자치도,원주시,원동,원동,3866,1817,2049,3850,1804,2046,-16,-13,-3
5113010400,2024-01-31,강원특별자치도,원주시,인동,인동,126,58,68,121,56,65,-5,-2,-3
5113010500,2024-01-31,강원특별자치도,원주시,개운동,개운동,12182,5839,6343,12194,5852,6342,12,13,-1
5113010600,2024-01-31,강원특별자치도,원주시,명륜동,명륜동,26656,12775,13881,26591,12725,13866,-65,-50,-15
5113010700,2024-01-31,강원특별자치도,원주시,단구동,단구동,43136,21205,21931,43233,21236,21997,97,31,66
5113010800,2024-01-31,강원특별자치도,원주시,일산동,일산동,8400,4031,4369,8408,4013,4395,8,-18,26
5113010900,2024-01-31,강원특별자치도,원주시,학성동,학성동,5519,2764,2755,5522,2771,2751,3,7,-4
5113011000,2024-01-31,강원특별자치도,원주시,단계동,단계동,32513,15983,16530,32461,15937,16524,-52,-46,-6
5113011100,2024-01-31,강원특별자치도,원주시,우산동,우산동,13193,6935,6258,13162,6932,6230,-31,-3,-28
5113011200,2024-01-31,강원특별자치도,원주시,태장동,태장동,35866,17915,17951,35957,17953,18004,91,38,53
5113011300,2024-01-31,강원특별자치도,원주시,봉산동,봉산동,7431,3658,3773,7425,3658,3767,-6,0,-6
5113011400,2024-01-31,강원특별자치도,원주시,행구동,행구동,8747,4291,4456,8752,4296,4456,5,5,0
5113011500,2024-01-31,강원특별자치도,원주시,무실동,무실동,30979,14992,15987,30974,14988,15986,-5,-4,-1
5113011600,2024-01-31,강원특별자치도,원주시,관설동,관설동,10561,5409,5152,10530,5378,5152,-31,-31,0
5113011700,2024-01-31,강원특별자치도,원주시,반곡동,반곡동,36663,17616,19047,36700,17611,19089,37,-5,42
5113011800,2024-01-31,강원특별자치도,원주시,가현동,가현동,657,354,303,653,350,303,-4,-4,0
5113025000,2024-01-31,강원특별자치도,원주시,문막읍,문막읍,2,0,2,0,0,0,-2,0,-2
5113025021,2024-01-31,강원특별자치도,원주시,문막읍,문막리,685,368,317,683,366,317,-2,-2,0
5113025022,2024-01-31,강원특별자치도,원주시,문막읍,동화리,6258,3255,3003,6240,3251,2989,-18,-4,-14
5113025023,2024-01-31,강원특별자치도,원주시,문막읍,비두리,322,177,145,319,175,144,-3,-2,-1
5113025024,2024-01-31,강원특별자치도,원주시,문막읍,취병리,421,225,196,424,225,199,3,0,3
5113025025,2024-01-31,강원특별자치도,원주시,문막읍,궁촌리,503,251,252,505,251,254,2,0,2
5113025026,2024-01-31,강원특별자치도,원주시,문막읍,건등리,7631,3816,3815,7635,3821,3814,4,5,-1
5113025027,2024-01-31,강원특별자치도,원주시,문막읍,후용리,404,181,223,390,174,216,-14,-7,-7
5113025028,2024-01-31,강원특별자치도,원주시,문막읍,포진리,651,331,320,651,332,319,0,1,-1
5113025029,2024-01-31,강원특별자치도,원주시,문막읍,반계리,727,383,344,721,378,343,-6,-5,-1
5113025030,2024-01-31,강원특별자치도,원주시,문막읍,대둔리,80,44,36,80,43,37,0,-1,1
5113031000,2024-01-31,강원특별자치도,원주시,소초면,소초면,1,0,1,0,0,0,-1,0,-1
5113031021,2024-01-31,강원특별자치도,원주시,소초면,평장리,852,448,404,861,452,409,9,4,5
5113031022,2024-01-31,강원특별자치도,원주시,소초면,의관리,1038,638,400,1042,641,401,4,3,1
5113031023,2024-01-31,강원특별자치도,원주시,소초면,장양리,2712,1391,1321,2698,1384,1314,-14,-7,-7
5113031024,2024-01-31,강원특별자치도,원주시,소초면,흥양리,1547,805,742,1542,803,739,-5,-2,-3
5113031025,2024-01-31,강원특별자치도,원주시,소초면,수암리,758,405,353,766,413,353,8,8,0
5113031026,2024-01-31,강원특별자치도,원주시,소초면,교항리,490,254,236,487,255,232,-3,1,-4
5113031027,2024-01-31,강원특별자치도,원주시,소초면,둔둔리,401,194,207,399,193,206,-2,-1,-1
5113031028,2024-01-31,강원특별자치도,원주시,소초면,학곡리,451,237,214,452,238,214,1,1,0
5113032021,2024-01-31,강원특별자치도,원주시,호저면,주산리,684,357,327,680,353,327,-4,-4,0
5113032022,2024-01-31,강원특별자치도,원주시,호저면,고산리,246,136,110,246,134,112,0,-2,2
5113032023,2024-01-31,강원특별자치도,원주시,호저면,대덕리,249,134,115,246,132,114,-3,-2,-1
5113032024,2024-01-31,강원특별자치도,원주시,호저면,광격리,332,172,160,330,174,156,-2,2,-4
5113032025,2024-01-31,강원특별자치도,원주시,호저면,만종리,998,530,468,991,527,464,-7,-3,-4
5113032026,2024-01-31,강원특별자치도,원주시,호저면,옥산리,232,117,115,231,115,116,-1,-2,1
5113032027,2024-01-31,강원특별자치도,원주시,호저면,무장리,293,147,146,295,147,148,2,0,2
5113032028,2024-01-31,강원특별자치도,원주시,호저면,용곡리,87,41,46,88,42,46,1,1,0
5113032029,2024-01-31,강원특별자치도,원주시,호저면,산현리,130,67,63,130,66,64,0,-1,1
5113032030,2024-01-31,강원특별자치도,원주시,호저면,매호리,227,116,111,226,116,110,-1,0,-1
5113033021,2024-01-31,강원특별자치도,원주시,지정면,간현리,648,330,318,645,332,313,-3,2,-5
5113033022,2024-01-31,강원특별자치도,원주시,지정면,안창리,402,206,196,403,206,197,1,0,1
5113033023,2024-01-31,강원특별자치도,원주시,지정면,가곡리,27200,13317,13883,27269,13346,13923,69,29,40
5113033024,2024-01-31,강원특별자치도,원주시,지정면,판대리,346,188,158,344,186,158,-2,-2,0
5113033025,2024-01-31,강원특별자치도,원주시,지정면,신평리,693,370,323,690,366,324,-3,-4,1
5113033026,2024-01-31,강원특별자치도,원주시,지정면,월송리,353,189,164,353,189,164,0,0,0
5113033027,2024-01-31,강원특별자치도,원주시,지정면,보통리,243,135,108,242,134,108,-1,-1,0
5113035021,2024-01-31,강원특별자치도,원주시,부론면,법천리,605,312,293,599,309,290,-6,-3,-3
5113035022,2024-01-31,강원특별자치도,원주시,부론면,손곡리,356,189,167,354,188,166,-2,-1,-1
5113035023,2024-01-31,강원특별자치도,원주시,부론면,정산리,333,171,162,336,171,165,3,0,3
5113035024,2024-01-31,강원특별자치도,원주시,부론면,흥호리,227,115,112,226,114,112,-1,-1,0
5113035025,2024-01-31,강원특별자치도,원주시,부론면,노림리,311,148,163,302,148,154,-9,0,-9
5113035026,2024-01-31,강원특별자치도,원주시,부론면,단강리,326,173,153,322,170,152,-4,-3,-1
5113036021,2024-01-31,강원특별자치도,원주시,귀래면,운남리,597,307,290,605,313,292,8,6,2
5113036022,2024-01-31,강원특별자치도,원주시,귀래면,귀래리,571,298,273,565,294,271,-6,-4,-2
5113036023,2024-01-31,강원특별자치도,원주시,귀래면,운계리,457,228,229,458,228,230,1,0,1
5113036024,2024-01-31,강원특별자치도,원주시,귀래면,주포리,234,121,113,239,123,116,5,2,3
5113036025,2024-01-31,강원특별자치도,원주시,귀래면,용암리,236,127,109,237,128,109,1,1,0
5113037021,2024-01-31,강원특별자치도,원주시,흥업면,흥업리,5564,2918,2646,5520,2893,2627,-44,-25,-19
5113037022,2024-01-31,강원특별자치도,원주시,흥업면,매지리,2104,1130,974,2075,1112,963,-29,-18,-11
5113037023,2024-01-31,강원특별자치도,원주시,흥업면,사제리,875,485,390,885,491,394,10,6,4
5113037024,2024-01-31,강원특별자치도,원주시,흥업면,대안리,975,522,453,983,530,453,8,8,0
5113038021,2024-01-31,강원특별자치도,원주시,판부면,금대리,678,354,324,677,354,323,-1,0,-1
5113038022,2024-01-31,강원특별자치도,원주시,판부면,서곡리,6337,3386,2951,6356,3392,2964,19,6,13
5113038023,2024-01-31,강원특별자치도,원주시,판부면,신촌리,134,73,61,131,71,60,-3,-2,-1
5113039021,2024-01-31,강원특별자치도,원주시,신림면,신림리,913,470,443,903,461,442,-10,-9,-1
5113039022,2024-01-31,강원특별자치도,원주시,신림면,금창리,286,147,139,285,148,137,-1,1,-2
5113039023,2024-01-31,강원특별자치도,원주시,신림면,구학리,382,210,172,385,213,172,3,3,0
5113039024,2024-01-31,강원특별자치도,원주시,신림면,용암리,591,312,279,595,313,282,4,1,3
5113039025,2024-01-31,강원특별자치도,원주시,신림면,성남리,508,256,252,509,256,253,1,0,1
5113039026,2024-01-31,강원특별자치도,원주시,신림면,황둔리,595,308,287,600,310,290,5,2,3
5113039027,2024-01-31,강원특별자치도,원주시,신림면,송계리,321,166,155,321,169,152,0,3,-3
5115010100,2024-01-31,강원특별자치도,강릉시,홍제동,홍제동,14835,7184,7651,14824,7181,7643,-11,-3,-8
5115010200,2024-01-31,강원특별자치도,강릉시,남문동,남문동,948,452,496,940,448,492,-8,-4,-4
5115010300,2024-01-31,강원특별자치도,강릉시,명주동,명주동,310,143,167,312,142,170,2,-1,3
5115010400,2024-01-31,강원특별자치도,강릉시,성내동,성내동,60,30,30,60,30,30,0,0,0
5115010500,2024-01-31,강원특별자치도,강릉시,임당동,임당동,1441,691,750,1437,689,748,-4,-2,-2
5115010600,2024-01-31,강원특별자치도,강릉시,금학동,금학동,195,90,105,193,90,103,-2,0,-2
5115010700,2024-01-31,강원특별자치도,강릉시,용강동,용강동,508,244,264,499,241,258,-9,-3,-6
5115010800,2024-01-31,강원특별자치도,강릉시,성남동,성남동,1021,479,542,1020,479,541,-1,0,-1
5115010900,2024-01-31,강원특별자치도,강릉시,옥천동,옥천동,3225,1642,1583,3216,1637,1579,-9,-5,-4
5115011000,2024-01-31,강원특별자치도,강릉시,교동,교동,32780,16037,16743,32712,15992,16720,-68,-45,-23
5115011100,2024-01-31,강원특별자치도,강릉시,포남동,포남동,23230,11368,11862,23187,11346,11841,-43,-22,-21
5115011200,2024-01-31,강원특별자치도,강릉시,초당동,초당동,4342,2106,2236,4295,2082,2213,-47,-24,-23
5115011300,2024-01-31,강원특별자치도,강릉시,강문동,강문동,240,142,98,240,140,100,0,-2,2
5115011400,2024-01-31,강원특별자치도,강릉시,송정동,송정동,6929,3271,3658,6939,3279,3660,10,8,2
5115011500,2024-01-31,강원특별자치도,강릉시,견소동,견소동,2853,1413,1440,2855,1408,1447,2,-5,7
5115011600,2024-01-31,강원특별자치도,강릉시,내곡동,내곡동,9605,4945,4660,9575,4923,4652,-30,-22,-8
5115011700,2024-01-31,강원특별자치도,강릉시,회산동,회산동,6828,3361,3467,6816,3357,3459,-12,-4,-8
5115011800,2024-01-31,강원특별자치도,강릉시,장현동,장현동,191,89,102,192,90,102,1,1,0
5115011900,2024-01-31,강원특별자치도,강릉시,박월동,박월동,347,198,149,343,196,147,-4,-2,-2
5115012000,2024-01-31,강원특별자치도,강릉시,담산동,담산동,218,119,99,222,121,101,4,2,2
5115012100,2024-01-31,강원특별자치도,강릉시,노암동,노암동,14906,7400,7506,14836,7354,7482,-70,-46,-24
5115012200,2024-01-31,강원특별자치도,강릉시,유산동,유산동,585,293,292,595,300,295,10,7,3
5115012300,2024-01-31,강원특별자치도,강릉시,월호평동,월호평동,335,174,161,336,174,162,1,0,1
5115012400,2024-01-31,강원특별자치도,강릉시,신석동,신석동,291,145,146,286,143,143,-5,-2,-3
5115012500,2024-01-31,강원특별자치도,강릉시,입암동,입암동,25661,12573,13088,25594,12553,13041,-67,-20,-47
5115012600,2024-01-31,강원특별자치도,강릉시,청량동,청량동,238,131,107,236,130,106,-2,-1,-1
5115012700,2024-01-31,강원특별자치도,강릉시,두산동,두산동,288,157,131,288,155,133,0,-2,2
5115012800,2024-01-31,강원특별자치도,강릉시,학동,학동,556,323,233,564,331,233,8,8,0
5115012900,2024-01-31,강원특별자치도,강릉시,병산동,병산동,410,212,198,418,214,204,8,2,6
5115013000,2024-01-31,강원특별자치도,강릉시,남항진동,남항진동,706,380,326,699,378,321,-7,-2,-5
5115013100,2024-01-31,강원특별자치도,강릉시,유천동,유천동,6208,3053,3155,6237,3067,3170,29,14,15
5115013200,2024-01-31,강원특별자치도,강릉시,지변동,지변동,1762,1016,746,1728,991,737,-34,-25,-9
5115013300,2024-01-31,강원특별자치도,강릉시,죽헌동,죽헌동,359,183,176,353,180,173,-6,-3,-3
5115013400,2024-01-31,강원특별자치도,강릉시,대전동,대전동,569,291,278,579,300,279,10,9,1
5115013500,2024-01-31,강원특별자치도,강릉시,운정동,운정동,166,86,80,158,80,78,-8,-6,-2
5115013600,2024-01-31,강원특별자치도,강릉시,난곡동,난곡동,520,275,245,526,279,247,6,4,2
5115013700,2024-01-31,강원특별자치도,강릉시,저동,저동,1138,555,583,1138,554,584,0,-1,1
5115013800,2024-01-31,강원특별자치도,강릉시,안현동,안현동,533,289,244,533,288,245,0,-1,1
5115013900,2024-01-31,강원특별자치도,강릉시,운산동,운산동,281,142,139,282,143,139,1,1,0
5115025000,2024-01-31,강원특별자치도,강릉시,주문진읍,주문진읍,1,0,1,0,0,0,-1,0,-1
5115025021,2024-01-31,강원특별자치도,강릉시,주문진읍,주문리,5209,2526,2683,5188,2513,2675,-21,-13,-8
5115025022,2024-01-31,강원특별자치도,강릉시,주문진읍,교항리,9528,4641,4887,9495,4618,4877,-33,-23,-10
5115025023,2024-01-31,강원특별자치도,강릉시,주문진읍,장덕리,498,256,242,495,254,241,-3,-2,-1
5115025024,2024-01-31,강원특별자치도,강릉시,주문진읍,삼교리,209,110,99,205,108,97,-4,-2,-2
5115025025,2024-01-31,강원특별자치도,강릉시,주문진읍,향호리,434,231,203,437,233,204,3,2,1
5115031021,2024-01-31,강원특별자치도,강릉시,성산면,구산리,393,207,186,393,208,185,0,1,-1
5115031022,2024-01-31,강원특별자치도,강릉시,성산면,관음리,322,161,161,324,163,161,2,2,0
5115031023,2024-01-31,강원특별자치도,강릉시,성산면,금산리,449,223,226,443,220,223,-6,-3,-3
5115031024,2024-01-31,강원특별자치도,강릉시,성산면,위촌리,694,354,340,684,347,337,-10,-7,-3
5115031025,2024-01-31,강원특별자치도,강릉시,성산면,송암리,300,153,147,303,156,147,3,3,0
5115031026,2024-01-31,강원특별자치도,강릉시,성산면,보광리,462,240,222,463,241,222,1,1,0
5115031027,2024-01-31,강원특별자치도,강릉시,성산면,어흘리,340,176,164,336,176,160,-4,0,-4
5115031028,2024-01-31,강원특별자치도,강릉시,성산면,오봉리,143,67,76,144,70,74,1,3,-2
5115031029,2024-01-31,강원특별자치도,강릉시,성산면,산북리,403,204,199,407,207,200,4,3,1
5115032021,2024-01-31,강원특별자치도,강릉시,왕산면,도마리,341,176,165,343,178,165,2,2,0
5115032022,2024-01-31,강원특별자치도,강릉시,왕산면,목계리,250,130,120,248,129,119,-2,-1,-1
5115032023,2024-01-31,강원특별자치도,강릉시,왕산면,왕산리,209,110,99,207,109,98,-2,-1,-1
5115032024,2024-01-31,강원특별자치도,강릉시,왕산면,고단리,253,127,126,256,127,129,3,0,3
5115032025,2024-01-31,강원특별자치도,강릉시,왕산면,송현리,96,58,38,94,58,36,-2,0,-2
5115032026,2024-01-31,강원특별자치도,강릉시,왕산면,대기리,374,220,154,374,219,155,0,-1,1
5115033021,2024-01-31,강원특별자치도,강릉시,구정면,여찬리,965,473,492,963,474,489,-2,1,-3
5115033022,2024-01-31,강원특별자치도,강릉시,구정면,학산리,1019,517,502,1027,521,506,8,4,4
5115033023,2024-01-31,강원특별자치도,강릉시,구정면,구정리,419,211,208,418,210,208,-1,-1,0
5115033024,2024-01-31,강원특별자치도,강릉시,구정면,금광리,374,199,175,372,199,173,-2,0,-2
5115033025,2024-01-31,강원특별자치도,강릉시,구정면,어단리,642,329,313,638,330,308,-4,1,-5
5115033026,2024-01-31,강원특별자치도,강릉시,구정면,덕현리,166,83,83,170,85,85,4,2,2
5115033027,2024-01-31,강원특별자치도,강릉시,구정면,제비리,655,332,323,651,330,321,-4,-2,-2
5115034021,2024-01-31,강원특별자치도,강릉시,강동면,상시동리,378,200,178,380,200,180,2,0,2
5115034022,2024-01-31,강원특별자치도,강릉시,강동면,모전리,583,316,267,578,312,266,-5,-4,-1
5115034023,2024-01-31,강원특별자치도,강릉시,강동면,안인리,335,172,163,332,171,161,-3,-1,-2
5115034024,2024-01-31,강원특별자치도,강릉시,강동면,안인진리,416,234,182,415,234,181,-1,0,-1
5115034025,2024-01-31,강원특별자치도,강릉시,강동면,임곡리,263,139,124,263,139,124,0,0,0
5115034026,2024-01-31,강원특별자치도,강릉시,강동면,하시동리,466,234,232,468,236,232,2,2,0
5115034028,2024-01-31,강원특별자치도,강릉시,강동면,정동진리,644,312,332,647,314,333,3,2,1
5115034029,2024-01-31,강원특별자치도,강릉시,강동면,심곡리,185,107,78,185,108,77,0,1,-1
5115034030,2024-01-31,강원특별자치도,강릉시,강동면,산성우리,346,188,158,349,189,160,3,1,2
5115034031,2024-01-31,강원특별자치도,강릉시,강동면,언별리,337,181,156,334,179,155,-3,-2,-1
5115035021,2024-01-31,강원특별자치도,강릉시,옥계면,현내리,1272,671,601,1263,665,598,-9,-6,-3
5115035022,2024-01-31,강원특별자치도,강릉시,옥계면,천남리,190,97,93,192,99,93,2,2,0
5115035023,2024-01-31,강원특별자치도,강릉시,옥계면,주수리,252,132,120,251,132,119,-1,0,-1
5115035024,2024-01-31,강원특별자치도,강릉시,옥계면,도직리,73,36,37,73,36,37,0,0,0
5115035026,2024-01-31,강원특별자치도,강릉시,옥계면,남양리,375,198,177,372,197,175,-3,-1,-2
5115035027,2024-01-31,강원특별자치도,강릉시,옥계면,북동리,124,63,61,123,62,61,-1,-1,0
5115035028,2024-01-31,강원특별자치도,강릉시,옥계면,낙풍리,253,117,136,252,116,136,-1,-1,0
5115035029,2024-01-31,강원특별자치도,강릉시,옥계면,금진리,550,273,277,550,271,279,0,-2,2
5115035030,2024-01-31,강원특별자치도,강릉시,옥계면,산계리,253,127,126,253,127,126,0,0,0
5115036021,2024-01-31,강원특별자치도,강릉시,사천면,미노리,370,188,182,364,184,180,-6,-4,-2
5115036022,2024-01-31,강원특별자치도,강릉시,사천면,노동리,823,419,404,823,418,405,0,-1,1
5115036023,2024-01-31,강원특별자치도,강릉시,사천면,석교리,584,306,278,585,304,281,1,-2,3
5115036024,2024-01-31,강원특별자치도,강릉시,사천면,판교리,608,307,301,600,304,296,-8,-3,-5
5115036025,2024-01-31,강원특별자치도,강릉시,사천면,사천진리,978,498,480,1100,563,537,122,65,57
5115036026,2024-01-31,강원특별자치도,강릉시,사천면,덕실리,383,192,191,380,191,189,-3,-1,-2
5115036027,2024-01-31,강원특별자치도,강릉시,사천면,방동리,686,349,337,686,353,333,0,4,-4
5115036028,2024-01-31,강원특별자치도,강릉시,사천면,산대월리,258,138,120,258,137,121,0,-1,1
5115036029,2024-01-31,강원특별자치도,강릉시,사천면,사기막리,370,189,181,368,187,181,-2,-2,0
5115037021,2024-01-31,강원특별자치도,강릉시,연곡면,방내리,449,245,204,444,242,202,-5,-3,-2
5115037022,2024-01-31,강원특별자치도,강릉시,연곡면,영진리,3436,1710,1726,3505,1747,1758,69,37,32
5115037023,2024-01-31,강원특별자치도,강릉시,연곡면,동덕리,468,242,226,464,241,223,-4,-1,-3
5115037024,2024-01-31,강원특별자치도,강릉시,연곡면,송림리,372,182,190,376,184,192,4,2,2
5115037025,2024-01-31,강원특별자치도,강릉시,연곡면,행정리,278,134,144,279,135,144,1,1,0
5115037026,2024-01-31,강원특별자치도,강릉시,연곡면,신왕리,217,119,98,221,121,100,4,2,2
5115037027,2024-01-31,강원특별자치도,강릉시,연곡면,유등리,133,65,68,133,65,68,0,0,0
5115037028,2024-01-31,강원특별자치도,강릉시,연곡면,삼산리,605,314,291,607,316,291,2,2,0
5115037029,2024-01-31,강원특별자치도,강릉시,연곡면,퇴곡리,360,169,191,360,169,191,0,0,0
5117010100,2024-01-31,강원특별자치도,동해시,천곡동,천곡동,22527,11143,11384,22459,11105,11354,-68,-38,-30
5117010200,2024-01-31,강원특별자치도,동해시,평릉동,평릉동,7575,3814,3761,7506,3780,3726,-69,-34,-35
5117010300,2024-01-31,강원특별자치도,동해시,송정동,송정동,1954,1053,901,1945,1046,899,-9,-7,-2
5117010400,2024-01-31,강원특별자치도,동해시,용정동,용정동,1636,930,706,1625,925,700,-11,-5,-6
5117010500,2024-01-31,강원특별자치도,동해시,지흥동,지흥동,454,286,168,449,281,168,-5,-5,0
5117010600,2024-01-31,강원특별자치도,동해시,효가동,효가동,4785,2500,2285,4760,2485,2275,-25,-15,-10
5117010700,2024-01-31,강원특별자치도,동해시,동회동,동회동,8682,4396,4286,9170,4646,4524,488,250,238
5117010800,2024-01-31,강원특별자치도,동해시,나안동,나안동,146,71,75,146,71,75,0,0,0
5117010900,2024-01-31,강원특별자치도,동해시,쇄운동,쇄운동,5760,3024,2736,5655,2966,2689,-105,-58,-47
5117011000,2024-01-31,강원특별자치도,동해시,부곡동,부곡동,4791,2344,2447,4753,2325,2428,-38,-19,-19
5117011100,2024-01-31,강원특별자치도,동해시,발한동,발한동,10200,5160,5040,10153,5122,5031,-47,-38,-9
5117011200,2024-01-31,강원특별자치도,동해시,북평동,북평동,3319,1647,1672,3319,1644,1675,0,-3,3
5117011300,2024-01-31,강원특별자치도,동해시,구미동,구미동,2091,1088,1003,2070,1079,991,-21,-9,-12
5117011400,2024-01-31,강원특별자치도,동해시,추암동,추암동,100,49,51,98,49,49,-2,0,-2
5117011500,2024-01-31,강원특별자치도,동해시,구호동,구호동,78,65,13,79,66,13,1,1,0
5117011600,2024-01-31,강원특별자치도,동해시,단봉동,단봉동,928,491,437,925,490,435,-3,-1,-2
5117011700,2024-01-31,강원특별자치도,동해시,지가동,지가동,160,84,76,160,84,76,0,0,0
5117011800,2024-01-31,강원특별자치도,동해시,이도동,이도동,6371,3259,3112,6304,3222,3082,-67,-37,-30
5117011900,2024-01-31,강원특별자치도,동해시,귀운동,귀운동,92,53,39,92,53,39,0,0,0
5117012000,2024-01-31,강원특별자치도,동해시,대구동,대구동,256,142,114,256,142,114,0,0,0
5117012100,2024-01-31,강원특별자치도,동해시,호현동,호현동,56,27,29,57,28,29,1,1,0
5117012200,2024-01-31,강원특별자치도,동해시,내동,내동,28,14,14,28,14,14,0,0,0
5117012300,2024-01-31,강원특별자치도,동해시,묵호진동,묵호진동,2102,1040,1062,2091,1037,1054,-11,-3,-8
5117012400,2024-01-31,강원특별자치도,동해시,삼화동,삼화동,345,184,161,341,179,162,-4,-5,1
5117012500,2024-01-31,강원특별자치도,동해시,이기동,이기동,26,15,11,26,15,11,0,0,0
5117012600,2024-01-31,강원특별자치도,동해시,이로동,이로동,1976,1035,941,1943,1021,922,-33,-14,-19
5117012700,2024-01-31,강원특별자치도,동해시,어달동,어달동,383,201,182,382,200,182,-1,-1,0
5117012800,2024-01-31,강원특별자치도,동해시,대진동,대진동,313,157,156,316,161,155,3,4,-1
5117012900,2024-01-31,강원특별자치도,동해시,망상동,망상동,506,260,246,501,257,244,-5,-3,-2
5117013000,2024-01-31,강원특별자치도,동해시,심곡동,심곡동,157,79,78,157,79,78,0,0,0
5117013100,2024-01-31,강원특별자치도,동해시,초구동,초구동,177,83,94,176,83,93,-1,0,-1
5117013200,2024-01-31,강원특별자치도,동해시,괴란동,괴란동,140,73,67,140,73,67,0,0,0
5117013300,2024-01-31,강원특별자치도,동해시,만우동,만우동,215,117,98,216,120,96,1,3,-2
5117013400,2024-01-31,강원특별자치도,동해시,신흥동,신흥동,250,134,116,247,132,115,-3,-2,-1
5117013500,2024-01-31,강원특별자치도,동해시,비천동,비천동,29,17,12,29,17,12,0,0,0
5117013600,2024-01-31,강원특별자치도,동해시,달방동,달방동,17,10,7,17,10,7,0,0,0
5119010100,2024-01-31,강원특별자치도,태백시,황지동,황지동,23458,11667,11791,23398,11681,11717,-60,14,-74
5119010200,2024-01-31,강원특별자치도,태백시,장성동,장성동,4431,2223,2208,4476,2243,2233,45,20,25
5119010300,2024-01-31,강원특별자치도,태백시,금천동,금천동,137,64,73,138,63,75,1,-1,2
5119010400,2024-01-31,강원특별자치도,태백시,철암동,철암동,1858,976,882,1837,968,869,-21,-8,-13
5119010500,2024-01-31,강원특별자치도,태백시,문곡동,문곡동,1448,726,722,1447,727,720,-1,1,-2
5119010600,2024-01-31,강원특별자치도,태백시,동점동,동점동,769,392,377,767,391,376,-2,-1,-1
5119010700,2024-01-31,강원특별자치도,태백시,소도동,소도동,1785,881,904,1774,871,903,-11,-10,-1
5119010800,2024-01-31,강원특별자치도,태백시,혈동,혈동,243,128,115,244,128,116,1,0,1
5119010900,2024-01-31,강원특별자치도,태백시,화전동,화전동,2546,1305,1241,2547,1304,1243,1,-1,2
5119011000,2024-01-31,강원특별자치도,태백시,적각동,적각동,48,28,20,48,28,20,0,0,0
5119011100,2024-01-31,강원특별자치도,태백시,창죽동,창죽동,91,45,46,91,45,46,0,0,0
5119011200,2024-01-31,강원특별자치도,태백시,통동,통동,1322,738,584,1290,718,572,-32,-20,-12
5119011300,2024-01-31,강원특별자치도,태백시,백산동,백산동,135,74,61,133,73,60,-2,-1,-1
5119011400,2024-01-31,강원특별자치도,태백시,원동,원동,86,45,41,87,45,42,1,0,1
5119011500,2024-01-31,강원특별자치도,태백시,상사미동,상사미동,105,56,49,104,55,49,-1,-1,0
5119011600,2024-01-31,강원특별자치도,태백시,하사미동,하사미동,179,93,86,171,89,82,-8,-4,-4
5119011700,2024-01-31,강원특별자치도,태백시,조탄동,조탄동,61,35,26,61,35,26,0,0,0
5121010100,2024-01-31,강원특별자치도,속초시,영랑동,영랑동,2569,1333,1236,2528,1315,1213,-41,-18,-23
5121010200,2024-01-31,강원특별자치도,속초시,동명동,동명동,4770,2378,2392,4874,2417,2457,104,39,65
5121010300,2024-01-31,강원특별자치도,속초시,중앙동,중앙동,1431,709,722,1414,703,711,-17,-6,-11
5121010400,2024-01-31,강원특별자치도,속초시,금호동,금호동,4278,2090,2188,4262,2080,2182,-16,-10,-6
5121010500,2024-01-31,강원특별자치도,속초시,청학동,청학동,1344,658,686,1352,663,689,8,5,3
5121010600,2024-01-31,강원특별자치도,속초시,교동,교동,26171,12895,13276,26120,12865,13255,-51,-30,-21
5121010700,2024-01-31,강원특별자치도,속초시,노학동,노학동,2488,1386,1102,2473,1376,1097,-15,-10,-5
5121010800,2024-01-31,강원특별자치도,속초시,조양동,조양동,31633,15383,16250,31634,15404,16230,1,21,-20
5121010900,2024-01-31,강원특별자치도,속초시,청호동,청호동,2509,1257,1252,2493,1247,1246,-16,-10,-6
5121011000,2024-01-31,강원특별자치도,속초시,대포동,대포동,1185,620,565,1172,616,556,-13,-4,-9
5121011100,2024-01-31,강원특별자치도,속초시,도문동,도문동,1008,503,505,1010,506,504,2,3,-1
5121011200,2024-01-31,강원특별자치도,속초시,설악동,설악동,799,432,367,807,432,375,8,0,8
5121011300,2024-01-31,강원특별자치도,속초시,장사동,장사동,1869,976,893,1882,982,900,13,6,7
5123010100,2024-01-31,강원특별자치도,삼척시,성내동,성내동,133,61,72,132,61,71,-1,0,-1
5123010200,2024-01-31,강원특별자치도,삼척시,성북동,성북동,252,127,125,246,123,123,-6,-4,-2
5123010300,2024-01-31,강원특별자치도,삼척시,읍상동,읍상동,72,37,35,71,37,34,-1,0,-1
5123010400,2024-01-31,강원특별자치도,삼척시,읍중동,읍중동,92,43,49,94,44,50,2,1,1
5123010500,2024-01-31,강원특별자치도,삼척시,당저동,당저동,1837,887,950,1882,911,971,45,24,21
5123010600,2024-01-31,강원특별자치도,삼척시,교동,교동,11916,6041,5875,11887,6026,5861,-29,-15,-14
5123010700,2024-01-31,강원특별자치도,삼척시,갈천동,갈천동,2330,1198,1132,2315,1187,1128,-15,-11,-4
5123010800,2024-01-31,강원특별자치도,삼척시,증산동,증산동,110,58,52,110,58,52,0,0,0
5123010900,2024-01-31,강원특별자치도,삼척시,우지동,우지동,121,69,52,121,69,52,0,0,0
5123011000,2024-01-31,강원특별자치도,삼척시,마달동,마달동,1422,744,678,1419,743,676,-3,-1,-2
5123011100,2024-01-31,강원특별자치도,삼척시,자원동,자원동,122,67,55,121,66,55,-1,-1,0
5123011200,2024-01-31,강원특별자치도,삼척시,평전동,평전동,39,14,25,38,14,24,-1,0,-1
5123011300,2024-01-31,강원특별자치도,삼척시,등봉동,등봉동,119,69,50,118,68,50,-1,-1,0
5123011400,2024-01-31,강원특별자치도,삼척시,도경동,도경동,116,56,60,116,56,60,0,0,0
5123011500,2024-01-31,강원특별자치도,삼척시,마평동,마평동,70,37,33,72,38,34,2,1,1
5123011600,2024-01-31,강원특별자치도,삼척시,오사동,오사동,55,25,30,54,24,30,-1,-1,0
5123011700,2024-01-31,강원특별자치도,삼척시,건지동,건지동,2080,1000,1080,2079,995,1084,-1,-5,4
5123011800,2024-01-31,강원특별자치도,삼척시,원당동,원당동,2299,1130,1169,2290,1124,1166,-9,-6,-3
5123011900,2024-01-31,강원특별자치도,삼척시,성남동,성남동,256,123,133,251,122,129,-5,-1,-4
5123012000,2024-01-31,강원특별자치도,삼척시,남양동,남양동,5000,2412,2588,4959,2393,2566,-41,-19,-22
5123012100,2024-01-31,강원특별자치도,삼척시,사직동,사직동,1403,736,667,1397,734,663,-6,-2,-4
5123012200,2024-01-31,강원특별자치도,삼척시,오분동,오분동,263,133,130,262,132,130,-1,-1,0
5123012300,2024-01-31,강원특별자치도,삼척시,적노동,적노동,205,112,93,204,111,93,-1,-1,0
5123012400,2024-01-31,강원특별자치도,삼척시,조비동,조비동,148,78,70,147,77,70,-1,-1,0
5123012500,2024-01-31,강원특별자치도,삼척시,정상동,정상동,7693,3929,3764,7660,3914,3746,-33,-15,-18
5123012600,2024-01-31,강원특별자치도,삼척시,정하동,정하동,630,302,328,625,300,325,-5,-2,-3
5123012700,2024-01-31,강원특별자치도,삼척시,근산동,근산동,37,21,16,38,22,16,1,1,0
5123025021,2024-01-31,강원특별자치도,삼척시,도계읍,발이리,43,28,15,43,28,15,0,0,0
5123025022,2024-01-31,강원특별자치도,삼척시,도계읍,차구리,23,10,13,23,10,13,0,0,0
5123025023,2024-01-31,강원특별자치도,삼척시,도계읍,고사리,301,172,129,296,168,128,-5,-4,-1
5123025024,2024-01-31,강원특별자치도,삼척시,도계읍,산기리,17,7,10,17,7,10,0,0,0
5123025025,2024-01-31,강원특별자치도,삼척시,도계읍,무건리,8,6,2,8,6,2,0,0,0
5123025027,2024-01-31,강원특별자치도,삼척시,도계읍,늑구리,295,150,145,292,148,144,-3,-2,-1
5123025028,2024-01-31,강원특별자치도,삼척시,도계읍,점리,100,54,46,96,53,43,-4,-1,-3
5123025029,2024-01-31,강원특별자치도,삼척시,도계읍,마교리,224,115,109,222,115,107,-2,0,-2
5123025030,2024-01-31,강원특별자치도,삼척시,도계읍,도계리,4290,2185,2105,4200,2142,2058,-90,-43,-47
5123025031,2024-01-31,강원특별자치도,삼척시,도계읍,상덕리,80,49,31,81,49,32,1,0,1
5123025032,2024-01-31,강원특별자치도,삼척시,도계읍,황조리,285,155,130,262,142,120,-23,-13,-10
5123025033,2024-01-31,강원특별자치도,삼척시,도계읍,전두리,1742,809,933,1684,784,900,-58,-25,-33
5123025034,2024-01-31,강원특별자치도,삼척시,도계읍,흥전리,1559,800,759,1557,798,759,-2,-2,0
5123025035,2024-01-31,강원특별자치도,삼척시,도계읍,심포리,98,46,52,95,44,51,-3,-2,-1
5123025036,2024-01-31,강원특별자치도,삼척시,도계읍,구사리,33,18,15,33,18,15,0,0,0
5123025037,2024-01-31,강원특별자치도,삼척시,도계읍,신리,108,53,55,109,54,55,1,1,0
5123025321,2024-01-31,강원특별자치도,삼척시,원덕읍,갈남리,327,161,166,327,162,165,0,1,-1
5123025322,2024-01-31,강원특별자치도,삼척시,원덕읍,임원리,1242,636,606,1234,632,602,-8,-4,-4
5123025323,2024-01-31,강원특별자치도,삼척시,원덕읍,노곡리,267,140,127,269,140,129,2,0,2
5123025324,2024-01-31,강원특별자치도,삼척시,원덕읍,이천리,307,168,139,304,165,139,-3,-3,0
5123025325,2024-01-31,강원특별자치도,삼척시,원덕읍,옥원리,547,303,244,556,312,244,9,9,0
5123025326,2024-01-31,강원특별자치도,삼척시,원덕읍,호산리,1090,587,503,1090,584,506,0,-3,3
5123025327,2024-01-31,강원특별자치도,삼척시,원덕읍,월천리,285,141,144,283,141,142,-2,0,-2
5123025328,2024-01-31,강원특별자치도,삼척시,원덕읍,노경리,174,88,86,173,85,88,-1,-3,2
5123025330,2024-01-31,강원특별자치도,삼척시,원덕읍,사곡리,70,33,37,71,33,38,1,0,1
5123025331,2024-01-31,강원특별자치도,삼척시,원덕읍,기곡리,218,109,109,218,109,109,0,0,0
5123025332,2024-01-31,강원특별자치도,삼척시,원덕읍,산양리,207,99,108,202,94,108,-5,-5,0
5123031021,2024-01-31,강원특별자치도,삼척시,근덕면,상맹방리,400,200,200,395,198,197,-5,-2,-3
5123031022,2024-01-31,강원특별자치도,삼척시,근덕면,하맹방리,226,116,110,225,115,110,-1,-1,0
5123031023,2024-01-31,강원특별자치도,삼척시,근덕면,금계리,52,30,22,51,30,21,-1,0,-1
5123031024,2024-01-31,강원특별자치도,삼척시,근덕면,교가리,1000,516,484,992,512,480,-8,-4,-4
5123031025,2024-01-31,강원특별자치도,삼척시,근덕면,교곡리,199,110,89,198,109,89,-1,-1,0
5123031026,2024-01-31,강원특별자치도,삼척시,근덕면,덕산리,445,224,221,442,222,220,-3,-2,-1
5123031027,2024-01-31,강원특별자치도,삼척시,근덕면,부남리,170,88,82,170,88,82,0,0,0
5123031028,2024-01-31,강원특별자치도,삼척시,근덕면,광태리,129,66,63,129,66,63,0,0,0
5123031029,2024-01-31,강원특별자치도,삼척시,근덕면,동막리,661,363,298,657,359,298,-4,-4,0
5123031030,2024-01-31,강원특별자치도,삼척시,근덕면,궁촌리,443,223,220,439,221,218,-4,-2,-2
5123031031,2024-01-31,강원특별자치도,삼척시,근덕면,매원리,199,96,103,193,94,99,-6,-2,-4
5123031032,2024-01-31,강원특별자치도,삼척시,근덕면,초곡리,214,103,111,211,100,111,-3,-3,0
5123031033,2024-01-31,강원특별자치도,삼척시,근덕면,용화리,339,166,173,334,163,171,-5,-3,-2
5123031034,2024-01-31,강원특별자치도,삼척시,근덕면,장호리,420,213,207,421,213,208,1,0,1
5123032021,2024-01-31,강원특별자치도,삼척시,하장면,중봉리,103,53,50,103,52,51,0,-1,1
5123032022,2024-01-31,강원특별자치도,삼척시,하장면,번천리,93,55,38,93,55,38,0,0,0
5123032023,2024-01-31,강원특별자치도,삼척시,하장면,숙암리,50,27,23,50,27,23,0,0,0
5123032024,2024-01-31,강원특별자치도,삼척시,하장면,광동리,197,103,94,196,103,93,-1,0,-1
5123032025,2024-01-31,강원특별자치도,삼척시,하장면,장전리,140,76,64,140,76,64,0,0,0
5123032026,2024-01-31,강원특별자치도,삼척시,하장면,추동리,82,43,39,82,43,39,0,0,0
5123032027,2024-01-31,강원특별자치도,삼척시,하장면,한소리,50,28,22,50,28,22,0,0,0
5123032028,2024-01-31,강원특별자치도,삼척시,하장면,토산리,40,21,19,39,20,19,-1,-1,0
5123032029,2024-01-31,강원특별자치도,삼척시,하장면,갈전리,157,90,67,158,91,67,1,1,0
5123032030,2024-01-31,강원특별자치도,삼척시,하장면,공전리,9,6,3,9,6,3,0,0,0
5123032031,2024-01-31,강원특별자치도,삼척시,하장면,둔전리,56,30,26,56,30,26,0,0,0
5123032032,2024-01-31,강원특별자치도,삼척시,하장면,역둔리,56,27,29,55,27,28,-1,0,-1
5123032033,2024-01-31,강원특별자치도,삼척시,하장면,대전리,52,28,24,51,28,23,-1,0,-1
5123032034,2024-01-31,강원특별자치도,삼척시,하장면,어리,49,30,19,48,30,18,-1,0,-1
5123032035,2024-01-31,강원특별자치도,삼척시,하장면,판문리,72,43,29,72,43,29,0,0,0
5123032036,2024-01-31,강원특별자치도,삼척시,하장면,용연리,30,17,13,30,17,13,0,0,0
5123033021,2024-01-31,강원특별자치도,삼척시,노곡면,여삼리,74,39,35,74,39,35,0,0,0
5123033022,2024-01-31,강원특별자치도,삼척시,노곡면,상천기리,34,19,15,35,20,15,1,1,0
5123033023,2024-01-31,강원특별자치도,삼척시,노곡면,하반천리,35,19,16,35,19,16,0,0,0
5123033024,2024-01-31,강원특별자치도,삼척시,노곡면,상반천리,39,16,23,40,17,23,1,1,0
5123033025,2024-01-31,강원특별자치도,삼척시,노곡면,우발리,11,7,4,11,7,4,0,0,0
5123033026,2024-01-31,강원특별자치도,삼척시,노곡면,고자리,39,25,14,39,25,14,0,0,0
5123033027,2024-01-31,강원특별자치도,삼척시,노곡면,하월산리,54,31,23,54,31,23,0,0,0
5123033028,2024-01-31,강원특별자치도,삼척시,노곡면,개산리,15,7,8,15,7,8,0,0,0
5123033029,2024-01-31,강원특별자치도,삼척시,노곡면,상월산리,36,20,16,36,20,16,0,0,0
5123033030,2024-01-31,강원특별자치도,삼척시,노곡면,하군천리,48,26,22,49,27,22,1,1,0
5123033031,2024-01-31,강원특별자치도,삼척시,노곡면,상군천리,36,21,15,36,21,15,0,0,0
5123033032,2024-01-31,강원특별자치도,삼척시,노곡면,둔달리,13,7,6,13,7,6,0,0,0
5123033033,2024-01-31,강원특별자치도,삼척시,노곡면,주지리,32,17,15,32,17,15,0,0,0
5123033034,2024-01-31,강원특별자치도,삼척시,노곡면,하마읍리,105,49,56,108,51,57,3,2,1
5123033035,2024-01-31,강원특별자치도,삼척시,노곡면,중마읍리,61,34,27,59,33,26,-2,-1,-1
5123033036,2024-01-31,강원특별자치도,삼척시,노곡면,상마읍리,56,35,21,56,35,21,0,0,0
5123034021,2024-01-31,강원특별자치도,삼척시,미로면,무사리,57,32,25,58,32,26,1,0,1
5123034022,2024-01-31,강원특별자치도,삼척시,미로면,사둔리,162,85,77,161,83,78,-1,-2,1
5123034023,2024-01-31,강원특별자치도,삼척시,미로면,하거노리,381,191,190,382,192,190,1,1,0
5123034024,2024-01-31,강원특별자치도,삼척시,미로면,상거노리,213,113,100,209,110,99,-4,-3,-1
5123034025,2024-01-31,강원특별자치도,삼척시,미로면,상정리,91,50,41,94,52,42,3,2,1
5123034026,2024-01-31,강원특별자치도,삼척시,미로면,하정리,83,41,42,82,41,41,-1,0,-1
5123034027,2024-01-31,강원특별자치도,삼척시,미로면,천기리,52,28,24,53,29,24,1,1,0
5123034028,2024-01-31,강원특별자치도,삼척시,미로면,활기리,81,50,31,81,50,31,0,0,0
5123034029,2024-01-31,강원특별자치도,삼척시,미로면,하사전리,50,30,20,51,30,21,1,0,1
5123034030,2024-01-31,강원특별자치도,삼척시,미로면,동산리,75,38,37,76,38,38,1,0,1
5123034031,2024-01-31,강원특별자치도,삼척시,미로면,상사전리,63,31,32,63,31,32,0,0,0
5123034032,2024-01-31,강원특별자치도,삼척시,미로면,삼거리,127,61,66,129,62,67,2,1,1
5123034033,2024-01-31,강원특별자치도,삼척시,미로면,고천리,132,69,63,133,70,63,1,1,0
5123034034,2024-01-31,강원특별자치도,삼척시,미로면,내미로리,206,118,88,207,119,88,1,1,0
5123035021,2024-01-31,강원특별자치도,삼척시,가곡면,오목리,64,34,30,64,34,30,0,0,0
5123035022,2024-01-31,강원특별자치도,삼척시,가곡면,탕곡리,150,75,75,150,76,74,0,1,-1
5123035023,2024-01-31,강원특별자치도,삼척시,가곡면,오저리,143,74,69,143,74,69,0,0,0
5123035024,2024-01-31,강원특별자치도,삼척시,가곡면,풍곡리,219,115,104,219,115,104,0,0,0
5123035025,2024-01-31,강원특별자치도,삼척시,가곡면,동활리,88,42,46,87,42,45,-1,0,-1
5123036021,2024-01-31,강원특별자치도,삼척시,신기면,신기리,156,88,68,155,87,68,-1,-1,0
5123036022,2024-01-31,강원특별자치도,삼척시,신기면,서하리,67,35,32,66,34,32,-1,-1,0
5123036023,2024-01-31,강원특별자치도,삼척시,신기면,고무릉리,74,42,32,74,42,32,0,0,0
5123036024,2024-01-31,강원특별자치도,삼척시,신기면,대이리,69,39,30,69,39,30,0,0,0
5123036025,2024-01-31,강원특별자치도,삼척시,신기면,대기리,25,15,10,26,16,10,1,1,0
5123036026,2024-01-31,강원특별자치도,삼척시,신기면,안의리,43,24,19,43,24,19,0,0,0
5123036027,2024-01-31,강원특별자치도,삼척시,신기면,대평리,90,52,38,90,52,38,0,0,0
5123036028,2024-01-31,강원특별자치도,삼척시,신기면,마차리,109,56,53,110,57,53,1,1,0
5172025021,2024-01-31,강원특별자치도,홍천군,홍천읍,진리,1067,541,526,1045,533,512,-22,-8,-14
5172025022,2024-01-31,강원특별자치도,홍천군,홍천읍,신장대리,1029,513,516,1000,498,502,-29,-15,-14
5172025023,2024-01-31,강원특별자치도,홍천군,홍천읍,희망리,6944,3432,3512,7399,3653,3746,455,221,234
5172025024,2024-01-31,강원특별자치도,홍천군,홍천읍,갈마곡리,8863,4416,4447,8700,4333,4367,-163,-83,-80
5172025025,2024-01-31,강원특별자치도,홍천군,홍천읍,검율리,455,241,214,461,244,217,6,3,3
5172025026,2024-01-31,강원특별자치도,홍천군,홍천읍,와동리,505,271,234,491,263,228,-14,-8,-6
5172025027,2024-01-31,강원특별자치도,홍천군,홍천읍,결운리,530,277,253,532,277,255,2,0,2
5172025028,2024-01-31,강원특별자치도,홍천군,홍천읍,태학리,362,198,164,363,198,165,1,0,1
5172025029,2024-01-31,강원특별자치도,홍천군,홍천읍,연봉리,10856,5536,5320,10767,5505,5262,-89,-31,-58
5172025030,2024-01-31,강원특별자치도,홍천군,홍천읍,하오안리,1482,794,688,1472,791,681,-10,-3,-7
5172025031,2024-01-31,강원특별자치도,홍천군,홍천읍,장전평리,528,283,245,527,282,245,-1,-1,0
5172025032,2024-01-31,강원특별자치도,홍천군,홍천읍,삼마치리,711,374,337,709,373,336,-2,-1,-1
5172025033,2024-01-31,강원특별자치도,홍천군,홍천읍,상오안리,333,170,163,333,169,164,0,-1,1
5172031021,2024-01-31,강원특별자치도,홍천군,화촌면,송정리,401,217,184,399,213,186,-2,-4,2
5172031022,2024-01-31,강원특별자치도,홍천군,화촌면,내삼포리,164,81,83,165,82,83,1,1,0
5172031023,2024-01-31,강원특별자치도,홍천군,화촌면,성산리,612,339,273,613,341,272,1,2,-1
5172031024,2024-01-31,강원특별자치도,홍천군,화촌면,야시대리,288,149,139,286,148,138,-2,-1,-1
5172031025,2024-01-31,강원특별자치도,홍천군,화촌면,주음치리,214,122,92,213,121,92,-1,-1,0
5172031026,2024-01-31,강원특별자치도,홍천군,화촌면,군업리,510,280,230,513,280,233,3,0,3
5172031027,2024-01-31,강원특별자치도,홍천군,화촌면,장평리,402,220,182,399,220,179,-3,0,-3
5172031028,2024-01-31,강원특별자치도,홍천군,화촌면,굴운리,342,183,159,341,183,158,-1,0,-1
5172031029,2024-01-31,강원특별자치도,홍천군,화촌면,구성포리,617,338,279,608,332,276,-9,-6,-3
5172031030,2024-01-31,강원특별자치도,홍천군,화촌면,풍천리,260,133,127,259,132,127,-1,-1,0
5172031031,2024-01-31,강원특별자치도,홍천군,화촌면,외삼포리,469,234,235,465,236,229,-4,2,-6
5172032021,2024-01-31,강원특별자치도,홍천군,두촌면,철정리,670,343,327,670,343,327,0,0,0
5172032022,2024-01-31,강원특별자치도,홍천군,두촌면,역내리,221,120,101,220,119,101,-1,-1,0
5172032023,2024-01-31,강원특별자치도,홍천군,두촌면,천현리,330,164,166,332,164,168,2,0,2
5172032024,2024-01-31,강원특별자치도,홍천군,두촌면,자은리,513,249,264,511,245,266,-2,-4,2
5172032025,2024-01-31,강원특별자치도,홍천군,두촌면,원동리,201,100,101,199,98,101,-2,-2,0
5172032026,2024-01-31,강원특별자치도,홍천군,두촌면,장남리,270,131,139,271,131,140,1,0,1
5172032027,2024-01-31,강원특별자치도,홍천군,두촌면,괘석리,188,108,80,187,108,79,-1,0,-1
5172033021,2024-01-31,강원특별자치도,홍천군,내촌면,물걸리,540,278,262,545,282,263,5,4,1
5172033022,2024-01-31,강원특별자치도,홍천군,내촌면,와야리,344,171,173,347,172,175,3,1,2
5172033023,2024-01-31,강원특별자치도,홍천군,내촌면,서곡리,177,92,85,180,93,87,3,1,2
5172033024,2024-01-31,강원특별자치도,홍천군,내촌면,도관리,464,234,230,458,231,227,-6,-3,-3
5172033025,2024-01-31,강원특별자치도,홍천군,내촌면,답풍리,271,138,133,270,139,131,-1,1,-2
5172033026,2024-01-31,강원특별자치도,홍천군,내촌면,화상대리,421,219,202,418,219,199,-3,0,-3
5172033027,2024-01-31,강원특별자치도,홍천군,내촌면,문현리,102,55,47,102,55,47,0,0,0
5172033028,2024-01-31,강원특별자치도,홍천군,내촌면,광암리,122,66,56,121,65,56,-1,-1,0
5172034021,2024-01-31,강원특별자치도,홍천군,서석면,풍암리,985,500,485,989,503,486,4,3,1
5172034022,2024-01-31,강원특별자치도,홍천군,서석면,검산리,522,258,264,523,260,263,1,2,-1
5172034023,2024-01-31,강원특별자치도,홍천군,서석면,생곡리,513,268,245,511,268,243,-2,0,-2
5172034024,2024-01-31,강원특별자치도,홍천군,서석면,상군두리,127,68,59,126,66,60,-1,-2,1
5172034025,2024-01-31,강원특별자치도,홍천군,서석면,하군두리,77,37,40,77,37,40,0,0,0
5172034026,2024-01-31,강원특별자치도,홍천군,서석면,청량리,552,285,267,551,287,264,-1,2,-3
5172034027,2024-01-31,강원특별자치도,홍천군,서석면,어론리,367,187,180,368,187,181,1,0,1
5172034028,2024-01-31,강원특별자치도,홍천군,서석면,수하리,513,266,247,514,267,247,1,1,0
5172035221,2024-01-31,강원특별자치도,홍천군,영귀미면,속초리,827,403,424,833,408,425,6,5,1
5172035222,2024-01-31,강원특별자치도,홍천군,영귀미면,신봉리,189,92,97,185,90,95,-4,-2,-2
5172035223,2024-01-31,강원특별자치도,홍천군,영귀미면,덕치리,412,223,189,409,221,188,-3,-2,-1
5172035224,2024-01-31,강원특별자치도,홍천군,영귀미면,성수리,275,146,129,273,145,128,-2,-1,-1
5172035225,2024-01-31,강원특별자치도,홍천군,영귀미면,삼현리,223,112,111,220,113,107,-3,1,-4
5172035226,2024-01-31,강원특별자치도,홍천군,영귀미면,방량리,170,90,80,168,89,79,-2,-1,-1
5172035227,2024-01-31,강원특별자치도,홍천군,영귀미면,월운리,333,163,170,325,162,163,-8,-1,-7
5172035228,2024-01-31,강원특별자치도,홍천군,영귀미면,후동리,179,92,87,178,91,87,-1,-1,0
5172035229,2024-01-31,강원특별자치도,홍천군,영귀미면,개운리,324,170,154,323,165,158,-1,-5,4
5172035230,2024-01-31,강원특별자치도,홍천군,영귀미면,노천리,815,438,377,813,438,375,-2,0,-2
5172035231,2024-01-31,강원특별자치도,홍천군,영귀미면,좌운리,411,206,205,413,208,205,2,2,0
5172036021,2024-01-31,강원특별자치도,홍천군,남면,양덕원리,1013,470,543,1012,470,542,-1,0,-1
5172036022,2024-01-31,강원특별자치도,홍천군,남면,유목정리,325,179,146,325,176,149,0,-3,3
5172036023,2024-01-31,강원특별자치도,홍천군,남면,신대리,556,285,271,551,282,269,-5,-3,-2
5172036024,2024-01-31,강원특별자치도,홍천군,남면,시동리,1025,621,404,1029,623,406,4,2,2
5172036025,2024-01-31,강원특별자치도,홍천군,남면,유치리,581,310,271,579,310,269,-2,0,-2
5172036026,2024-01-31,강원특별자치도,홍천군,남면,월천리,952,479,473,938,471,467,-14,-8,-6
5172036027,2024-01-31,강원특별자치도,홍천군,남면,명동리,217,119,98,215,117,98,-2,-2,0
5172036028,2024-01-31,강원특별자치도,홍천군,남면,제곡리,164,85,79,165,86,79,1,1,0
5172036029,2024-01-31,강원특별자치도,홍천군,남면,용수리,166,95,71,165,96,69,-1,1,-2
5172036030,2024-01-31,강원특별자치도,홍천군,남면,남노일리,170,88,82,168,88,80,-2,0,-2
5172036031,2024-01-31,강원특별자치도,홍천군,남면,화전리,576,329,247,577,331,246,1,2,-1
5172037021,2024-01-31,강원특별자치도,홍천군,서면,반곡리,270,134,136,272,136,136,2,2,0
5172037022,2024-01-31,강원특별자치도,홍천군,서면,어유포리,208,106,102,205,105,100,-3,-1,-2
5172037023,2024-01-31,강원특별자치도,홍천군,서면,팔봉리,558,292,266,560,294,266,2,2,0
5172037024,2024-01-31,강원특별자치도,홍천군,서면,굴업리,229,131,98,227,130,97,-2,-1,-1
5172037025,2024-01-31,강원특별자치도,홍천군,서면,대곡리,420,213,207,413,210,203,-7,-3,-4
5172037026,2024-01-31,강원특별자치도,홍천군,서면,중방대리,157,86,71,157,85,72,0,-1,1
5172037027,2024-01-31,강원특별자치도,홍천군,서면,길곡리,197,100,97,197,100,97,0,0,0
5172037028,2024-01-31,강원특별자치도,홍천군,서면,동막리,250,135,115,250,135,115,0,0,0
5172037029,2024-01-31,강원특별자치도,홍천군,서면,모곡리,911,458,453,910,456,454,-1,-2,1
5172037030,2024-01-31,강원특별자치도,홍천군,서면,마곡리,115,69,46,114,68,46,-1,-1,0
5172037031,2024-01-31,강원특별자치도,홍천군,서면,개야리,220,115,105,224,116,108,4,1,3
5172037032,2024-01-31,강원특별자치도,홍천군,서면,두미리,236,126,110,234,125,109,-2,-1,-1
5172038021,2024-01-31,강원특별자치도,홍천군,북방면,상화계리,426,222,204,429,224,205,3,2,1
5172038022,2024-01-31,강원특별자치도,홍천군,북방면,화동리,257,137,120,259,140,119,2,3,-1
5172038023,2024-01-31,강원특별자치도,홍천군,북방면,중화계리,382,192,190,382,193,189,0,1,-1
5172038024,2024-01-31,강원특별자치도,홍천군,북방면,성동리,307,153,154,308,155,153,1,2,-1
5172038025,2024-01-31,강원특별자치도,홍천군,북방면,북방리,243,127,116,244,127,117,1,0,1
5172038026,2024-01-31,강원특별자치도,홍천군,북방면,능평리,242,131,111,243,131,112,1,0,1
5172038027,2024-01-31,강원특별자치도,홍천군,북방면,부사원리,29,16,13,29,16,13,0,0,0
5172038028,2024-01-31,강원특별자치도,홍천군,북방면,본궁리,114,63,51,112,61,51,-2,-2,0
5172038029,2024-01-31,강원특별자치도,홍천군,북방면,역전평리,89,51,38,87,49,38,-2,-2,0
5172038030,2024-01-31,강원특별자치도,홍천군,북방면,원소리,154,82,72,154,82,72,0,0,0
5172038031,2024-01-31,강원특별자치도,홍천군,북방면,구만리,193,106,87,193,106,87,0,0,0
5172038032,2024-01-31,강원특별자치도,홍천군,북방면,노일리,237,117,120,238,118,120,1,1,0
5172038033,2024-01-31,강원특별자치도,홍천군,북방면,장항리,102,57,45,101,56,45,-1,-1,0
5172038034,2024-01-31,강원특별자치도,홍천군,북방면,굴지리,131,69,62,127,66,61,-4,-3,-1
5172038035,2024-01-31,강원특별자치도,홍천군,북방면,도사곡리,95,58,37,93,57,36,-2,-1,-1
5172038036,2024-01-31,강원특별자치도,홍천군,북방면,소매곡리,160,91,69,161,91,70,1,0,1
5172038037,2024-01-31,강원특별자치도,홍천군,북방면,하화계리,1004,526,478,1003,526,477,-1,0,-1
5172038038,2024-01-31,강원특별자치도,홍천군,북방면,전치곡리,0,0,0,1,1,0,1,1,0
5172039021,2024-01-31,강원특별자치도,홍천군,내면,창촌리,885,437,448,874,430,444,-11,-7,-4
5172039022,2024-01-31,강원특별자치도,홍천군,내면,광원리,655,350,305,648,343,305,-7,-7,0
5172039023,2024-01-31,강원특별자치도,홍천군,내면,명개리,105,56,49,102,55,47,-3,-1,-2
5172039024,2024-01-31,강원특별자치도,홍천군,내면,율전리,439,244,195,430,241,189,-9,-3,-6
5172039025,2024-01-31,강원특별자치도,홍천군,내면,자운리,659,371,288,660,370,290,1,-1,2
5172039026,2024-01-31,강원특별자치도,홍천군,내면,방내리,293,160,133,293,161,132,0,1,-1
5173025021,2024-01-31,강원특별자치도,횡성군,횡성읍,읍상리,4780,2394,2386,4764,2386,2378,-16,-8,-8
5173025022,2024-01-31,강원특별자치도,횡성군,횡성읍,읍하리,6655,3296,3359,6646,3287,3359,-9,-9,0
5173025023,2024-01-31,강원특별자치도,횡성군,횡성읍,북천리,1925,947,978,1918,943,975,-7,-4,-3
5173025024,2024-01-31,강원특별자치도,횡성군,횡성읍,내지리,217,109,108,219,111,108,2,2,0
5173025025,2024-01-31,강원특별자치도,횡성군,횡성읍,마옥리,174,92,82,173,91,82,-1,-1,0
5173025026,2024-01-31,강원특별자치도,횡성군,횡성읍,송전리,110,60,50,111,61,50,1,1,0
5173025027,2024-01-31,강원특별자치도,횡성군,횡성읍,궁천리,64,31,33,62,31,31,-2,0,-2
5173025028,2024-01-31,강원특별자치도,횡성군,횡성읍,옥동리,268,140,128,267,140,127,-1,0,-1
5173025029,2024-01-31,강원특별자치도,횡성군,횡성읍,영영포리,177,93,84,178,94,84,1,1,0
5173025030,2024-01-31,강원특별자치도,횡성군,횡성읍,개전리,266,140,126,263,139,124,-3,-1,-2
5173025031,2024-01-31,강원특별자치도,횡성군,횡성읍,마산리,354,191,163,360,194,166,6,3,3
5173025032,2024-01-31,강원특별자치도,횡성군,횡성읍,조곡리,340,184,156,340,184,156,0,0,0
5173025033,2024-01-31,강원특별자치도,횡성군,횡성읍,생운리,125,73,52,126,73,53,1,0,1
5173025034,2024-01-31,강원특별자치도,횡성군,횡성읍,남산리,175,88,87,171,86,85,-4,-2,-2
5173025035,2024-01-31,강원특별자치도,횡성군,횡성읍,교항리,1965,968,997,1972,979,993,7,11,-4
5173025036,2024-01-31,강원특별자치도,횡성군,횡성읍,입석리,705,370,335,711,372,339,6,2,4
5173025037,2024-01-31,강원특별자치도,횡성군,횡성읍,청용리,290,149,141,290,149,141,0,0,0
5173025038,2024-01-31,강원특별자치도,횡성군,횡성읍,묵계리,165,83,82,169,86,83,4,3,1
5173025039,2024-01-31,강원특별자치도,횡성군,횡성읍,곡교리,177,98,79,177,98,79,0,0,0
5173025040,2024-01-31,강원특별자치도,횡성군,횡성읍,모평리,89,48,41,88,48,40,-1,0,-1
5173025041,2024-01-31,강원특별자치도,횡성군,횡성읍,반곡리,314,168,146,313,167,146,-1,-1,0
5173025042,2024-01-31,강원특별자치도,횡성군,횡성읍,갈풍리,184,87,97,185,87,98,1,0,1
5173025043,2024-01-31,강원특별자치도,횡성군,횡성읍,학곡리,312,178,134,307,176,131,-5,-2,-3
5173025044,2024-01-31,강원특별자치도,횡성군,횡성읍,가담리,311,158,153,311,156,155,0,-2,2
5173025045,2024-01-31,강원특별자치도,횡성군,횡성읍,추동리,248,129,119,252,130,122,4,1,3
5173025046,2024-01-31,강원특별자치도,횡성군,횡성읍,정암리,399,202,197,394,200,194,-5,-2,-3
5173031021,2024-01-31,강원특별자치도,횡성군,우천면,두곡리,244,124,120,244,124,120,0,0,0
5173031022,2024-01-31,강원특별자치도,횡성군,우천면,용둔리,294,160,134,295,159,136,1,-1,2
5173031023,2024-01-31,강원특별자치도,횡성군,우천면,산전리,234,119,115,233,118,115,-1,-1,0
5173031024,2024-01-31,강원특별자치도,횡성군,우천면,상하가리,148,72,76,148,72,76,0,0,0
5173031025,2024-01-31,강원특별자치도,횡성군,우천면,정금리,473,242,231,470,242,228,-3,0,-3
5173031026,2024-01-31,강원특별자치도,횡성군,우천면,하궁리,304,160,144,304,160,144,0,0,0
5173031027,2024-01-31,강원특별자치도,횡성군,우천면,상대리,286,144,142,287,143,144,1,-1,2
5173031028,2024-01-31,강원특별자치도,횡성군,우천면,하대리,320,195,125,317,192,125,-3,-3,0
5173031029,2024-01-31,강원특별자치도,횡성군,우천면,오원리,449,236,213,447,236,211,-2,0,-2
5173031030,2024-01-31,강원특별자치도,횡성군,우천면,백달리,189,95,94,186,93,93,-3,-2,-1
5173031031,2024-01-31,강원특별자치도,횡성군,우천면,우항리,853,434,419,852,433,419,-1,-1,0
5173031032,2024-01-31,강원특별자치도,횡성군,우천면,양적리,168,82,86,166,80,86,-2,-2,0
5173031033,2024-01-31,강원특별자치도,횡성군,우천면,법주리,183,103,80,181,102,79,-2,-1,-1
5173031034,2024-01-31,강원특별자치도,횡성군,우천면,문암리,210,111,99,211,113,98,1,2,-1
5173032021,2024-01-31,강원특별자치도,횡성군,안흥면,안흥리,1123,542,581,1121,545,576,-2,3,-5
5173032022,2024-01-31,강원특별자치도,횡성군,안흥면,가천리,151,77,74,150,77,73,-1,0,-1
5173032023,2024-01-31,강원특별자치도,횡성군,안흥면,송한리,59,30,29,55,29,26,-4,-1,-3
5173032024,2024-01-31,강원특별자치도,횡성군,안흥면,상안리,355,194,161,352,192,160,-3,-2,-1
5173032025,2024-01-31,강원특별자치도,횡성군,안흥면,지구리,394,213,181,392,212,180,-2,-1,-1
5173032026,2024-01-31,강원특별자치도,횡성군,안흥면,소사리,883,482,401,859,469,390,-24,-13,-11
5173032027,2024-01-31,강원특별자치도,횡성군,안흥면,성산리,142,70,72,143,70,73,1,0,1
5173033021,2024-01-31,강원특별자치도,횡성군,둔내면,현천리,598,326,272,594,327,267,-4,1,-5
5173033022,2024-01-31,강원특별자치도,횡성군,둔내면,둔방내리,1775,917,858,1770,914,856,-5,-3,-2
5173033023,2024-01-31,강원특별자치도,횡성군,둔내면,영랑리,229,115,114,234,117,117,5,2,3
5173033024,2024-01-31,강원특별자치도,횡성군,둔내면,조항리,204,113,91,202,111,91,-2,-2,0
5173033025,2024-01-31,강원특별자치도,횡성군,둔내면,우용리,367,183,184,364,182,182,-3,-1,-2
5173033026,2024-01-31,강원특별자치도,횡성군,둔내면,두원리,551,315,236,553,318,235,2,3,-1
5173033027,2024-01-31,강원특별자치도,횡성군,둔내면,자포곡리,763,387,376,759,384,375,-4,-3,-1
5173033028,2024-01-31,강원특별자치도,횡성군,둔내면,석문리,368,196,172,363,194,169,-5,-2,-3
5173033029,2024-01-31,강원특별자치도,횡성군,둔내면,삽교리,539,281,258,540,280,260,1,-1,2
5173033030,2024-01-31,강원특별자치도,횡성군,둔내면,마암리,277,145,132,280,147,133,3,2,1
5173033031,2024-01-31,강원특별자치도,횡성군,둔내면,화동리,281,149,132,287,153,134,6,4,2
5173033032,2024-01-31,강원특별자치도,횡성군,둔내면,궁종리,61,34,27,61,34,27,0,0,0
5173033033,2024-01-31,강원특별자치도,횡성군,둔내면,태기리,1,1,0,1,1,0,0,0,0
5173034021,2024-01-31,강원특별자치도,횡성군,갑천면,중금리,71,39,32,72,40,32,1,1,0
5173034022,2024-01-31,강원특별자치도,횡성군,갑천면,부동리,35,16,19,35,16,19,0,0,0
5173034023,2024-01-31,강원특별자치도,횡성군,갑천면,화전리,45,23,22,44,23,21,-1,0,-1
5173034024,2024-01-31,강원특별자치도,횡성군,갑천면,구방리,268,134,134,270,135,135,2,1,1
5173034025,2024-01-31,강원특별자치도,횡성군,갑천면,포동리,158,84,74,157,83,74,-1,-1,0
5173034026,2024-01-31,강원특별자치도,횡성군,갑천면,매일리,350,184,166,349,184,165,-1,0,-1
5173034027,2024-01-31,강원특별자치도,횡성군,갑천면,하대리,428,219,209,426,216,210,-2,-3,1
5173034028,2024-01-31,강원특별자치도,횡성군,갑천면,상대리,219,118,101,217,118,99,-2,0,-2
5173034029,2024-01-31,강원특별자치도,횡성군,갑천면,율동리,138,71,67,137,71,66,-1,0,-1
5173034030,2024-01-31,강원특별자치도,횡성군,갑천면,삼거리,129,70,59,128,69,59,-1,-1,0
5173034031,2024-01-31,강원특별자치도,횡성군,갑천면,전촌리,119,62,57,118,61,57,-1,-1,0
5173034032,2024-01-31,강원특별자치도,횡성군,갑천면,추동리,148,75,73,149,76,73,1,1,0
5173034033,2024-01-31,강원특별자치도,횡성군,갑천면,대관대리,151,81,70,148,80,68,-3,-1,-2
5173034034,2024-01-31,강원특별자치도,횡성군,갑천면,병지방리,208,111,97,205,108,97,-3,-3,0
5173035021,2024-01-31,강원특별자치도,횡성군,청일면,봉명리,204,112,92,201,110,91,-3,-2,-1
5173035022,2024-01-31,강원특별자치도,횡성군,청일면,속실리,194,99,95,190,98,92,-4,-1,-3
5173035023,2024-01-31,강원특별자치도,횡성군,청일면,춘당리,338,165,173,339,168,171,1,3,-2
5173035024,2024-01-31,강원특별자치도,횡성군,청일면,유동리,550,269,281,549,268,281,-1,-1,0
5173035025,2024-01-31,강원특별자치도,횡성군,청일면,초현리,113,53,60,113,53,60,0,0,0
5173035026,2024-01-31,강원특별자치도,횡성군,청일면,유평리,163,87,76,163,87,76,0,0,0
5173035027,2024-01-31,강원특별자치도,횡성군,청일면,갑천리,361,178,183,361,178,183,0,0,0
5173035028,2024-01-31,강원특별자치도,횡성군,청일면,고시리,201,100,101,201,99,102,0,-1,1
5173035029,2024-01-31,강원특별자치도,횡성군,청일면,신대리,263,148,115,264,149,115,1,1,0
5173036021,2024-01-31,강원특별자치도,횡성군,공근면,상동리,228,117,111,227,117,110,-1,0,-1
5173036022,2024-01-31,강원특별자치도,횡성군,공근면,부창리,216,115,101,216,115,101,0,0,0
5173036023,2024-01-31,강원특별자치도,횡성군,공근면,어둔리,102,57,45,100,55,45,-2,-2,0
5173036024,2024-01-31,강원특별자치도,횡성군,공근면,공근리,200,108,92,200,108,92,0,0,0
5173036025,2024-01-31,강원특별자치도,횡성군,공근면,가곡리,161,85,76,160,86,74,-1,1,-2
5173036026,2024-01-31,강원특별자치도,횡성군,공근면,삼배리,154,79,75,159,80,79,5,1,4
5173036027,2024-01-31,강원특별자치도,횡성군,공근면,청곡리,99,59,40,101,60,41,2,1,1
5173036028,2024-01-31,강원특별자치도,횡성군,공근면,행정리,101,53,48,100,53,47,-1,0,-1
5173036029,2024-01-31,강원특별자치도,횡성군,공근면,상창봉리,119,61,58,117,59,58,-2,-2,0
5173036030,2024-01-31,강원특별자치도,횡성군,공근면,창봉리,238,116,122,237,114,123,-1,-2,1
5173036031,2024-01-31,강원특별자치도,횡성군,공근면,도곡리,153,90,63,154,90,64,1,0,1
5173036032,2024-01-31,강원특별자치도,횡성군,공근면,초원리,302,159,143,305,160,145,3,1,2
5173036033,2024-01-31,강원특별자치도,횡성군,공근면,학담리,540,264,276,539,264,275,-1,0,-1
5173036034,2024-01-31,강원특별자치도,횡성군,공근면,매곡리,194,108,86,192,107,85,-2,-1,-1
5173036035,2024-01-31,강원특별자치도,횡성군,공근면,오산리,173,105,68,171,103,68,-2,-2,0
5173036036,2024-01-31,강원특별자치도,횡성군,공근면,수백리,242,113,129,248,118,130,6,5,1
5173036037,2024-01-31,강원특별자치도,횡성군,공근면,덕촌리,82,42,40,81,41,40,-1,-1,0
5173036038,2024-01-31,강원특별자치도,횡성군,공근면,신촌리,117,59,58,117,59,58,0,0,0
5173037021,2024-01-31,강원특별자치도,횡성군,서원면,창촌리,423,223,200,417,219,198,-6,-4,-2
5173037022,2024-01-31,강원특별자치도,횡성군,서원면,압곡리,165,94,71,168,95,73,3,1,2
5173037023,2024-01-31,강원특별자치도,횡성군,서원면,옥계리,248,128,120,246,127,119,-2,-1,-1
5173037024,2024-01-31,강원특별자치도,횡성군,서원면,석화리,346,195,151,345,195,150,-1,0,-1
5173037025,2024-01-31,강원특별자치도,횡성군,서원면,유현리,653,340,313,650,340,310,-3,0,-3
5173037026,2024-01-31,강원특별자치도,횡성군,서원면,금대리,230,126,104,228,124,104,-2,-2,0
5173038021,2024-01-31,강원특별자치도,횡성군,강림면,강림리,1120,577,543,1125,580,545,5,3,2
5173038022,2024-01-31,강원특별자치도,횡성군,강림면,부곡리,194,99,95,193,98,95,-1,-1,0
5173038023,2024-01-31,강원특별자치도,횡성군,강림면,월현리,440,233,207,445,237,208,5,4,1
5175025021,2024-01-31,강원특별자치도,영월군,영월읍,영흥리,6578,3419,3159,6545,3380,3165,-33,-39,6
5175025022,2024-01-31,강원특별자치도,영월군,영월읍,하송리,7589,3715,3874,7567,3708,3859,-22,-7,-15
5175025023,2024-01-31,강원특별자치도,영월군,영월읍,방절리,559,296,263,557,296,261,-2,0,-2
5175025024,2024-01-31,강원특별자치도,영월군,영월읍,덕포리,3653,1863,1790,3634,1851,1783,-19,-12,-7
5175025025,2024-01-31,강원특별자치도,영월군,영월읍,삼옥리,425,227,198,420,224,196,-5,-3,-2
5175025026,2024-01-31,강원특별자치도,영월군,영월읍,거운리,173,87,86,175,88,87,2,1,1
5175025027,2024-01-31,강원특별자치도,영월군,영월읍,문산리,127,76,51,127,76,51,0,0,0
5175025028,2024-01-31,강원특별자치도,영월군,영월읍,연하리,465,242,223,467,243,224,2,1,1
5175025029,2024-01-31,강원특별자치도,영월군,영월읍,정양리,14,9,5,14,9,5,0,0,0
5175025030,2024-01-31,강원특별자치도,영월군,영월읍,팔괴리,504,300,204,501,300,201,-3,0,-3
5175025031,2024-01-31,강원특별자치도,영월군,영월읍,흥월리,273,154,119,276,155,121,3,1,2
5175025321,2024-01-31,강원특별자치도,영월군,상동읍,내덕리,448,222,226,446,221,225,-2,-1,-1
5175025322,2024-01-31,강원특별자치도,영월군,상동읍,구래리,349,190,159,349,191,158,0,1,-1
5175025323,2024-01-31,강원특별자치도,영월군,상동읍,천평리,94,54,40,95,54,41,1,0,1
5175025324,2024-01-31,강원특별자치도,영월군,상동읍,덕구리,138,77,61,142,80,62,4,3,1
5175031221,2024-01-31,강원특별자치도,영월군,산솔면,녹전리,490,254,236,502,256,246,12,2,10
5175031222,2024-01-31,강원특별자치도,영월군,산솔면,직동리,178,103,75,180,104,76,2,1,1
5175031223,2024-01-31,강원특별자치도,영월군,산솔면,이목리,165,93,72,166,93,73,1,0,1
5175031224,2024-01-31,강원특별자치도,영월군,산솔면,화원리,149,83,66,150,84,66,1,1,0
5175031225,2024-01-31,강원특별자치도,영월군,산솔면,연상리,282,155,127,285,158,127,3,3,0
5175031226,2024-01-31,강원특별자치도,영월군,산솔면,석항리,126,62,64,125,61,64,-1,-1,0
5175032521,2024-01-31,강원특별자치도,영월군,김삿갓면,진별리,101,51,50,98,49,49,-3,-2,-1
5175032522,2024-01-31,강원특별자치도,영월군,김삿갓면,각동리,177,97,80,178,97,81,1,0,1
5175032523,2024-01-31,강원특별자치도,영월군,김삿갓면,대야리,182,99,83,186,102,84,4,3,1
5175032524,2024-01-31,강원특별자치도,영월군,김삿갓면,옥동리,180,97,83,178,96,82,-2,-1,-1
5175032525,2024-01-31,강원특별자치도,영월군,김삿갓면,예밀리,310,164,146,309,163,146,-1,-1,0
5175032526,2024-01-31,강원특별자치도,영월군,김삿갓면,주문리,102,51,51,104,51,53,2,0,2
5175032527,2024-01-31,강원특별자치도,영월군,김삿갓면,와석리,284,153,131,282,152,130,-2,-1,-1
5175032528,2024-01-31,강원특별자치도,영월군,김삿갓면,외룡리,246,133,113,244,132,112,-2,-1,-1
5175032529,2024-01-31,강원특별자치도,영월군,김삿갓면,내리,187,99,88,185,97,88,-2,-2,0
5175033021,2024-01-31,강원특별자치도,영월군,북면,마차리,782,395,387,784,394,390,2,-1,3
5175033022,2024-01-31,강원특별자치도,영월군,북면,문곡리,472,247,225,470,246,224,-2,-1,-1
5175033023,2024-01-31,강원특별자치도,영월군,북면,연덕리,338,176,162,338,176,162,0,0,0
5175033024,2024-01-31,강원특별자치도,영월군,북면,공기리,261,140,121,259,140,119,-2,0,-2
5175033025,2024-01-31,강원특별자치도,영월군,북면,덕상리,183,104,79,183,105,78,0,1,-1
5175034021,2024-01-31,강원특별자치도,영월군,남면,연당리,647,337,310,647,336,311,0,-1,1
5175034022,2024-01-31,강원특별자치도,영월군,남면,창원리,313,177,136,313,178,135,0,1,-1
5175034023,2024-01-31,강원특별자치도,영월군,남면,토교리,408,211,197,405,209,196,-3,-2,-1
5175034024,2024-01-31,강원특별자치도,영월군,남면,광천리,164,87,77,163,88,75,-1,1,-2
5175034025,2024-01-31,강원특별자치도,영월군,남면,조전리,179,95,84,179,94,85,0,-1,1
5175034026,2024-01-31,강원특별자치도,영월군,남면,북쌍리,421,229,192,422,230,192,1,1,0
5175035521,2024-01-31,강원특별자치도,영월군,한반도면,옹정리,160,85,75,156,83,73,-4,-2,-2
5175035522,2024-01-31,강원특별자치도,영월군,한반도면,광전리,299,161,138,297,159,138,-2,-2,0
5175035523,2024-01-31,강원특별자치도,영월군,한반도면,신천리,725,387,338,720,387,333,-5,0,-5
5175035524,2024-01-31,강원특별자치도,영월군,한반도면,후탄리,217,114,103,219,115,104,2,1,1
5175035525,2024-01-31,강원특별자치도,영월군,한반도면,쌍용리,1354,729,625,1351,728,623,-3,-1,-2
5175036021,2024-01-31,강원특별자치도,영월군,주천면,주천리,1508,775,733,1505,766,739,-3,-9,6
5175036022,2024-01-31,강원특별자치도,영월군,주천면,판운리,466,254,212,470,257,213,4,3,1
5175036023,2024-01-31,강원특별자치도,영월군,주천면,도천리,351,175,176,351,177,174,0,2,-2
5175036024,2024-01-31,강원특별자치도,영월군,주천면,신일리,587,290,297,585,292,293,-2,2,-4
5175036025,2024-01-31,강원특별자치도,영월군,주천면,금마리,400,214,186,401,214,187,1,0,1
5175036026,2024-01-31,강원특별자치도,영월군,주천면,용석리,479,241,238,477,243,234,-2,2,-4
5175038021,2024-01-31,강원특별자치도,영월군,무릉도원면,무릉리,641,335,306,647,339,308,6,4,2
5175038022,2024-01-31,강원특별자치도,영월군,무릉도원면,법흥리,364,191,173,363,190,173,-1,-1,0
5175038023,2024-01-31,강원특별자치도,영월군,무릉도원면,도원리,167,90,77,166,90,76,-1,0,-1
5175038024,2024-01-31,강원특별자치도,영월군,무릉도원면,운학리,550,273,277,554,274,280,4,1,3
5175038025,2024-01-31,강원특별자치도,영월군,무릉도원면,두산리,348,181,167,348,183,165,0,2,-2
5176025021,2024-01-31,강원특별자치도,평창군,평창읍,상리,130,76,54,130,76,54,0,0,0
5176025022,2024-01-31,강원특별자치도,평창군,평창읍,중리,1548,808,740,1556,809,747,8,1,7
5176025023,2024-01-31,강원특별자치도,평창군,평창읍,하리,2149,1079,1070,2134,1070,1064,-15,-9,-6
5176025024,2024-01-31,강원특별자치도,평창군,평창읍,천변리,119,55,64,117,53,64,-2,-2,0
5176025025,2024-01-31,강원특별자치도,평창군,평창읍,종부리,1165,610,555,1184,621,563,19,11,8
5176025026,2024-01-31,강원특별자치도,평창군,평창읍,노론리,93,46,47,92,46,46,-1,0,-1
5176025027,2024-01-31,강원특별자치도,평창군,평창읍,이곡리,87,43,44,86,43,43,-1,0,-1
5176025028,2024-01-31,강원특별자치도,평창군,평창읍,조동리,55,29,26,55,29,26,0,0,0
5176025029,2024-01-31,강원특별자치도,평창군,평창읍,고길리,53,24,29,53,24,29,0,0,0
5176025030,2024-01-31,강원특별자치도,평창군,평창읍,지동리,72,34,38,72,34,38,0,0,0
5176025031,2024-01-31,강원특별자치도,평창군,평창읍,유동리,116,64,52,114,62,52,-2,-2,0
5176025032,2024-01-31,강원특별자치도,평창군,평창읍,약수리,169,88,81,167,88,79,-2,0,-2
5176025033,2024-01-31,강원특별자치도,평창군,평창읍,조둔리,109,59,50,111,59,52,2,0,2
5176025034,2024-01-31,강원특별자치도,평창군,평창읍,천동리,160,89,71,161,90,71,1,1,0
5176025035,2024-01-31,강원특별자치도,평창군,평창읍,도돈리,177,97,80,176,97,79,-1,0,-1
5176025036,2024-01-31,강원특별자치도,평창군,평창읍,마지리,214,100,114,215,102,113,1,2,-1
5176025037,2024-01-31,강원특별자치도,평창군,평창읍,응암리,46,21,25,46,21,25,0,0,0
5176025038,2024-01-31,강원특별자치도,평창군,평창읍,대상리,126,63,63,121,59,62,-5,-4,-1
5176025039,2024-01-31,강원특별자치도,평창군,평창읍,대하리,95,50,45,89,50,39,-6,0,-6
5176025040,2024-01-31,강원특별자치도,평창군,평창읍,입탄리,90,50,40,88,49,39,-2,-1,-1
5176025041,2024-01-31,강원특별자치도,평창군,평창읍,향동리,76,40,36,76,40,36,0,0,0
5176025042,2024-01-31,강원특별자치도,평창군,평창읍,여만리,142,71,71,142,71,71,0,0,0
5176025043,2024-01-31,강원특별자치도,평창군,평창읍,후평리,200,108,92,200,108,92,0,0,0
5176025044,2024-01-31,강원특별자치도,평창군,평창읍,주진리,602,320,282,603,315,288,1,-5,6
5176025045,2024-01-31,강원특별자치도,평창군,평창읍,용항리,63,33,30,64,34,30,1,1,0
5176025046,2024-01-31,강원특별자치도,평창군,평창읍,임하리,78,35,43,80,35,45,2,0,2
5176025047,2024-01-31,강원특별자치도,평창군,평창읍,계장리,77,42,35,75,41,34,-2,-1,-1
5176025048,2024-01-31,강원특별자치도,평창군,평창읍,다수리,157,81,76,161,80,81,4,-1,5
5176025049,2024-01-31,강원특별자치도,평창군,평창읍,하일리,67,34,33,66,33,33,-1,-1,0
5176025050,2024-01-31,강원특별자치도,평창군,평창읍,원당리,45,23,22,45,23,22,0,0,0
5176025051,2024-01-31,강원특별자치도,평창군,평창읍,뇌운리,84,45,39,86,46,40,2,1,1
5176031021,2024-01-31,강원특별자치도,평창군,미탄면,창리,701,371,330,694,369,325,-7,-2,-5
5176031022,2024-01-31,강원특별자치도,평창군,미탄면,율치리,106,57,49,102,55,47,-4,-2,-2
5176031023,2024-01-31,강원특별자치도,평창군,미탄면,회동리,252,140,112,251,139,112,-1,-1,0
5176031024,2024-01-31,강원특별자치도,평창군,미탄면,평안리,163,90,73,162,89,73,-1,-1,0
5176031025,2024-01-31,강원특별자치도,평창군,미탄면,백운리,95,56,39,95,56,39,0,0,0
5176031026,2024-01-31,강원특별자치도,평창군,미탄면,한탄리,86,51,35,82,49,33,-4,-2,-2
5176031027,2024-01-31,강원특별자치도,평창군,미탄면,기화리,82,42,40,81,42,39,-1,0,-1
5176031028,2024-01-31,강원특별자치도,평창군,미탄면,마하리,93,44,49,94,44,50,1,0,1
5176031029,2024-01-31,강원특별자치도,평창군,미탄면,수청리,10,9,1,10,9,1,0,0,0
5176032021,2024-01-31,강원특별자치도,평창군,방림면,방림리,817,426,391,814,426,388,-3,0,-3
5176032022,2024-01-31,강원특별자치도,평창군,방림면,운교리,576,300,276,582,303,279,6,3,3
5176032023,2024-01-31,강원특별자치도,평창군,방림면,계촌리,1146,597,549,1136,593,543,-10,-4,-6
5176033021,2024-01-31,강원특별자치도,평창군,대화면,대화리,2506,1269,1237,2491,1262,1229,-15,-7,-8
5176033022,2024-01-31,강원특별자치도,평창군,대화면,신리,810,417,393,813,417,396,3,0,3
5176033023,2024-01-31,강원특별자치도,평창군,대화면,개수리,340,185,155,342,184,158,2,-1,3
5176033024,2024-01-31,강원특별자치도,평창군,대화면,상안미리,454,223,231,455,223,232,1,0,1
5176033025,2024-01-31,강원특별자치도,평창군,대화면,하안미리,913,477,436,917,481,436,4,4,0
5176034021,2024-01-31,강원특별자치도,평창군,봉평면,창동리,1500,754,746,1478,747,731,-22,-7,-15
5176034022,2024-01-31,강원특별자치도,평창군,봉평면,평촌리,390,208,182,387,206,181,-3,-2,-1
5176034023,2024-01-31,강원특별자치도,평창군,봉평면,유포리,321,173,148,319,172,147,-2,-1,-1
5176034024,2024-01-31,강원특별자치도,평창군,봉평면,진조리,169,92,77,172,92,80,3,0,3
5176034025,2024-01-31,강원특별자치도,평창군,봉평면,면온리,721,385,336,720,386,334,-1,1,-2
5176034026,2024-01-31,강원특별자치도,평창군,봉평면,무이리,1138,621,517,1138,623,515,0,2,-2
5176034027,2024-01-31,강원특별자치도,평창군,봉평면,흥정리,297,144,153,296,145,151,-1,1,-2
5176034028,2024-01-31,강원특별자치도,평창군,봉평면,원길리,788,400,388,787,400,387,-1,0,-1
5176034029,2024-01-31,강원특별자치도,평창군,봉평면,덕거리,378,203,175,376,200,176,-2,-3,1
5176035021,2024-01-31,강원특별자치도,평창군,용평면,용전리,323,178,145,326,178,148,3,0,3
5176035022,2024-01-31,강원특별자치도,평창군,용평면,이목정리,302,154,148,300,153,147,-2,-1,-1
5176035023,2024-01-31,강원특별자치도,평창군,용평면,속사리,463,228,235,468,230,238,5,2,3
5176035024,2024-01-31,강원특별자치도,평창군,용평면,노동리,174,90,84,167,87,80,-7,-3,-4
5176035025,2024-01-31,강원특별자치도,평창군,용평면,도사리,234,117,117,230,114,116,-4,-3,-1
5176035026,2024-01-31,강원특별자치도,평창군,용평면,백옥포리,365,181,184,363,183,180,-2,2,-4
5176035027,2024-01-31,강원특별자치도,평창군,용평면,장평리,713,369,344,713,369,344,0,0,0
5176035028,2024-01-31,강원특별자치도,평창군,용평면,재산리,468,243,225,462,238,224,-6,-5,-1
5176036021,2024-01-31,강원특별자치도,평창군,진부면,하진부리,3728,1837,1891,3783,1866,1917,55,29,26
5176036022,2024-01-31,강원특별자치도,평창군,진부면,상진부리,713,369,344,723,376,347,10,7,3
5176036023,2024-01-31,강원특별자치도,평창군,진부면,송정리,1960,984,976,1954,982,972,-6,-2,-4
5176036024,2024-01-31,강원특별자치도,평창군,진부면,두일리,207,98,109,208,100,108,1,2,-1
5176036025,2024-01-31,강원특별자치도,평창군,진부면,척천리,87,45,42,86,44,42,-1,-1,0
5176036026,2024-01-31,강원특별자치도,평창군,진부면,탑동리,83,48,35,83,48,35,0,0,0
5176036027,2024-01-31,강원특별자치도,평창군,진부면,동산리,240,139,101,241,140,101,1,1,0
5176036028,2024-01-31,강원특별자치도,평창군,진부면,간평리,339,171,168,336,170,166,-3,-1,-2
5176036029,2024-01-31,강원특별자치도,평창군,진부면,상월오개리,163,87,76,159,84,75,-4,-3,-1
5176036030,2024-01-31,강원특별자치도,평창군,진부면,거문리,234,121,113,237,123,114,3,2,1
5176036031,2024-01-31,강원특별자치도,평창군,진부면,신기리,78,41,37,78,41,37,0,0,0
5176036032,2024-01-31,강원특별자치도,평창군,진부면,봉산리,37,18,19,36,17,19,-1,-1,0
5176036033,2024-01-31,강원특별자치도,평창군,진부면,마평리,207,108,99,207,108,99,0,0,0
5176036034,2024-01-31,강원특별자치도,평창군,진부면,수항리,190,98,92,190,98,92,0,0,0
5176036035,2024-01-31,강원특별자치도,평창군,진부면,화의리,54,27,27,52,26,26,-2,-1,-1
5176036036,2024-01-31,강원특별자치도,평창군,진부면,막동리,35,21,14,35,21,14,0,0,0
5176036037,2024-01-31,강원특별자치도,평창군,진부면,장전리,49,26,23,49,26,23,0,0,0
5176036038,2024-01-31,강원특별자치도,평창군,진부면,호명리,142,82,60,143,82,61,1,0,1
5176038021,2024-01-31,강원특별자치도,평창군,대관령면,유천리,378,196,182,376,198,178,-2,2,-4
5176038022,2024-01-31,강원특별자치도,평창군,대관령면,병내리,85,43,42,86,44,42,1,1,0
5176038023,2024-01-31,강원특별자치도,평창군,대관령면,차항리,676,371,305,676,376,300,0,5,-5
5176038024,2024-01-31,강원특별자치도,평창군,대관령면,횡계리,3679,1982,1697,3685,1984,1701,6,2,4
5176038025,2024-01-31,강원특별자치도,평창군,대관령면,수하리,433,182,251,433,183,250,0,1,-1
5176038026,2024-01-31,강원특별자치도,평창군,대관령면,용산리,604,351,253,598,345,253,-6,-6,0
5177025021,2024-01-31,강원특별자치도,정선군,정선읍,봉양리,3757,1833,1924,3737,1831,1906,-20,-2,-18
5177025022,2024-01-31,강원특별자치도,정선군,정선읍,북실리,2569,1321,1248,2575,1326,1249,6,5,1
5177025023,2024-01-31,강원특별자치도,정선군,정선읍,덕송리,310,167,143,310,166,144,0,-1,1
5177025024,2024-01-31,강원특별자치도,정선군,정선읍,애산리,1306,677,629,1297,668,629,-9,-9,0
5177025025,2024-01-31,강원특별자치도,정선군,정선읍,신월리,308,168,140,303,164,139,-5,-4,-1
5177025026,2024-01-31,강원특별자치도,정선군,정선읍,덕우리,158,93,65,158,93,65,0,0,0
5177025027,2024-01-31,강원특별자치도,정선군,정선읍,여탄리,95,56,39,97,57,40,2,1,1
5177025028,2024-01-31,강원특별자치도,정선군,정선읍,회동리,280,144,136,278,143,135,-2,-1,-1
5177025029,2024-01-31,강원특별자치도,정선군,정선읍,용탄리,459,248,211,463,249,214,4,1,3
5177025030,2024-01-31,강원특별자치도,정선군,정선읍,광하리,322,172,150,319,171,148,-3,-1,-2
5177025031,2024-01-31,강원특별자치도,정선군,정선읍,귤암리,197,119,78,197,120,77,0,1,-1
5177025032,2024-01-31,강원특별자치도,정선군,정선읍,가수리,157,86,71,158,86,72,1,0,1
5177025321,2024-01-31,강원특별자치도,정선군,고한읍,고한리,4237,2194,2043,4238,2198,2040,1,4,-3
5177025621,2024-01-31,강원특별자치도,정선군,사북읍,직전리,167,97,70,166,97,69,-1,0,-1
5177025622,2024-01-31,강원특별자치도,정선군,사북읍,사북리,4199,2195,2004,4186,2183,2003,-13,-12,-1
5177025921,2024-01-31,강원특별자치도,정선군,신동읍,예미리,1023,528,495,1020,523,497,-3,-5,2
5177025922,2024-01-31,강원특별자치도,정선군,신동읍,천포리,173,86,87,175,87,88,2,1,1
5177025923,2024-01-31,강원특별자치도,정선군,신동읍,조동리,1362,691,671,1355,689,666,-7,-2,-5
5177025924,2024-01-31,강원특별자치도,정선군,신동읍,방제리,189,105,84,188,104,84,-1,-1,0
5177025925,2024-01-31,강원특별자치도,정선군,신동읍,가사리,43,27,16,43,27,16,0,0,0
5177025926,2024-01-31,강원특별자치도,정선군,신동읍,고성리,128,71,57,129,72,57,1,1,0
5177025927,2024-01-31,강원특별자치도,정선군,신동읍,덕천리,134,69,65,133,69,64,-1,0,-1
5177025928,2024-01-31,강원특별자치도,정선군,신동읍,운치리,220,122,98,220,122,98,0,0,0
5177032021,2024-01-31,강원특별자치도,정선군,남면,문곡리,841,447,394,830,443,387,-11,-4,-7
5177032022,2024-01-31,강원특별자치도,정선군,남면,무릉리,1700,896,804,1691,891,800,-9,-5,-4
5177032023,2024-01-31,강원특별자치도,정선군,남면,유평리,137,79,58,137,79,58,0,0,0
5177032024,2024-01-31,강원특별자치도,정선군,남면,낙동리,300,157,143,299,155,144,-1,-2,1
5177032025,2024-01-31,강원특별자치도,정선군,남면,광덕리,148,86,62,148,86,62,0,0,0
5177034021,2024-01-31,강원특별자치도,정선군,북평면,장열리,225,114,111,224,112,112,-1,-2,1
5177034022,2024-01-31,강원특별자치도,정선군,북평면,북평리,1026,505,521,1027,505,522,1,0,1
5177034023,2024-01-31,강원특별자치도,정선군,북평면,남평리,691,337,354,692,342,350,1,5,-4
5177034024,2024-01-31,강원특별자치도,정선군,북평면,문곡리,106,56,50,107,58,49,1,2,-1
5177034025,2024-01-31,강원특별자치도,정선군,북평면,나전리,278,157,121,278,157,121,0,0,0
5177034026,2024-01-31,강원특별자치도,정선군,북평면,숙암리,154,86,68,155,87,68,1,1,0
5177035021,2024-01-31,강원특별자치도,정선군,임계면,가목리,101,54,47,104,57,47,3,3,0
5177035022,2024-01-31,강원특별자치도,정선군,임계면,도전리,147,79,68,149,80,69,2,1,1
5177035023,2024-01-31,강원특별자치도,정선군,임계면,직원리,193,104,89,193,102,91,0,-2,2
5177035024,2024-01-31,강원특별자치도,정선군,임계면,임계리,316,165,151,317,166,151,1,1,0
5177035025,2024-01-31,강원특별자치도,정선군,임계면,송계리,912,477,435,913,477,436,1,0,1
5177035026,2024-01-31,강원특별자치도,정선군,임계면,봉산리,443,242,201,442,243,199,-1,1,-2
5177035027,2024-01-31,강원특별자치도,정선군,임계면,낙천리,300,157,143,300,156,144,0,-1,1
5177035028,2024-01-31,강원특별자치도,정선군,임계면,용산리,228,121,107,227,120,107,-1,-1,0
5177035030,2024-01-31,강원특별자치도,정선군,임계면,덕암리,87,54,33,86,53,33,-1,-1,0
5177035031,2024-01-31,강원특별자치도,정선군,임계면,고양리,128,66,62,128,66,62,0,0,0
5177035032,2024-01-31,강원특별자치도,정선군,임계면,반천리,285,157,128,285,156,129,0,-1,1
5177035034,2024-01-31,강원특별자치도,정선군,임계면,문래리,223,121,102,228,127,101,5,6,-1
5177036021,2024-01-31,강원특별자치도,정선군,화암면,화암리,473,253,220,470,250,220,-3,-3,0
5177036022,2024-01-31,강원특별자치도,정선군,화암면,석곡리,229,121,108,228,120,108,-1,-1,0
5177036023,2024-01-31,강원특별자치도,정선군,화암면,북동리,84,50,34,84,50,34,0,0,0
5177036024,2024-01-31,강원특별자치도,정선군,화암면,몰운리,233,126,107,233,126,107,0,0,0
5177036025,2024-01-31,강원특별자치도,정선군,화암면,건천리,76,44,32,74,43,31,-2,-1,-1
5177036026,2024-01-31,강원특별자치도,정선군,화암면,호촌리,183,95,88,181,94,87,-2,-1,-1
5177036027,2024-01-31,강원특별자치도,정선군,화암면,백전리,261,158,103,263,159,104,2,1,1
5177037021,2024-01-31,강원특별자치도,정선군,여량면,여량리,929,474,455,934,476,458,5,2,3
5177037022,2024-01-31,강원특별자치도,정선군,여량면,유천리,333,177,156,324,169,155,-9,-8,-1
5177037023,2024-01-31,강원특별자치도,정선군,여량면,구절리,280,148,132,280,147,133,0,-1,1
5177037024,2024-01-31,강원특별자치도,정선군,여량면,남곡리,71,47,24,72,48,24,1,1,0
5177037025,2024-01-31,강원특별자치도,정선군,여량면,고양리,149,88,61,150,89,61,1,1,0
5177037026,2024-01-31,강원특별자치도,정선군,여량면,봉정리,139,77,62,141,79,62,2,2,0
5178025021,2024-01-31,강원특별자치도,철원군,철원읍,화지리,4134,2108,2026,4100,2097,2003,-34,-11,-23
5178025022,2024-01-31,강원특별자치도,철원군,철원읍,관전리,114,56,58,114,56,58,0,0,0
5178025023,2024-01-31,강원특별자치도,철원군,철원읍,월하리,145,71,74,145,73,72,0,2,-2
5178025024,2024-01-31,강원특별자치도,철원군,철원읍,사요리,11,7,4,11,7,4,0,0,0
5178025026,2024-01-31,강원특별자치도,철원군,철원읍,율이리,158,93,65,159,94,65,1,1,0
5178025027,2024-01-31,강원특별자치도,철원군,철원읍,내포리,5,5,0,5,5,0,0,0,0
5178025028,2024-01-31,강원특별자치도,철원군,철원읍,중리,18,8,10,17,8,9,-1,0,-1
5178025029,2024-01-31,강원특별자치도,철원군,철원읍,대마리,403,203,200,403,203,200,0,0,0
5178025030,2024-01-31,강원특별자치도,철원군,철원읍,중세리,2,2,0,2,2,0,0,0,0
5178025031,2024-01-31,강원특별자치도,철원군,철원읍,산명리,3,1,2,3,1,2,0,0,0
5178025321,2024-01-31,강원특별자치도,철원군,김화읍,학사리,775,417,358,779,419,360,4,2,2
5178025322,2024-01-31,강원특별자치도,철원군,김화읍,읍내리,11,6,5,11,6,5,0,0,0
5178025323,2024-01-31,강원특별자치도,철원군,김화읍,생창리,196,105,91,195,104,91,-1,-1,0
5178025325,2024-01-31,강원특별자치도,철원군,김화읍,운장리,2,1,1,2,1,1,0,0,0
5178025328,2024-01-31,강원특별자치도,철원군,김화읍,청양리,1825,969,856,1818,968,850,-7,-1,-6
5178025329,2024-01-31,강원특별자치도,철원군,김화읍,도창리,347,185,162,348,185,163,1,0,1
5178025621,2024-01-31,강원특별자치도,철원군,갈말읍,신철원리,2395,1252,1143,2389,1250,1139,-6,-2,-4
5178025622,2024-01-31,강원특별자치도,철원군,갈말읍,지포리,3408,1725,1683,3421,1733,1688,13,8,5
5178025623,2024-01-31,강원특별자치도,철원군,갈말읍,강포리,241,134,107,241,135,106,0,1,-1
5178025624,2024-01-31,강원특별자치도,철원군,갈말읍,군탄리,1771,947,824,1762,944,818,-9,-3,-6
5178025625,2024-01-31,강원특별자치도,철원군,갈말읍,문혜리,2219,1286,933,2219,1284,935,0,-2,2
5178025626,2024-01-31,강원특별자치도,철원군,갈말읍,내대리,473,251,222,470,247,223,-3,-4,1
5178025627,2024-01-31,강원특별자치도,철원군,갈말읍,지경리,392,202,190,388,201,187,-4,-1,-3
5178025628,2024-01-31,강원특별자치도,철원군,갈말읍,토성리,267,132,135,266,129,137,-1,-3,2
5178025629,2024-01-31,강원특별자치도,철원군,갈말읍,상사리,224,125,99,225,125,100,1,0,1
5178025630,2024-01-31,강원특별자치도,철원군,갈말읍,동막리,143,71,72,144,71,73,1,0,1
5178025631,2024-01-31,강원특별자치도,철원군,갈말읍,정연리,185,98,87,185,95,90,0,-3,3
5178025921,2024-01-31,강원특별자치도,철원군,동송읍,이평리,9653,4859,4794,9609,4818,4791,-44,-41,-3
5178025922,2024-01-31,강원특별자치도,철원군,동송읍,오덕리,1758,866,892,1760,868,892,2,2,0
5178025923,2024-01-31,강원특별자치도,철원군,동송읍,장흥리,1039,521,518,1042,523,519,3,2,1
5178025924,2024-01-31,강원특별자치도,철원군,동송읍,오지리,685,367,318,681,363,318,-4,-4,0
5178025925,2024-01-31,강원특별자치도,철원군,동송읍,상노리,624,322,302,623,321,302,-1,-1,0
5178025926,2024-01-31,강원특별자치도,철원군,동송읍,대위리,132,67,65,133,68,65,1,1,0
5178025927,2024-01-31,강원특별자치도,철원군,동송읍,관우리,15,9,6,17,11,6,2,2,0
5178025928,2024-01-31,강원특별자치도,철원군,동송읍,양지리,204,123,81,205,123,82,1,0,1
5178025929,2024-01-31,강원특별자치도,철원군,동송읍,이길리,105,54,51,105,54,51,0,0,0
5178025932,2024-01-31,강원특별자치도,철원군,동송읍,강산리,5,5,0,5,5,0,0,0,0
5178031021,2024-01-31,강원특별자치도,철원군,서면,자등리,1731,964,767,1709,950,759,-22,-14,-8
5178031022,2024-01-31,강원특별자치도,철원군,서면,와수리,3526,1760,1766,3499,1749,1750,-27,-11,-16
5178032021,2024-01-31,강원특별자치도,철원군,근남면,육단리,798,416,382,803,415,388,5,-1,6
5178032022,2024-01-31,강원특별자치도,철원군,근남면,잠곡리,359,176,183,355,175,180,-4,-1,-3
5178032023,2024-01-31,강원특별자치도,철원군,근남면,사곡리,326,165,161,326,163,163,0,-2,2
5178032024,2024-01-31,강원특별자치도,철원군,근남면,양지리,25,17,8,24,17,7,-1,0,-1
5178032025,2024-01-31,강원특별자치도,철원군,근남면,풍암리,12,9,3,12,9,3,0,0,0
5178032026,2024-01-31,강원특별자치도,철원군,근남면,마현리,485,272,213,489,274,215,4,2,2
5178033021,2024-01-31,강원특별자치도,철원군,근북면,유곡리,99,46,53,100,46,54,1,0,1
5179025021,2024-01-31,강원특별자치도,화천군,화천읍,아리,667,320,347,668,323,345,1,3,-2
5179025022,2024-01-31,강원특별자치도,화천군,화천읍,하리,1299,673,626,1296,672,624,-3,-1,-2
5179025023,2024-01-31,강원특별자치도,화천군,화천읍,중리,1158,570,588,1164,571,593,6,1,5
5179025024,2024-01-31,강원특별자치도,화천군,화천읍,상리,2200,1093,1107,2190,1085,1105,-10,-8,-2
5179025025,2024-01-31,강원특별자치도,화천군,화천읍,신읍리,1758,930,828,1748,929,819,-10,-1,-9
5179025026,2024-01-31,강원특별자치도,화천군,화천읍,풍산리,607,382,225,605,380,225,-2,-2,0
5179025027,2024-01-31,강원특별자치도,화천군,화천읍,동촌리,240,131,109,235,128,107,-5,-3,-2
5179025028,2024-01-31,강원특별자치도,화천군,화천읍,대이리,231,120,111,234,121,113,3,1,2
5179031021,2024-01-31,강원특별자치도,화천군,간동면,유촌리,611,347,264,617,348,269,6,1,5
5179031022,2024-01-31,강원특별자치도,화천군,간동면,용호리,230,117,113,227,116,111,-3,-1,-2
5179031023,2024-01-31,강원특별자치도,화천군,간동면,간척리,582,296,286,585,297,288,3,1,2
5179031024,2024-01-31,강원특별자치도,화천군,간동면,오음리,630,325,305,635,329,306,5,4,1
5179031025,2024-01-31,강원특별자치도,화천군,간동면,방천리,167,99,68,170,101,69,3,2,1
5179031026,2024-01-31,강원특별자치도,화천군,간동면,도송리,163,91,72,163,90,73,0,-1,1
5179031027,2024-01-31,강원특별자치도,화천군,간동면,구만리,186,94,92,184,94,90,-2,0,-2
5179032021,2024-01-31,강원특별자치도,화천군,하남면,원천리,444,238,206,442,236,206,-2,-2,0
5179032022,2024-01-31,강원특별자치도,화천군,하남면,논미리,234,132,102,232,130,102,-2,-2,0
5179032023,2024-01-31,강원특별자치도,화천군,하남면,계성리,170,93,77,171,93,78,1,0,1
5179032024,2024-01-31,강원특별자치도,화천군,하남면,안평리,117,66,51,117,66,51,0,0,0
5179032025,2024-01-31,강원특별자치도,화천군,하남면,위라리,204,105,99,204,105,99,0,0,0
5179032026,2024-01-31,강원특별자치도,화천군,하남면,용암리,1046,551,495,1041,549,492,-5,-2,-3
5179032027,2024-01-31,강원특별자치도,화천군,하남면,삼화리,200,108,92,202,108,94,2,0,2
5179032028,2024-01-31,강원특별자치도,화천군,하남면,거례리,262,138,124,262,138,124,0,0,0
5179032029,2024-01-31,강원특별자치도,화천군,하남면,서오지리,145,74,71,145,75,70,0,1,-1
5179033021,2024-01-31,강원특별자치도,화천군,상서면,신풍리,456,233,223,456,234,222,0,1,-1
5179033022,2024-01-31,강원특별자치도,화천군,상서면,신대리,279,180,99,275,178,97,-4,-2,-2
5179033023,2024-01-31,강원특별자치도,화천군,상서면,구운리,179,104,75,175,101,74,-4,-3,-1
5179033024,2024-01-31,강원특별자치도,화천군,상서면,장촌리,118,58,60,115,57,58,-3,-1,-2
5179033025,2024-01-31,강원특별자치도,화천군,상서면,파포리,262,132,130,262,133,129,0,1,-1
5179033026,2024-01-31,강원특별자치도,화천군,상서면,노동리,246,125,121,250,126,124,4,1,3
5179033027,2024-01-31,강원특별자치도,화천군,상서면,부촌리,177,92,85,177,92,85,0,0,0
5179033028,2024-01-31,강원특별자치도,화천군,상서면,산양리,913,579,334,911,574,337,-2,-5,3
5179033029,2024-01-31,강원특별자치도,화천군,상서면,봉오리,410,248,162,408,246,162,-2,-2,0
5179033030,2024-01-31,강원특별자치도,화천군,상서면,다목리,473,297,176,476,300,176,3,3,0
5179033031,2024-01-31,강원특별자치도,화천군,상서면,마현리,130,100,30,130,100,30,0,0,0
5179034021,2024-01-31,강원특별자치도,화천군,사내면,사창리,3555,1882,1673,3507,1857,1650,-48,-25,-23
5179034022,2024-01-31,강원특별자치도,화천군,사내면,광덕리,825,427,398,830,431,399,5,4,1
5179034023,2024-01-31,강원특별자치도,화천군,사내면,명월리,579,324,255,575,320,255,-4,-4,0
5179034024,2024-01-31,강원특별자치도,화천군,사내면,용담리,408,215,193,411,215,196,3,0,3
5179034025,2024-01-31,강원특별자치도,화천군,사내면,삼일리,446,232,214,447,234,213,1,2,-1
5180025021,2024-01-31,강원특별자치도,양구군,양구읍,상리,7464,3733,3731,7449,3719,3730,-15,-14,-1
5180025022,2024-01-31,강원특별자치도,양구군,양구읍,중리,451,227,224,449,225,224,-2,-2,0
5180025023,2024-01-31,강원특별자치도,양구군,양구읍,하리,875,434,441,848,416,432,-27,-18,-9
5180025024,2024-01-31,강원특별자치도,양구군,양구읍,송청리,217,108,109,220,110,110,3,2,1
5180025025,2024-01-31,강원특별자치도,양구군,양구읍,수인리,62,37,25,61,36,25,-1,-1,0
5180025026,2024-01-31,강원특별자치도,양구군,양구읍,웅진리,85,46,39,86,46,40,1,0,1
5180025027,2024-01-31,강원특별자치도,양구군,양구읍,석현리,92,43,49,92,43,49,0,0,0
5180025028,2024-01-31,강원특별자치도,양구군,양구읍,공리,109,51,58,110,52,58,1,1,0
5180025029,2024-01-31,강원특별자치도,양구군,양구읍,학조리,223,109,114,223,110,113,0,1,-1
5180025030,2024-01-31,강원특별자치도,양구군,양구읍,이리,82,37,45,82,37,45,0,0,0
5180025031,2024-01-31,강원특별자치도,양구군,양구읍,안대리,190,102,88,189,102,87,-1,0,-1
5180025032,2024-01-31,강원특별자치도,양구군,양구읍,정림리,2114,1105,1009,2106,1097,1009,-8,-8,0
5180025033,2024-01-31,강원특별자치도,양구군,양구읍,동수리,128,65,63,130,67,63,2,2,0
5180025034,2024-01-31,강원특별자치도,양구군,양구읍,고대리,193,102,91,192,101,91,-1,-1,0
5180025035,2024-01-31,강원특별자치도,양구군,양구읍,죽곡리,229,144,85,227,143,84,-2,-1,-1
5180025036,2024-01-31,강원특별자치도,양구군,양구읍,한전리,244,134,110,241,132,109,-3,-2,-1
5180025037,2024-01-31,강원특별자치도,양구군,양구읍,도사리,143,75,68,143,75,68,0,0,0
5180025038,2024-01-31,강원특별자치도,양구군,양구읍,공수리,159,75,84,156,73,83,-3,-2,-1
5180025039,2024-01-31,강원특별자치도,양구군,양구읍,군량리,208,110,98,208,109,99,0,-1,1
5180025040,2024-01-31,강원특별자치도,양구군,양구읍,월명리,129,66,63,129,66,63,0,0,0
5180025041,2024-01-31,강원특별자치도,양구군,양구읍,상무룡리,87,53,34,88,54,34,1,1,0
5180031521,2024-01-31,강원특별자치도,양구군,국토정중앙면,적리,172,90,82,171,89,82,-1,-1,0
5180031522,2024-01-31,강원특별자치도,양구군,국토정중앙면,가오작리,288,149,139,289,150,139,1,1,0
5180031523,2024-01-31,강원특별자치도,양구군,국토정중앙면,야촌리,132,70,62,134,71,63,2,1,1
5180031524,2024-01-31,강원특별자치도,양구군,국토정중앙면,용하리,497,286,211,498,282,216,1,-4,5
5180031525,2024-01-31,강원특별자치도,양구군,국토정중앙면,청리,588,361,227,592,363,229,4,2,2
5180031526,2024-01-31,강원특별자치도,양구군,국토정중앙면,송우리,146,84,62,145,84,61,-1,0,-1
5180031527,2024-01-31,강원특별자치도,양구군,국토정중앙면,황강리,116,61,55,116,61,55,0,0,0
5180031528,2024-01-31,강원특별자치도,양구군,국토정중앙면,창리,279,144,135,276,142,134,-3,-2,-1
5180031529,2024-01-31,강원특별자치도,양구군,국토정중앙면,도촌리,212,114,98,211,114,97,-1,0,-1
5180031530,2024-01-31,강원특별자치도,양구군,국토정중앙면,구암리,264,153,111,262,153,109,-2,0,-2
5180031531,2024-01-31,강원특별자치도,양구군,국토정중앙면,죽리,327,174,153,325,173,152,-2,-1,-1
5180031532,2024-01-31,강원특별자치도,양구군,국토정중앙면,심포리,89,49,40,89,49,40,0,0,0
5180031533,2024-01-31,강원특별자치도,양구군,국토정중앙면,원리,55,37,18,55,37,18,0,0,0
5180031534,2024-01-31,강원특별자치도,양구군,국토정중앙면,두무리,95,50,45,93,49,44,-2,-1,-1
5180031535,2024-01-31,강원특별자치도,양구군,국토정중앙면,명곶리,1,1,0,1,1,0,0,0,0
5180032021,2024-01-31,강원특별자치도,양구군,동면,후곡리,134,69,65,135,69,66,1,0,1
5180032022,2024-01-31,강원특별자치도,양구군,동면,지석리,227,119,108,225,117,108,-2,-2,0
5180032023,2024-01-31,강원특별자치도,양구군,동면,원당리,247,147,100,244,146,98,-3,-1,-2
5180032024,2024-01-31,강원특별자치도,양구군,동면,덕곡리,222,116,106,222,116,106,0,0,0
5180032025,2024-01-31,강원특별자치도,양구군,동면,임당리,633,357,276,628,350,278,-5,-7,2
5180032026,2024-01-31,강원특별자치도,양구군,동면,팔랑리,413,225,188,411,224,187,-2,-1,-1
5180032027,2024-01-31,강원특별자치도,양구군,동면,월운리,61,32,29,61,32,29,0,0,0
5180033021,2024-01-31,강원특별자치도,양구군,방산면,현리,193,90,103,193,89,104,0,-1,1
5180033022,2024-01-31,강원특별자치도,양구군,방산면,오미리,204,111,93,205,112,93,1,1,0
5180033023,2024-01-31,강원특별자치도,양구군,방산면,금악리,183,92,91,182,92,90,-1,0,-1
5180033024,2024-01-31,강원특별자치도,양구군,방산면,장평리,190,97,93,190,96,94,0,-1,1
5180033025,2024-01-31,강원특별자치도,양구군,방산면,칠전리,29,15,14,29,15,14,0,0,0
5180033026,2024-01-31,강원특별자치도,양구군,방산면,송현리,249,170,79,248,169,79,-1,-1,0
5180033027,2024-01-31,강원특별자치도,양구군,방산면,고방산리,108,73,35,106,71,35,-2,-2,0
5180033028,2024-01-31,강원특별자치도,양구군,방산면,천미리,28,16,12,28,16,12,0,0,0
5180034021,2024-01-31,강원특별자치도,양구군,해안면,현리,681,369,312,676,366,310,-5,-3,-2
5180034022,2024-01-31,강원특별자치도,양구군,해안면,오유리,240,130,110,238,128,110,-2,-2,0
5180034023,2024-01-31,강원특별자치도,양구군,해안면,만대리,123,66,57,122,65,57,-1,-1,0
5180034024,2024-01-31,강원특별자치도,양구군,해안면,월산리,2,1,1,2,1,1,0,0,0
5180034025,2024-01-31,강원특별자치도,양구군,해안면,이현리,32,21,11,32,21,11,0,0,0
5180034026,2024-01-31,강원특별자치도,양구군,해안면,후리,112,68,44,112,68,44,0,0,0
5181025021,2024-01-31,강원특별자치도,인제군,인제읍,상동리,3131,1611,1520,3146,1628,1518,15,17,-2
5181025022,2024-01-31,강원특별자치도,인제군,인제읍,남북리,2093,1092,1001,2107,1096,1011,14,4,10
5181025023,2024-01-31,강원특별자치도,인제군,인제읍,합강리,2503,1322,1181,2504,1322,1182,1,0,1
5181025024,2024-01-31,강원특별자치도,인제군,인제읍,덕산리,868,469,399,870,470,400,2,1,1
5181025025,2024-01-31,강원특별자치도,인제군,인제읍,덕적리,249,143,106,249,141,108,0,-2,2
5181025026,2024-01-31,강원특별자치도,인제군,인제읍,원대리,278,149,129,280,151,129,2,2,0
5181025027,2024-01-31,강원특별자치도,인제군,인제읍,귀둔리,498,257,241,499,254,245,1,-3,4
5181025028,2024-01-31,강원특별자치도,인제군,인제읍,가아리,378,207,171,378,207,171,0,0,0
5181025029,2024-01-31,강원특별자치도,인제군,인제읍,가리산리,136,71,65,136,71,65,0,0,0
5181025030,2024-01-31,강원특별자치도,인제군,인제읍,하추리,215,115,100,214,114,100,-1,-1,0
5181025031,2024-01-31,강원특별자치도,인제군,인제읍,고사리,295,172,123,294,173,121,-1,1,-2
5181031021,2024-01-31,강원특별자치도,인제군,남면,신남리,1216,612,604,1211,606,605,-5,-6,1
5181031022,2024-01-31,강원특별자치도,인제군,남면,신풍리,398,246,152,400,253,147,2,7,-5
5181031023,2024-01-31,강원특별자치도,인제군,남면,어론리,1089,634,455,1070,626,444,-19,-8,-11
5181031024,2024-01-31,강원특별자치도,인제군,남면,부평리,302,152,150,299,151,148,-3,-1,-2
5181031026,2024-01-31,강원특별자치도,인제군,남면,정자리,116,72,44,116,72,44,0,0,0
5181031027,2024-01-31,강원특별자치도,인제군,남면,남전리,225,119,106,225,118,107,0,-1,1
5181031028,2024-01-31,강원특별자치도,인제군,남면,관대리,63,35,28,62,34,28,-1,-1,0
5181031029,2024-01-31,강원특별자치도,인제군,남면,신월리,91,48,43,92,49,43,1,1,0
5181031030,2024-01-31,강원특별자치도,인제군,남면,상수내리,70,41,29,68,39,29,-2,-2,0
5181031031,2024-01-31,강원특별자치도,인제군,남면,하수내리,17,8,9,17,8,9,0,0,0
5181031032,2024-01-31,강원특별자치도,인제군,남면,수산리,116,70,46,117,71,46,1,1,0
5181031033,2024-01-31,강원특별자치도,인제군,남면,소치리,92,46,46,92,46,46,0,0,0
5181032021,2024-01-31,강원특별자치도,인제군,북면,원통리,5277,2802,2475,5259,2793,2466,-18,-9,-9
5181032022,2024-01-31,강원특별자치도,인제군,북면,월학리,743,393,350,740,391,349,-3,-2,-1
5181032023,2024-01-31,강원특별자치도,인제군,북면,한계리,612,345,267,610,342,268,-2,-3,1
5181032024,2024-01-31,강원특별자치도,인제군,북면,용대리,1240,701,539,1247,712,535,7,11,-4
5181033021,2024-01-31,강원특별자치도,인제군,기린면,현리,3114,1720,1394,3119,1722,1397,5,2,3
5181033022,2024-01-31,강원특별자치도,인제군,기린면,북리,595,323,272,596,323,273,1,0,1
5181033023,2024-01-31,강원특별자치도,인제군,기린면,서리,417,219,198,414,218,196,-3,-1,-2
5181033024,2024-01-31,강원특별자치도,인제군,기린면,방동리,471,243,228,470,242,228,-1,-1,0
5181033025,2024-01-31,강원특별자치도,인제군,기린면,진동리,438,244,194,443,245,198,5,1,4
5181034021,2024-01-31,강원특별자치도,인제군,서화면,천도리,1782,1023,759,1768,1011,757,-14,-12,-2
5181034022,2024-01-31,강원특별자치도,인제군,서화면,서흥리,333,197,136,329,194,135,-4,-3,-1
5181034023,2024-01-31,강원특별자치도,인제군,서화면,서화리,477,320,157,472,318,154,-5,-2,-3
5181034025,2024-01-31,강원특별자치도,인제군,서화면,심적리,26,19,7,27,20,7,1,1,0
5181035021,2024-01-31,강원특별자치도,인제군,상남면,상남리,1160,708,452,1169,717,452,9,9,0
5181035022,2024-01-31,강원특별자치도,인제군,상남면,하남리,589,310,279,593,313,280,4,3,1
5181035023,2024-01-31,강원특별자치도,인제군,상남면,미산리,307,164,143,302,160,142,-5,-4,-1
5182025021,2024-01-31,강원특별자치도,고성군,간성읍,하리,191,107,84,192,107,85,1,0,1
5182025022,2024-01-31,강원특별자치도,고성군,간성읍,신안리,3945,2037,1908,3972,2056,1916,27,19,8
5182025023,2024-01-31,강원특별자치도,고성군,간성읍,동호리,213,120,93,209,118,91,-4,-2,-2
5182025024,2024-01-31,강원특별자치도,고성군,간성읍,봉호리,56,32,24,56,32,24,0,0,0
5182025025,2024-01-31,강원특별자치도,고성군,간성읍,상리,979,501,478,988,507,481,9,6,3
5182025026,2024-01-31,강원특별자치도,고성군,간성읍,간촌리,59,32,27,59,32,27,0,0,0
5182025027,2024-01-31,강원특별자치도,고성군,간성읍,교동리,188,94,94,190,95,95,2,1,1
5182025028,2024-01-31,강원특별자치도,고성군,간성읍,해상리,225,120,105,224,121,103,-1,1,-2
5182025029,2024-01-31,강원특별자치도,고성군,간성읍,광산리,361,195,166,357,192,165,-4,-3,-1
5182025030,2024-01-31,강원특별자치도,고성군,간성읍,어천리,349,169,180,341,163,178,-8,-6,-2
5182025031,2024-01-31,강원특별자치도,고성군,간성읍,장신리,181,101,80,181,101,80,0,0,0
5182025032,2024-01-31,강원특별자치도,고성군,간성읍,진부리,89,42,47,89,43,46,0,1,-1
5182025033,2024-01-31,강원특별자치도,고성군,간성읍,탑동리,88,57,31,85,54,31,-3,-3,0
5182025035,2024-01-31,강원특별자치도,고성군,간성읍,금수리,248,134,114,244,132,112,-4,-2,-2
5182025037,2024-01-31,강원특별자치도,고성군,간성읍,흘리,194,107,87,194,107,87,0,0,0
5182025321,2024-01-31,강원특별자치도,고성군,거진읍,거진리,3749,1805,1944,3736,1801,1935,-13,-4,-9
5182025322,2024-01-31,강원특별자치도,고성군,거진읍,화포리,204,122,82,200,119,81,-4,-3,-1
5182025323,2024-01-31,강원특별자치도,고성군,거진읍,원당리,63,35,28,63,35,28,0,0,0
5182025324,2024-01-31,강원특별자치도,고성군,거진읍,송정리,125,68,57,128,69,59,3,1,2
5182025325,2024-01-31,강원특별자치도,고성군,거진읍,용하리,105,54,51,105,54,51,0,0,0
5182025326,2024-01-31,강원특별자치도,고성군,거진읍,산북리,79,43,36,80,44,36,1,1,0
5182025327,2024-01-31,강원특별자치도,고성군,거진읍,송강리,74,41,33,74,41,33,0,0,0
5182025328,2024-01-31,강원특별자치도,고성군,거진읍,석문리,110,53,57,111,53,58,1,0,1
5182025329,2024-01-31,강원특별자치도,고성군,거진읍,초계리,65,38,27,64,36,28,-1,-2,1
5182025330,2024-01-31,강원특별자치도,고성군,거진읍,대대리,288,151,137,287,151,136,-1,0,-1
5182025331,2024-01-31,강원특별자치도,고성군,거진읍,송죽리,74,40,34,73,40,33,-1,0,-1
5182025332,2024-01-31,강원특별자치도,고성군,거진읍,반암리,169,90,79,166,88,78,-3,-2,-1
5182025333,2024-01-31,강원특별자치도,고성군,거진읍,송포리,315,155,160,319,156,163,4,1,3
5182025334,2024-01-31,강원특별자치도,고성군,거진읍,봉평리,106,55,51,106,55,51,0,0,0
5182025335,2024-01-31,강원특별자치도,고성군,거진읍,냉천리,10,10,0,10,10,0,0,0,0
5182025336,2024-01-31,강원특별자치도,고성군,거진읍,오정리,82,37,45,81,36,45,-1,-1,0
5182025337,2024-01-31,강원특별자치도,고성군,거진읍,자산리,105,48,57,105,49,56,0,1,-1
5182031021,2024-01-31,강원특별자치도,고성군,현내면,대진리,1033,506,527,1035,507,528,2,1,1
5182031022,2024-01-31,강원특별자치도,고성군,현내면,철통리,83,43,40,83,43,40,0,0,0
5182031023,2024-01-31,강원특별자치도,고성군,현내면,초도리,321,159,162,324,157,167,3,-2,5
5182031024,2024-01-31,강원특별자치도,고성군,현내면,죽정리,161,83,78,160,82,78,-1,-1,0
5182031025,2024-01-31,강원특별자치도,고성군,현내면,산학리,121,65,56,122,66,56,1,1,0
5182031026,2024-01-31,강원특별자치도,고성군,현내면,화곡리,50,25,25,50,25,25,0,0,0
5182031027,2024-01-31,강원특별자치도,고성군,현내면,마달리,86,36,50,86,36,50,0,0,0
5182031028,2024-01-31,강원특별자치도,고성군,현내면,마차진리,74,37,37,75,37,38,1,0,1
5182031029,2024-01-31,강원특별자치도,고성군,현내면,명파리,251,122,129,251,122,129,0,0,0
5182031030,2024-01-31,강원특별자치도,고성군,현내면,배봉리,49,23,26,48,22,26,-1,-1,0
5182032021,2024-01-31,강원특별자치도,고성군,죽왕면,오호리,524,295,229,525,293,232,1,-2,3
5182032022,2024-01-31,강원특별자치도,고성군,죽왕면,향목리,147,86,61,142,83,59,-5,-3,-2
5182032023,2024-01-31,강원특별자치도,고성군,죽왕면,가진리,364,183,181,365,185,180,1,2,-1
5182032024,2024-01-31,강원특별자치도,고성군,죽왕면,공현진리,501,244,257,496,241,255,-5,-3,-2
5182032025,2024-01-31,강원특별자치도,고성군,죽왕면,오봉리,142,74,68,142,74,68,0,0,0
5182032026,2024-01-31,강원특별자치도,고성군,죽왕면,인정리,197,104,93,196,103,93,-1,-1,0
5182032027,2024-01-31,강원특별자치도,고성군,죽왕면,구성리,170,98,72,172,100,72,2,2,0
5182032029,2024-01-31,강원특별자치도,고성군,죽왕면,삼포리,443,218,225,441,220,221,-2,2,-4
5182032030,2024-01-31,강원특별자치도,고성군,죽왕면,야촌리,273,141,132,265,140,125,-8,-1,-7
5182032031,2024-01-31,강원특별자치도,고성군,죽왕면,문암진리,524,260,264,523,259,264,-1,-1,0
5182032032,2024-01-31,강원특별자치도,고성군,죽왕면,송암리,125,58,67,125,58,67,0,0,0
5182033021,2024-01-31,강원특별자치도,고성군,토성면,천진리,1438,715,723,1447,719,728,9,4,5
5182033022,2024-01-31,강원특별자치도,고성군,토성면,청간리,423,208,215,430,212,218,7,4,3
5182033023,2024-01-31,강원특별자치도,고성군,토성면,아야진리,1174,603,571,1166,600,566,-8,-3,-5
5182033024,2024-01-31,강원특별자치도,고성군,토성면,교암리,268,140,128,268,141,127,0,1,-1
5182033025,2024-01-31,강원특별자치도,고성군,토성면,백촌리,226,111,115,226,111,115,0,0,0
5182033026,2024-01-31,강원특별자치도,고성군,토성면,운봉리,145,73,72,144,72,72,-1,-1,0
5182033027,2024-01-31,강원특별자치도,고성군,토성면,학야리,205,123,82,211,124,87,6,1,5
5182033028,2024-01-31,강원특별자치도,고성군,토성면,도원리,282,147,135,283,148,135,1,1,0
5182033029,2024-01-31,강원특별자치도,고성군,토성면,용암리,254,135,119,254,136,118,0,1,-1
5182033030,2024-01-31,강원특별자치도,고성군,토성면,신평리,558,318,240,551,313,238,-7,-5,-2
5182033031,2024-01-31,강원특별자치도,고성군,토성면,인흥리,481,252,229,490,255,235,9,3,6
5182033032,2024-01-31,강원특별자치도,고성군,토성면,성천리,202,100,102,204,102,102,2,2,0
5182033033,2024-01-31,강원특별자치도,고성군,토성면,원암리,279,145,134,282,147,135,3,2,1
5182033034,2024-01-31,강원특별자치도,고성군,토성면,용촌리,623,332,291,611,325,286,-12,-7,-5
5182033035,2024-01-31,강원특별자치도,고성군,토성면,봉포리,1469,758,711,1472,754,718,3,-4,7
5182033036,2024-01-31,강원특별자치도,고성군,토성면,성대리,412,234,178,404,230,174,-8,-4,-4
5182033037,2024-01-31,강원특별자치도,고성군,토성면,금화정리,138,71,67,136,69,67,-2,-2,0
5183025021,2024-01-31,강원특별자치도,양양군,양양읍,남문리,1373,666,707,1375,671,704,2,5,-3
5183025022,2024-01-31,강원특별자치도,양양군,양양읍,구교리,1753,865,888,1755,866,889,2,1,1
5183025023,2024-01-31,강원특별자치도,양양군,양양읍,성내리,274,136,138,274,136,138,0,0,0
5183025024,2024-01-31,강원특별자치도,양양군,양양읍,군행리,39,15,24,39,15,24,0,0,0
5183025025,2024-01-31,강원특별자치도,양양군,양양읍,연창리,1205,595,610,1200,589,611,-5,-6,1
5183025026,2024-01-31,강원특별자치도,양양군,양양읍,청곡리,483,234,249,478,233,245,-5,-1,-4
5183025027,2024-01-31,강원특별자치도,양양군,양양읍,송암리,312,161,151,292,149,143,-20,-12,-8
5183025028,2024-01-31,강원특별자치도,양양군,양양읍,월리,1133,559,574,1124,556,568,-9,-3,-6
5183025029,2024-01-31,강원특별자치도,양양군,양양읍,조산리,447,220,227,444,217,227,-3,-3,0
5183025030,2024-01-31,강원특별자치도,양양군,양양읍,사천리,71,34,37,72,34,38,1,0,1
5183025031,2024-01-31,강원특별자치도,양양군,양양읍,포월리,179,100,79,178,98,80,-1,-2,1
5183025032,2024-01-31,강원특별자치도,양양군,양양읍,기리,38,21,17,37,20,17,-1,-1,0
5183025033,2024-01-31,강원특별자치도,양양군,양양읍,정손리,64,29,35,63,29,34,-1,0,-1
5183025034,2024-01-31,강원특별자치도,양양군,양양읍,감곡리,117,65,52,120,66,54,3,1,2
5183025035,2024-01-31,강원특별자치도,양양군,양양읍,서문리,2008,1083,925,1997,1076,921,-11,-7,-4
5183025036,2024-01-31,강원특별자치도,양양군,양양읍,내곡리,2361,1187,1174,2383,1199,1184,22,12,10
5183025037,2024-01-31,강원특별자치도,양양군,양양읍,임천리,240,141,99,241,139,102,1,-2,3
5183025038,2024-01-31,강원특별자치도,양양군,양양읍,거마리,266,153,113,265,152,113,-1,-1,0
5183025039,2024-01-31,강원특별자치도,양양군,양양읍,화일리,143,80,63,143,80,63,0,0,0
5183031021,2024-01-31,강원특별자치도,양양군,서면,갈천리,130,69,61,127,68,59,-3,-1,-2
5183031022,2024-01-31,강원특별자치도,양양군,서면,수리,224,110,114,226,111,115,2,1,1
5183031023,2024-01-31,강원특별자치도,양양군,서면,논화리,205,116,89,204,115,89,-1,-1,0
5183031024,2024-01-31,강원특별자치도,양양군,서면,용소리,27,11,16,27,11,16,0,0,0
5183031025,2024-01-31,강원특별자치도,양양군,서면,내현리,105,50,55,106,50,56,1,0,1
5183031026,2024-01-31,강원특별자치도,양양군,서면,용천리,212,97,115,215,100,115,3,3,0
5183031027,2024-01-31,강원특별자치도,양양군,서면,북평리,94,53,41,93,53,40,-1,0,-1
5183031028,2024-01-31,강원특별자치도,양양군,서면,범부리,70,40,30,72,41,31,2,1,1
5183031029,2024-01-31,강원특별자치도,양양군,서면,상평리,373,187,186,372,187,185,-1,0,-1
5183031030,2024-01-31,강원특별자치도,양양군,서면,장승리,207,104,103,206,105,101,-1,1,-2
5183031031,2024-01-31,강원특별자치도,양양군,서면,서선리,50,31,19,50,31,19,0,0,0
5183031032,2024-01-31,강원특별자치도,양양군,서면,가라피리,35,21,14,36,21,15,1,0,1
5183031033,2024-01-31,강원특별자치도,양양군,서면,오색리,331,176,155,334,176,158,3,0,3
5183031034,2024-01-31,강원특별자치도,양양군,서면,영덕리,104,57,47,107,57,50,3,0,3
5183031035,2024-01-31,강원특별자치도,양양군,서면,서림리,256,131,125,257,132,125,1,1,0
5183031036,2024-01-31,강원특별자치도,양양군,서면,미천리,6,3,3,6,3,3,0,0,0
5183031037,2024-01-31,강원특별자치도,양양군,서면,북암리,7,5,2,7,5,2,0,0,0
5183031038,2024-01-31,강원특별자치도,양양군,서면,송천리,118,56,62,116,55,61,-2,-1,-1
5183031039,2024-01-31,강원특별자치도,양양군,서면,송어리,26,17,9,26,17,9,0,0,0
5183031040,2024-01-31,강원특별자치도,양양군,서면,공수전리,120,61,59,129,66,63,9,5,4
5183032021,2024-01-31,강원특별자치도,양양군,손양면,동호리,229,111,118,227,110,117,-2,-1,-1
5183032022,2024-01-31,강원특별자치도,양양군,손양면,금강리,46,28,18,45,27,18,-1,-1,0
5183032023,2024-01-31,강원특별자치도,양양군,손양면,송전리,113,58,55,110,55,55,-3,-3,0
5183032024,2024-01-31,강원특별자치도,양양군,손양면,가평리,127,59,68,127,59,68,0,0,0
5183032025,2024-01-31,강원특별자치도,양양군,손양면,오산리,66,36,30,64,34,30,-2,-2,0
5183032026,2024-01-31,강원특별자치도,양양군,손양면,삽존리,52,28,24,52,28,24,0,0,0
5183032028,2024-01-31,강원특별자치도,양양군,손양면,학포리,68,30,38,68,30,38,0,0,0
5183032029,2024-01-31,강원특별자치도,양양군,손양면,수여리,121,59,62,120,58,62,-1,-1,0
5183032030,2024-01-31,강원특별자치도,양양군,손양면,상양혈리,67,29,38,67,29,38,0,0,0
5183032031,2024-01-31,강원특별자치도,양양군,손양면,하양혈리,56,24,32,58,26,32,2,2,0
5183032032,2024-01-31,강원특별자치도,양양군,손양면,부소치리,46,18,28,46,18,28,0,0,0
5183032033,2024-01-31,강원특별자치도,양양군,손양면,수산리,125,66,59,125,66,59,0,0,0
5183032034,2024-01-31,강원특별자치도,양양군,손양면,와리,39,22,17,40,23,17,1,1,0
5183032035,2024-01-31,강원특별자치도,양양군,손양면,간리,34,19,15,34,19,15,0,0,0
5183032036,2024-01-31,강원특별자치도,양양군,손양면,상왕도리,120,58,62,120,58,62,0,0,0
5183032037,2024-01-31,강원특별자치도,양양군,손양면,하왕도리,346,183,163,345,183,162,-1,0,-1
5183032038,2024-01-31,강원특별자치도,양양군,손양면,도화리,95,56,39,94,55,39,-1,-1,0
5183032039,2024-01-31,강원특별자치도,양양군,손양면,송현리,138,77,61,140,78,62,2,1,1
5183032040,2024-01-31,강원특별자치도,양양군,손양면,주리,79,40,39,85,45,40,6,5,1
5183032041,2024-01-31,강원특별자치도,양양군,손양면,여운포리,71,30,41,66,29,37,-5,-1,-4
5183032042,2024-01-31,강원특별자치도,양양군,손양면,상운리,124,57,67,125,57,68,1,0,1
5183032043,2024-01-31,강원특별자치도,양양군,손양면,밀양리,45,19,26,45,19,26,0,0,0
5183032044,2024-01-31,강원특별자치도,양양군,손양면,우암리,80,38,42,82,39,43,2,1,1
5183033021,2024-01-31,강원특별자치도,양양군,현북면,잔교리,131,74,57,130,73,57,-1,-1,0
5183033022,2024-01-31,강원특별자치도,양양군,현북면,기사문리,247,154,93,255,156,99,8,2,6
5183033023,2024-01-31,강원특별자치도,양양군,현북면,명지리,92,47,45,88,46,42,-4,-1,-3
5183033024,2024-01-31,강원특별자치도,양양군,현북면,장리,127,63,64,126,62,64,-1,-1,0
5183033025,2024-01-31,강원특별자치도,양양군,현북면,도리,142,68,74,142,68,74,0,0,0
5183033026,2024-01-31,강원특별자치도,양양군,현북면,말곡리,106,50,56,106,50,56,0,0,0
5183033027,2024-01-31,강원특별자치도,양양군,현북면,대치리,74,36,38,74,36,38,0,0,0
5183033028,2024-01-31,강원특별자치도,양양군,현북면,상광정리,186,99,87,187,99,88,1,0,1
5183033029,2024-01-31,강원특별자치도,양양군,현북면,중광정리,470,246,224,475,248,227,5,2,3
5183033030,2024-01-31,강원특별자치도,양양군,현북면,하광정리,455,237,218,452,237,215,-3,0,-3
5183033031,2024-01-31,강원특별자치도,양양군,현북면,어성전리,339,173,166,336,170,166,-3,-3,0
5183033032,2024-01-31,강원특별자치도,양양군,현북면,원일전리,100,49,51,100,49,51,0,0,0
5183033033,2024-01-31,강원특별자치도,양양군,현북면,면옥치리,78,47,31,75,46,29,-3,-1,-2
5183033034,2024-01-31,강원특별자치도,양양군,현북면,법수치리,82,40,42,82,40,42,0,0,0
5183034021,2024-01-31,강원특별자치도,양양군,현남면,인구리,398,210,188,398,210,188,0,0,0
5183034022,2024-01-31,강원특별자치도,양양군,현남면,북분리,211,111,100,208,110,98,-3,-1,-2
5183034023,2024-01-31,강원특별자치도,양양군,현남면,동산리,183,101,82,183,101,82,0,0,0
5183034024,2024-01-31,강원특별자치도,양양군,현남면,시변리,66,36,30,66,36,30,0,0,0
5183034025,2024-01-31,강원특별자치도,양양군,현남면,정자리,84,47,37,86,48,38,2,1,1
5183034026,2024-01-31,강원특별자치도,양양군,현남면,광진리,282,151,131,286,151,135,4,0,4
5183034027,2024-01-31,강원특별자치도,양양군,현남면,전포매리,83,46,37,82,45,37,-1,-1,0
5183034028,2024-01-31,강원특별자치도,양양군,현남면,후포매리,44,23,21,42,23,19,-2,0,-2
5183034029,2024-01-31,강원특별자치도,양양군,현남면,견불리,67,39,28,67,39,28,0,0,0
5183034030,2024-01-31,강원특별자치도,양양군,현남면,상월천리,56,32,24,57,33,24,1,1,0
5183034031,2024-01-31,강원특별자치도,양양군,현남면,하월천리,137,75,62,140,76,64,3,1,2
5183034032,2024-01-31,강원특별자치도,양양군,현남면,창리,30,16,14,29,16,13,-1,0,-1
5183034033,2024-01-31,강원특별자치도,양양군,현남면,임호정리,57,28,29,58,29,29,1,1,0
5183034034,2024-01-31,강원특별자치도,양양군,현남면,원포리,135,72,63,135,72,63,0,0,0
5183034035,2024-01-31,강원특별자치도,양양군,현남면,지리,56,24,32,53,22,31,-3,-2,-1
5183034036,2024-01-31,강원특별자치도,양양군,현남면,지경리,85,44,41,86,45,41,1,1,0
5183034037,2024-01-31,강원특별자치도,양양군,현남면,입암리,132,65,67,132,65,67,0,0,0
5183034038,2024-01-31,강원특별자치도,양양군,현남면,남애리,687,329,358,685,330,355,-2,1,-3
5183034039,2024-01-31,강원특별자치도,양양군,현남면,주리,41,27,14,41,28,13,0,1,-1
5183034040,2024-01-31,강원특별자치도,양양군,현남면,두리,58,32,26,57,32,25,-1,0,-1
5183034041,2024-01-31,강원특별자치도,양양군,현남면,죽리,113,67,46,112,66,46,-1,-1,0
5183035021,2024-01-31,강원특별자치도,양양군,강현면,상복리,167,81,86,168,81,87,1,0,1
5183035022,2024-01-31,강원특별자치도,양양군,강현면,중복리,100,57,43,101,58,43,1,1,0
5183035023,2024-01-31,강원특별자치도,양양군,강현면,하복리,179,103,76,176,101,75,-3,-2,-1
5183035024,2024-01-31,강원특별자치도,양양군,강현면,강선리,1054,530,524,1049,530,519,-5,0,-5
5183035025,2024-01-31,강원특별자치도,양양군,강현면,물치리,354,163,191,355,161,194,1,-2,3
5183035026,2024-01-31,강원특별자치도,양양군,강현면,간곡리,84,41,43,84,41,43,0,0,0
5183035027,2024-01-31,강원특별자치도,양양군,강현면,둔전리,57,31,26,58,31,27,1,0,1
5183035028,2024-01-31,강원특별자치도,양양군,강현면,석교리,183,97,86,181,96,85,-2,-1,-1
5183035029,2024-01-31,강원특별자치도,양양군,강현면,침교리,52,27,25,51,27,24,-1,0,-1
5183035030,2024-01-31,강원특별자치도,양양군,강현면,회룡리,139,71,68,142,72,70,3,1,2
5183035031,2024-01-31,강원특별자치도,양양군,강현면,금풍리,98,45,53,98,45,53,0,0,0
5183035032,2024-01-31,강원특별자치도,양양군,강현면,사교리,67,33,34,67,33,34,0,0,0
5183035033,2024-01-31,강원특별자치도,양양군,강현면,방축리,53,34,19,53,34,19,0,0,0
5183035034,2024-01-31,강원특별자치도,양양군,강현면,답리,117,59,58,118,60,58,1,1,0
5183035035,2024-01-31,강원특별자치도,양양군,강현면,광석리,79,45,34,79,45,34,0,0,0
5183035036,2024-01-31,강원특별자치도,양양군,강현면,정암리,515,268,247,507,264,243,-8,-4,-4
5183035037,2024-01-31,강원특별자치도,양양군,강현면,용호리,138,71,67,134,69,65,-4,-2,-2
5183035038,2024-01-31,강원특별자치도,양양군,강현면,장산리,237,128,109,236,126,110,-1,-2,1
5183035039,2024-01-31,강원특별자치도,양양군,강현면,전진리,404,215,189,404,214,190,0,-1,1
5183035040,2024-01-31,강원특별자치도,양양군,강현면,주청리,305,157,148,309,158,151,4,1,3
5183035041,2024-01-31,강원특별자치도,양양군,강현면,적은리,49,23,26,49,23,26,0,0,0
5183035042,2024-01-31,강원특별자치도,양양군,강현면,물갑리,152,71,81,150,69,81,-2,-2,0
5211110100,2024-01-31,전북특별자치도,전주시 완산구,중앙동1가,중앙동1가,0,0,0,188,94,94,188,94,94
5211110200,2024-01-31,전북특별자치도,전주시 완산구,중앙동2가,중앙동2가,0,0,0,91,43,48,91,43,48
5211110300,2024-01-31,전북특별자치도,전주시 완산구,중앙동3가,중앙동3가,0,0,0,107,58,49,107,58,49
5211110400,2024-01-31,전북특별자치도,전주시 완산구,중앙동4가,중앙동4가,0,0,0,329,171,158,329,171,158
5211110500,2024-01-31,전북특별자치도,전주시 완산구,경원동1가,경원동1가,0,0,0,166,89,77,166,89,77
5211110600,2024-01-31,전북특별자치도,전주시 완산구,경원동2가,경원동2가,0,0,0,155,80,75,155,80,75
5211110700,2024-01-31,전북특별자치도,전주시 완산구,경원동3가,경원동3가,0,0,0,503,248,255,503,248,255
5211110800,2024-01-31,전북특별자치도,전주시 완산구,풍남동1가,풍남동1가,0,0,0,206,102,104,206,102,104
5211110900,2024-01-31,전북특별자치도,전주시 완산구,풍남동2가,풍남동2가,0,0,0,140,66,74,140,66,74
5211111000,2024-01-31,전북특별자치도,전주시 완산구,풍남동3가,풍남동3가,0,0,0,416,189,227,416,189,227
5211111100,2024-01-31,전북특별자치도,전주시 완산구,전동,전동,0,0,0,430,227,203,430,227,203
5211111200,2024-01-31,전북특별자치도,전주시 완산구,전동3가,전동3가,0,0,0,347,173,174,347,173,174
5211111300,2024-01-31,전북특별자치도,전주시 완산구,다가동1가,다가동1가,0,0,0,279,144,135,279,144,135
5211111400,2024-01-31,전북특별자치도,전주시 완산구,다가동2가,다가동2가,0,0,0,277,133,144,277,133,144
5211111500,2024-01-31,전북특별자치도,전주시 완산구,다가동3가,다가동3가,0,0,0,211,106,105,211,106,105
5211111600,2024-01-31,전북특별자치도,전주시 완산구,다가동4가,다가동4가,0,0,0,279,153,126,279,153,126
5211111700,2024-01-31,전북특별자치도,전주시 완산구,고사동,고사동,0,0,0,629,329,300,629,329,300
5211111800,2024-01-31,전북특별자치도,전주시 완산구,교동,교동,0,0,0,1290,641,649,1290,641,649
5211111900,2024-01-31,전북특별자치도,전주시 완산구,태평동,태평동,0,0,0,7360,3615,3745,7360,3615,3745
5211112000,2024-01-31,전북특별자치도,전주시 완산구,중노송동,중노송동,0,0,0,6761,3270,3491,6761,3270,3491
5211112100,2024-01-31,전북특별자치도,전주시 완산구,남노송동,남노송동,0,0,0,2177,1093,1084,2177,1093,1084
5211112200,2024-01-31,전북특별자치도,전주시 완산구,동완산동,동완산동,0,0,0,1595,820,775,1595,820,775
5211112300,2024-01-31,전북특별자치도,전주시 완산구,서완산동1가,서완산동1가,0,0,0,944,471,473,944,471,473
5211112400,2024-01-31,전북특별자치도,전주시 완산구,서완산동2가,서완산동2가,0,0,0,2410,1142,1268,2410,1142,1268
5211112500,2024-01-31,전북특별자치도,전주시 완산구,동서학동,동서학동,0,0,0,4023,1929,2094,4023,1929,2094
5211112600,2024-01-31,전북특별자치도,전주시 완산구,서서학동,서서학동,0,0,0,8021,3886,4135,8021,3886,4135
5211112700,2024-01-31,전북특별자치도,전주시 완산구,중화산동1가,중화산동1가,0,0,0,5127,2418,2709,5127,2418,2709
5211112800,2024-01-31,전북특별자치도,전주시 완산구,중화산동2가,중화산동2가,0,0,0,27617,13628,13989,27617,13628,13989
5211112900,2024-01-31,전북특별자치도,전주시 완산구,서신동,서신동,0,0,0,39490,19211,20279,39490,19211,20279
5211113000,2024-01-31,전북특별자치도,전주시 완산구,석구동,석구동,0,0,0,459,241,218,459,241,218
5211113100,2024-01-31,전북특별자치도,전주시 완산구,원당동,원당동,0,0,0,502,268,234,502,268,234
5211113200,2024-01-31,전북특별자치도,전주시 완산구,평화동1가,평화동1가,0,0,0,16208,7803,8405,16208,7803,8405
5211113300,2024-01-31,전북특별자치도,전주시 완산구,평화동2가,평화동2가,0,0,0,37906,18065,19841,37906,18065,19841
5211113400,2024-01-31,전북특별자치도,전주시 완산구,평화동3가,평화동3가,0,0,0,626,342,284,626,342,284
5211113500,2024-01-31,전북특별자치도,전주시 완산구,중인동,중인동,0,0,0,2270,1131,1139,2270,1131,1139
5211113600,2024-01-31,전북특별자치도,전주시 완산구,용복동,용복동,0,0,0,461,226,235,461,226,235
5211113700,2024-01-31,전북특별자치도,전주시 완산구,삼천동1가,삼천동1가,0,0,0,39819,19077,20742,39819,19077,20742
5211113800,2024-01-31,전북특별자치도,전주시 완산구,삼천동2가,삼천동2가,0,0,0,1321,665,656,1321,665,656
5211113900,2024-01-31,전북특별자치도,전주시 완산구,삼천동3가,삼천동3가,0,0,0,1259,637,622,1259,637,622
5211114000,2024-01-31,전북특별자치도,전주시 완산구,효자동1가,효자동1가,0,0,0,35962,17033,18929,35962,17033,18929
5211114100,2024-01-31,전북특별자치도,전주시 완산구,효자동2가,효자동2가,0,0,0,39097,19004,20093,39097,19004,20093
5211114200,2024-01-31,전북특별자치도,전주시 완산구,효자동3가,효자동3가,0,0,0,35590,17827,17763,35590,17827,17763
5211114300,2024-01-31,전북특별자치도,전주시 완산구,대성동,대성동,0,0,0,1406,701,705,1406,701,705
5211114400,2024-01-31,전북특별자치도,전주시 완산구,색장동,색장동,0,0,0,459,231,228,459,231,228
5211114500,2024-01-31,전북특별자치도,전주시 완산구,상림동,상림동,0,0,0,244,133,111,244,133,111
5211114700,2024-01-31,전북특별자치도,전주시 완산구,서노송동,서노송동,0,0,0,1580,802,778,1580,802,778
5211310200,2024-01-31,전북특별자치도,전주시 덕진구,진북동,진북동,0,0,0,12994,6280,6714,12994,6280,6714
5211310300,2024-01-31,전북특별자치도,전주시 덕진구,인후동1가,인후동1가,0,0,0,49299,24123,25176,49299,24123,25176
5211310400,2024-01-31,전북특별자치도,전주시 덕진구,인후동2가,인후동2가,0,0,0,8820,4333,4487,8820,4333,4487
5211310500,2024-01-31,전북특별자치도,전주시 덕진구,덕진동1가,덕진동1가,0,0,0,6614,3369,3245,6614,3369,3245
5211310600,2024-01-31,전북특별자치도,전주시 덕진구,덕진동2가,덕진동2가,0,0,0,13892,6989,6903,13892,6989,6903
5211310700,2024-01-31,전북특별자치도,전주시 덕진구,금암동,금암동,0,0,0,17260,8834,8426,17260,8834,8426
5211310800,2024-01-31,전북특별자치도,전주시 덕진구,팔복동1가,팔복동1가,0,0,0,2420,1308,1112,2420,1308,1112
5211310900,2024-01-31,전북특별자치도,전주시 덕진구,팔복동2가,팔복동2가,0,0,0,4535,2443,2092,4535,2443,2092
5211311000,2024-01-31,전북특별자치도,전주시 덕진구,팔복동3가,팔복동3가,0,0,0,152,93,59,152,93,59
5211311100,2024-01-31,전북특별자치도,전주시 덕진구,산정동,산정동,0,0,0,797,484,313,797,484,313
5211311200,2024-01-31,전북특별자치도,전주시 덕진구,금상동,금상동,0,0,0,832,419,413,832,419,413
5211311300,2024-01-31,전북특별자치도,전주시 덕진구,우아동1가,우아동1가,0,0,0,2299,1299,1000,2299,1299,1000
5211311400,2024-01-31,전북특별자치도,전주시 덕진구,우아동2가,우아동2가,0,0,0,6946,3660,3286,6946,3660,3286
5211311500,2024-01-31,전북특별자치도,전주시 덕진구,우아동3가,우아동3가,0,0,0,15262,7560,7702,15262,7560,7702
5211311600,2024-01-31,전북특별자치도,전주시 덕진구,호성동1가,호성동1가,0,0,0,15489,7279,8210,15489,7279,8210
5211311700,2024-01-31,전북특별자치도,전주시 덕진구,호성동2가,호성동2가,0,0,0,2779,1380,1399,2779,1380,1399
5211311800,2024-01-31,전북특별자치도,전주시 덕진구,호성동3가,호성동3가,0,0,0,470,229,241,470,229,241
5211311900,2024-01-31,전북특별자치도,전주시 덕진구,전미동1가,전미동1가,0,0,0,380,192,188,380,192,188
5211312000,2024-01-31,전북특별자치도,전주시 덕진구,전미동2가,전미동2가,0,0,0,687,354,333,687,354,333
5211312100,2024-01-31,전북특별자치도,전주시 덕진구,송천동1가,송천동1가,0,0,0,35941,17684,18257,35941,17684,18257
5211312200,2024-01-31,전북특별자치도,전주시 덕진구,송천동2가,송천동2가,0,0,0,52859,26058,26801,52859,26058,26801
5211312300,2024-01-31,전북특별자치도,전주시 덕진구,반월동,반월동,0,0,0,9832,5028,4804,9832,5028,4804
5211312400,2024-01-31,전북특별자치도,전주시 덕진구,화전동,화전동,0,0,0,294,155,139,294,155,139
5211312500,2024-01-31,전북특별자치도,전주시 덕진구,용정동,용정동,0,0,0,539,277,262,539,277,262
5211312600,2024-01-31,전북특별자치도,전주시 덕진구,성덕동,성덕동,0,0,0,388,202,186,388,202,186
5211312700,2024-01-31,전북특별자치도,전주시 덕진구,원동,원동,0,0,0,494,242,252,494,242,252
5211312900,2024-01-31,전북특별자치도,전주시 덕진구,고랑동,고랑동,0,0,0,1626,864,762,1626,864,762
5211313000,2024-01-31,전북특별자치도,전주시 덕진구,여의동,여의동,0,0,0,6515,3251,3264,6515,3251,3264
5211313100,2024-01-31,전북특별자치도,전주시 덕진구,만성동,만성동,0,0,0,17125,8470,8655,17125,8470,8655
5211313200,2024-01-31,전북특별자치도,전주시 덕진구,장동,장동,0,0,0,14210,6959,7251,14210,6959,7251
5211313300,2024-01-31,전북특별자치도,전주시 덕진구,팔복동4가,팔복동4가,0,0,0,410,234,176,410,234,176
5211313400,2024-01-31,전북특별자치도,전주시 덕진구,도도동,도도동,0,0,0,54,40,14,54,40,14
5211313500,2024-01-31,전북특별자치도,전주시 덕진구,강흥동,강흥동,0,0,0,92,45,47,92,45,47
5211313600,2024-01-31,전북특별자치도,전주시 덕진구,도덕동,도덕동,0,0,0,149,72,77,149,72,77
5211313700,2024-01-31,전북특별자치도,전주시 덕진구,남정동,남정동,0,0,0,271,140,131,271,140,131
5211313800,2024-01-31,전북특별자치도,전주시 덕진구,중동,중동,0,0,0,6247,3089,3158,6247,3089,3158
5211313900,2024-01-31,전북특별자치도,전주시 덕진구,여의동2가,여의동2가,0,0,0,6198,3140,3058,6198,3140,3058
5213010100,2024-01-31,전북특별자치도,군산시,해망동,해망동,0,0,0,1011,494,517,1011,494,517
5213010200,2024-01-31,전북특별자치도,군산시,신흥동,신흥동,0,0,0,194,92,102,194,92,102
5213010300,2024-01-31,전북특별자치도,군산시,금동,금동,0,0,0,910,436,474,910,436,474
5213010400,2024-01-31,전북특별자치도,군산시,월명동,월명동,0,0,0,1389,633,756,1389,633,756
5213010500,2024-01-31,전북특별자치도,군산시,신창동,신창동,0,0,0,236,114,122,236,114,122
5213010600,2024-01-31,전북특별자치도,군산시,오룡동,오룡동,0,0,0,679,316,363,679,316,363
5213010700,2024-01-31,전북특별자치도,군산시,금광동,금광동,0,0,0,1179,557,622,1179,557,622
5213010800,2024-01-31,전북특별자치도,군산시,신풍동,신풍동,0,0,0,955,488,467,955,488,467
5213010900,2024-01-31,전북특별자치도,군산시,송풍동,송풍동,0,0,0,453,217,236,453,217,236
5213011000,2024-01-31,전북특별자치도,군산시,문화동,문화동,0,0,0,4962,2455,2507,4962,2455,2507
5213011100,2024-01-31,전북특별자치도,군산시,삼학동,삼학동,0,0,0,3373,1646,1727,3373,1646,1727
5213011200,2024-01-31,전북특별자치도,군산시,선양동,선양동,0,0,0,249,132,117,249,132,117
5213011300,2024-01-31,전북특별자치도,군산시,둔율동,둔율동,0,0,0,189,103,86,189,103,86
5213011400,2024-01-31,전북특별자치도,군산시,창성동,창성동,0,0,0,1283,603,680,1283,603,680
5213011500,2024-01-31,전북특별자치도,군산시,명산동,명산동,0,0,0,390,214,176,390,214,176
5213011600,2024-01-31,전북특별자치도,군산시,송창동,송창동,0,0,0,68,41,27,68,41,27
5213011700,2024-01-31,전북특별자치도,군산시,개복동,개복동,0,0,0,116,65,51,116,65,51
5213011800,2024-01-31,전북특별자치도,군산시,중앙로1가,중앙로1가,0,0,0,218,126,92,218,126,92
5213011900,2024-01-31,전북특별자치도,군산시,영화동,영화동,0,0,0,367,175,192,367,175,192
5213012000,2024-01-31,전북특별자치도,군산시,장미동,장미동,0,0,0,293,176,117,293,176,117
5213012100,2024-01-31,전북특별자치도,군산시,중앙로2가,중앙로2가,0,0,0,293,160,133,293,160,133
5213012200,2024-01-31,전북특별자치도,군산시,영동,영동,0,0,0,73,33,40,73,33,40
5213012300,2024-01-31,전북특별자치도,군산시,신영동,신영동,0,0,0,360,178,182,360,178,182
5213012400,2024-01-31,전북특별자치도,군산시,죽성동,죽성동,0,0,0,182,95,87,182,95,87
5213012500,2024-01-31,전북특별자치도,군산시,평화동,평화동,0,0,0,185,99,86,185,99,86
5213012600,2024-01-31,전북특별자치도,군산시,중앙로3가,중앙로3가,0,0,0,207,120,87,207,120,87
5213012700,2024-01-31,전북특별자치도,군산시,대명동,대명동,0,0,0,5259,2664,2595,5259,2664,2595
5213012800,2024-01-31,전북특별자치도,군산시,장재동,장재동,0,0,0,1776,830,946,1776,830,946
5213012900,2024-01-31,전북특별자치도,군산시,미원동,미원동,0,0,0,647,346,301,647,346,301
5213013000,2024-01-31,전북특별자치도,군산시,중동,중동,0,0,0,883,459,424,883,459,424
5213013100,2024-01-31,전북특별자치도,군산시,금암동,금암동,0,0,0,2136,1040,1096,2136,1040,1096
5213013200,2024-01-31,전북특별자치도,군산시,동흥남동,동흥남동,0,0,0,1500,757,743,1500,757,743
5213013300,2024-01-31,전북특별자치도,군산시,서흥남동,서흥남동,0,0,0,2322,1166,1156,2322,1166,1156
5213013400,2024-01-31,전북특별자치도,군산시,조촌동,조촌동,0,0,0,25197,12629,12568,25197,12629,12568
5213013500,2024-01-31,전북특별자치도,군산시,경장동,경장동,0,0,0,1582,832,750,1582,832,750
5213013600,2024-01-31,전북특별자치도,군산시,경암동,경암동,0,0,0,7037,3484,3553,7037,3484,3553
5213013700,2024-01-31,전북특별자치도,군산시,구암동,구암동,0,0,0,4595,2248,2347,4595,2248,2347
5213013800,2024-01-31,전북특별자치도,군산시,내흥동,내흥동,0,0,0,4367,2254,2113,4367,2254,2113
5213013900,2024-01-31,전북특별자치도,군산시,개정동,개정동,0,0,0,648,329,319,648,329,319
5213014000,2024-01-31,전북특별자치도,군산시,사정동,사정동,0,0,0,1904,961,943,1904,961,943
5213014100,2024-01-31,전북특별자치도,군산시,수송동,수송동,0,0,0,24534,12129,12405,24534,12129,12405
5213014200,2024-01-31,전북특별자치도,군산시,미장동,미장동,0,0,0,17513,8590,8923,17513,8590,8923
5213014300,2024-01-31,전북특별자치도,군산시,지곡동,지곡동,0,0,0,11037,5794,5243,11037,5794,5243
5213014400,2024-01-31,전북특별자치도,군산시,나운동,나운동,0,0,0,51599,25121,26478,51599,25121,26478
5213014500,2024-01-31,전북특별자치도,군산시,미룡동,미룡동,0,0,0,13771,7203,6568,13771,7203,6568
5213014600,2024-01-31,전북특별자치도,군산시,소룡동,소룡동,0,0,0,14350,7680,6670,14350,7680,6670
5213014700,2024-01-31,전북특별자치도,군산시,오식도동,오식도동,0,0,0,2487,1766,721,2487,1766,721
5213014800,2024-01-31,전북특별자치도,군산시,비응도동,비응도동,0,0,0,107,73,34,107,73,34
5213014900,2024-01-31,전북특별자치도,군산시,신관동,신관동,0,0,0,359,180,179,359,180,179
5213015000,2024-01-31,전북특별자치도,군산시,개사동,개사동,0,0,0,410,212,198,410,212,198
5213015100,2024-01-31,전북특별자치도,군산시,산북동,산북동,0,0,0,10201,5788,4413,10201,5788,4413
5213015200,2024-01-31,전북특별자치도,군산시,내초동,내초동,0,0,0,244,128,116,244,128,116
5213025021,2024-01-31,전북특별자치도,군산시,옥구읍,옥정리,0,0,0,228,130,98,228,130,98
5213025022,2024-01-31,전북특별자치도,군산시,옥구읍,상평리,0,0,0,367,187,180,367,187,180
5213025023,2024-01-31,전북특별자치도,군산시,옥구읍,이곡리,0,0,0,290,152,138,290,152,138
5213025024,2024-01-31,전북특별자치도,군산시,옥구읍,수산리,0,0,0,420,202,218,420,202,218
5213025025,2024-01-31,전북특별자치도,군산시,옥구읍,오곡리,0,0,0,210,106,104,210,106,104
5213025026,2024-01-31,전북특별자치도,군산시,옥구읍,선제리,0,0,0,516,268,248,516,268,248
5213025027,2024-01-31,전북특별자치도,군산시,옥구읍,어은리,0,0,0,913,462,451,913,462,451
5213031021,2024-01-31,전북특별자치도,군산시,옥산면,옥산리,0,0,0,600,324,276,600,324,276
5213031022,2024-01-31,전북특별자치도,군산시,옥산면,남내리,0,0,0,430,215,215,430,215,215
5213031023,2024-01-31,전북특별자치도,군산시,옥산면,쌍봉리,0,0,0,475,246,229,475,246,229
5213031024,2024-01-31,전북특별자치도,군산시,옥산면,당북리,0,0,0,2783,1401,1382,2783,1401,1382
5213031025,2024-01-31,전북특별자치도,군산시,옥산면,금성리,0,0,0,238,120,118,238,120,118
5213032021,2024-01-31,전북특별자치도,군산시,회현면,월연리,0,0,0,313,151,162,313,151,162
5213032022,2024-01-31,전북특별자치도,군산시,회현면,금광리,0,0,0,719,370,349,719,370,349
5213032023,2024-01-31,전북특별자치도,군산시,회현면,대정리,0,0,0,707,371,336,707,371,336
5213032024,2024-01-31,전북특별자치도,군산시,회현면,세장리,0,0,0,87,48,39,87,48,39
5213032025,2024-01-31,전북특별자치도,군산시,회현면,고사리,0,0,0,218,105,113,218,105,113
5213032026,2024-01-31,전북특별자치도,군산시,회현면,학당리,0,0,0,529,280,249,529,280,249
5213032027,2024-01-31,전북특별자치도,군산시,회현면,원우리,0,0,0,423,217,206,423,217,206
5213032028,2024-01-31,전북특별자치도,군산시,회현면,증석리,0,0,0,231,117,114,231,117,114
5213033021,2024-01-31,전북특별자치도,군산시,임피면,읍내리,0,0,0,720,351,369,720,351,369
5213033022,2024-01-31,전북특별자치도,군산시,임피면,축산리,0,0,0,172,98,74,172,98,74
5213033023,2024-01-31,전북특별자치도,군산시,임피면,미원리,0,0,0,266,128,138,266,128,138
5213033024,2024-01-31,전북특별자치도,군산시,임피면,보석리,0,0,0,306,176,130,306,176,130
5213033025,2024-01-31,전북특별자치도,군산시,임피면,술산리,0,0,0,452,219,233,452,219,233
5213033026,2024-01-31,전북특별자치도,군산시,임피면,월하리,0,0,0,301,162,139,301,162,139
5213033027,2024-01-31,전북특별자치도,군산시,임피면,영창리,0,0,0,292,153,139,292,153,139
5213034021,2024-01-31,전북특별자치도,군산시,서수면,서수리,0,0,0,902,468,434,902,468,434
5213034022,2024-01-31,전북특별자치도,군산시,서수면,축동리,0,0,0,277,120,157,277,120,157
5213034023,2024-01-31,전북특별자치도,군산시,서수면,관원리,0,0,0,173,99,74,173,99,74
5213034024,2024-01-31,전북특별자치도,군산시,서수면,마룡리,0,0,0,440,218,222,440,218,222
5213034025,2024-01-31,전북특별자치도,군산시,서수면,화등리,0,0,0,297,143,154,297,143,154
5213034026,2024-01-31,전북특별자치도,군산시,서수면,금암리,0,0,0,274,130,144,274,130,144
5213035021,2024-01-31,전북특별자치도,군산시,대야면,산월리,0,0,0,960,486,474,960,486,474
5213035022,2024-01-31,전북특별자치도,군산시,대야면,지경리,0,0,0,1660,812,848,1660,812,848
5213035023,2024-01-31,전북특별자치도,군산시,대야면,복교리,0,0,0,637,317,320,637,317,320
5213035024,2024-01-31,전북특별자치도,군산시,대야면,광교리,0,0,0,227,117,110,227,117,110
5213035025,2024-01-31,전북특별자치도,군산시,대야면,접산리,0,0,0,318,164,154,318,164,154
5213035026,2024-01-31,전북특별자치도,군산시,대야면,죽산리,0,0,0,378,197,181,378,197,181
5213035027,2024-01-31,전북특별자치도,군산시,대야면,보덕리,0,0,0,451,213,238,451,213,238
5213036021,2024-01-31,전북특별자치도,군산시,개정면,아동리,0,0,0,587,312,275,587,312,275
5213036022,2024-01-31,전북특별자치도,군산시,개정면,운회리,0,0,0,473,232,241,473,232,241
5213036023,2024-01-31,전북특별자치도,군산시,개정면,아산리,0,0,0,195,93,102,195,93,102
5213036024,2024-01-31,전북특별자치도,군산시,개정면,발산리,0,0,0,683,352,331,683,352,331
5213036025,2024-01-31,전북특별자치도,군산시,개정면,통사리,0,0,0,736,361,375,736,361,375
5213036026,2024-01-31,전북특별자치도,군산시,개정면,옥석리,0,0,0,174,88,86,174,88,86
5213037021,2024-01-31,전북특별자치도,군산시,성산면,성덕리,0,0,0,185,94,91,185,94,91
5213037022,2024-01-31,전북특별자치도,군산시,성산면,둔덕리,0,0,0,612,304,308,612,304,308
5213037023,2024-01-31,전북특별자치도,군산시,성산면,고봉리,0,0,0,461,237,224,461,237,224
5213037024,2024-01-31,전북특별자치도,군산시,성산면,도암리,0,0,0,537,255,282,537,255,282
5213037025,2024-01-31,전북특별자치도,군산시,성산면,여방리,0,0,0,294,150,144,294,150,144
5213037026,2024-01-31,전북특별자치도,군산시,성산면,대명리,0,0,0,90,43,47,90,43,47
5213037027,2024-01-31,전북특별자치도,군산시,성산면,창오리,0,0,0,215,103,112,215,103,112
5213037028,2024-01-31,전북특별자치도,군산시,성산면,산곡리,0,0,0,219,112,107,219,112,107
5213038021,2024-01-31,전북특별자치도,군산시,나포면,나포리,0,0,0,329,166,163,329,166,163
5213038022,2024-01-31,전북특별자치도,군산시,나포면,장상리,0,0,0,181,96,85,181,96,85
5213038023,2024-01-31,전북특별자치도,군산시,나포면,옥곤리,0,0,0,595,303,292,595,303,292
5213038024,2024-01-31,전북특별자치도,군산시,나포면,주곡리,0,0,0,394,206,188,394,206,188
5213038025,2024-01-31,전북특별자치도,군산시,나포면,부곡리,0,0,0,213,108,105,213,108,105
5213038026,2024-01-31,전북특별자치도,군산시,나포면,서포리,0,0,0,338,175,163,338,175,163
5213039021,2024-01-31,전북특별자치도,군산시,옥도면,개야도리,0,0,0,550,311,239,550,311,239
5213039022,2024-01-31,전북특별자치도,군산시,옥도면,연도리,0,0,0,173,103,70,173,103,70
5213039023,2024-01-31,전북특별자치도,군산시,옥도면,어청도리,0,0,0,265,162,103,265,162,103
5213039024,2024-01-31,전북특별자치도,군산시,옥도면,선유도리,0,0,0,406,224,182,406,224,182
5213039025,2024-01-31,전북특별자치도,군산시,옥도면,무녀도리,0,0,0,342,194,148,342,194,148
5213039026,2024-01-31,전북특별자치도,군산시,옥도면,신시도리,0,0,0,260,145,115,260,145,115
5213039027,2024-01-31,전북특별자치도,군산시,옥도면,야미도리,0,0,0,196,111,85,196,111,85
5213039028,2024-01-31,전북특별자치도,군산시,옥도면,장자도리,0,0,0,100,51,49,100,51,49
5213039029,2024-01-31,전북특별자치도,군산시,옥도면,관리도리,0,0,0,90,48,42,90,48,42
5213039030,2024-01-31,전북특별자치도,군산시,옥도면,말도리,0,0,0,241,134,107,241,134,107
5213039031,2024-01-31,전북특별자치도,군산시,옥도면,비안도리,0,0,0,243,132,111,243,132,111
5213039032,2024-01-31,전북특별자치도,군산시,옥도면,죽도리,0,0,0,13,10,3,13,10,3
5213039033,2024-01-31,전북특별자치도,군산시,옥도면,대장도리,0,0,0,25,13,12,25,13,12
5213039034,2024-01-31,전북특별자치도,군산시,옥도면,두리도리,0,0,0,62,37,25,62,37,25
5213040021,2024-01-31,전북특별자치도,군산시,옥서면,옥봉리,0,0,0,1693,851,842,1693,851,842
5213040022,2024-01-31,전북특별자치도,군산시,옥서면,선연리,0,0,0,1019,553,466,1019,553,466
5214010100,2024-01-31,전북특별자치도,익산시,창인동1가,창인동1가,0,0,0,1235,631,604,1235,631,604
5214010200,2024-01-31,전북특별자치도,익산시,창인동2가,창인동2가,0,0,0,361,202,159,361,202,159
5214010300,2024-01-31,전북특별자치도,익산시,중앙동1가,중앙동1가,0,0,0,172,89,83,172,89,83
5214010400,2024-01-31,전북특별자치도,익산시,중앙동2가,중앙동2가,0,0,0,178,105,73,178,105,73
5214010500,2024-01-31,전북특별자치도,익산시,중앙동3가,중앙동3가,0,0,0,329,184,145,329,184,145
5214010600,2024-01-31,전북특별자치도,익산시,평화동,평화동,0,0,0,2892,1458,1434,2892,1458,1434
5214010700,2024-01-31,전북특별자치도,익산시,갈산동,갈산동,0,0,0,787,405,382,787,405,382
5214010800,2024-01-31,전북특별자치도,익산시,주현동,주현동,0,0,0,3124,1577,1547,3124,1577,1547
5214010900,2024-01-31,전북특별자치도,익산시,인화동1가,인화동1가,0,0,0,1416,739,677,1416,739,677
5214011000,2024-01-31,전북특별자치도,익산시,인화동2가,인화동2가,0,0,0,1823,943,880,1823,943,880
5214011100,2024-01-31,전북특별자치도,익산시,동산동,동산동,0,0,0,18400,8880,9520,18400,8880,9520
5214011200,2024-01-31,전북특별자치도,익산시,마동,마동,0,0,0,9308,4706,4602,9308,4706,4602
5214011300,2024-01-31,전북특별자치도,익산시,남중동,남중동,0,0,0,10601,5416,5185,10601,5416,5185
5214011400,2024-01-31,전북특별자치도,익산시,모현동1가,모현동1가,0,0,0,28243,13681,14562,28243,13681,14562
5214011500,2024-01-31,전북특별자치도,익산시,모현동2가,모현동2가,0,0,0,9876,4801,5075,9876,4801,5075
5214011600,2024-01-31,전북특별자치도,익산시,송학동,송학동,0,0,0,9003,4464,4539,9003,4464,4539
5214011700,2024-01-31,전북특별자치도,익산시,목천동,목천동,0,0,0,1503,872,631,1503,872,631
5214011800,2024-01-31,전북특별자치도,익산시,만석동,만석동,0,0,0,300,145,155,300,145,155
5214011900,2024-01-31,전북특별자치도,익산시,현영동,현영동,0,0,0,329,171,158,329,171,158
5214012000,2024-01-31,전북특별자치도,익산시,신용동,신용동,0,0,0,2117,1040,1077,2117,1040,1077
5214012100,2024-01-31,전북특별자치도,익산시,신동,신동,0,0,0,12333,6333,6000,12333,6333,6000
5214012200,2024-01-31,전북특별자치도,익산시,영등동,영등동,0,0,0,35329,17315,18014,35329,17315,18014
5214012300,2024-01-31,전북특별자치도,익산시,어양동,어양동,0,0,0,23713,11568,12145,23713,11568,12145
5214012400,2024-01-31,전북특별자치도,익산시,신흥동,신흥동,0,0,0,505,286,219,505,286,219
5214012500,2024-01-31,전북특별자치도,익산시,금강동,금강동,0,0,0,2352,1261,1091,2352,1261,1091
5214012600,2024-01-31,전북특별자치도,익산시,석탄동,석탄동,0,0,0,582,289,293,582,289,293
5214012700,2024-01-31,전북특별자치도,익산시,팔봉동,팔봉동,0,0,0,4125,2114,2011,4125,2114,2011
5214012800,2024-01-31,전북특별자치도,익산시,덕기동,덕기동,0,0,0,633,312,321,633,312,321
5214012900,2024-01-31,전북특별자치도,익산시,석왕동,석왕동,0,0,0,280,149,131,280,149,131
5214013000,2024-01-31,전북특별자치도,익산시,은기동,은기동,0,0,0,313,165,148,313,165,148
5214013100,2024-01-31,전북특별자치도,익산시,정족동,정족동,0,0,0,206,97,109,206,97,109
5214013200,2024-01-31,전북특별자치도,익산시,임상동,임상동,0,0,0,445,225,220,445,225,220
5214013300,2024-01-31,전북특별자치도,익산시,월성동,월성동,0,0,0,489,238,251,489,238,251
5214013400,2024-01-31,전북특별자치도,익산시,부송동,부송동,0,0,0,30499,15066,15433,30499,15066,15433
5214013500,2024-01-31,전북특별자치도,익산시,용제동,용제동,0,0,0,434,237,197,434,237,197
5214013600,2024-01-31,전북특별자치도,익산시,석암동,석암동,0,0,0,388,212,176,388,212,176
5214025021,2024-01-31,전북특별자치도,익산시,함열읍,와리,0,0,0,4605,2219,2386,4605,2219,2386
5214025022,2024-01-31,전북특별자치도,익산시,함열읍,남당리,0,0,0,450,226,224,450,226,224
5214025023,2024-01-31,전북특별자치도,익산시,함열읍,흘산리,0,0,0,294,155,139,294,155,139
5214025024,2024-01-31,전북특별자치도,익산시,함열읍,석매리,0,0,0,564,287,277,564,287,277
5214025025,2024-01-31,전북특별자치도,익산시,함열읍,용지리,0,0,0,125,65,60,125,65,60
5214025026,2024-01-31,전북특별자치도,익산시,함열읍,다송리,0,0,0,339,178,161,339,178,161
5214031021,2024-01-31,전북특별자치도,익산시,오산면,송학리,0,0,0,258,142,116,258,142,116
5214031022,2024-01-31,전북특별자치도,익산시,오산면,장신리,0,0,0,4376,2108,2268,4376,2108,2268
5214031023,2024-01-31,전북특별자치도,익산시,오산면,영만리,0,0,0,489,248,241,489,248,241
5214031024,2024-01-31,전북특별자치도,익산시,오산면,오산리,0,0,0,747,375,372,747,375,372
5214031025,2024-01-31,전북특별자치도,익산시,오산면,신지리,0,0,0,745,372,373,745,372,373
5214031026,2024-01-31,전북특별자치도,익산시,오산면,남전리,0,0,0,449,218,231,449,218,231
5214031027,2024-01-31,전북특별자치도,익산시,오산면,목천리,0,0,0,167,88,79,167,88,79
5214032021,2024-01-31,전북특별자치도,익산시,황등면,황등리,0,0,0,3569,1784,1785,3569,1784,1785
5214032022,2024-01-31,전북특별자치도,익산시,황등면,동연리,0,0,0,389,187,202,389,187,202
5214032023,2024-01-31,전북특별자치도,익산시,황등면,죽촌리,0,0,0,556,280,276,556,280,276
5214032024,2024-01-31,전북특별자치도,익산시,황등면,신성리,0,0,0,227,110,117,227,110,117
5214032025,2024-01-31,전북특별자치도,익산시,황등면,구자리,0,0,0,221,116,105,221,116,105
5214032026,2024-01-31,전북특별자치도,익산시,황등면,용산리,0,0,0,393,218,175,393,218,175
5214032027,2024-01-31,전북특별자치도,익산시,황등면,율촌리,0,0,0,814,432,382,814,432,382
5214032028,2024-01-31,전북특별자치도,익산시,황등면,신기리,0,0,0,405,199,206,405,199,206
5214033021,2024-01-31,전북특별자치도,익산시,함라면,함열리,0,0,0,455,220,235,455,220,235
5214033022,2024-01-31,전북특별자치도,익산시,함라면,금성리,0,0,0,203,108,95,203,108,95
5214033023,2024-01-31,전북특별자치도,익산시,함라면,신대리,0,0,0,314,155,159,314,155,159
5214033024,2024-01-31,전북특별자치도,익산시,함라면,다망리,0,0,0,315,149,166,315,149,166
5214033025,2024-01-31,전북특별자치도,익산시,함라면,신등리,0,0,0,388,205,183,388,205,183
5214033026,2024-01-31,전북특별자치도,익산시,함라면,신목리,0,0,0,434,213,221,434,213,221
5214034021,2024-01-31,전북특별자치도,익산시,웅포면,입점리,0,0,0,152,74,78,152,74,78
5214034022,2024-01-31,전북특별자치도,익산시,웅포면,웅포리,0,0,0,185,79,106,185,79,106
5214034023,2024-01-31,전북특별자치도,익산시,웅포면,송천리,0,0,0,200,110,90,200,110,90
5214034024,2024-01-31,전북특별자치도,익산시,웅포면,고창리,0,0,0,167,84,83,167,84,83
5214034025,2024-01-31,전북특별자치도,익산시,웅포면,맹산리,0,0,0,245,123,122,245,123,122
5214034026,2024-01-31,전북특별자치도,익산시,웅포면,제성리,0,0,0,257,137,120,257,137,120
5214034027,2024-01-31,전북특별자치도,익산시,웅포면,대붕암리,0,0,0,260,140,120,260,140,120
5214035021,2024-01-31,전북특별자치도,익산시,성당면,장선리,0,0,0,270,143,127,270,143,127
5214035022,2024-01-31,전북특별자치도,익산시,성당면,와초리,0,0,0,295,144,151,295,144,151
5214035023,2024-01-31,전북특별자치도,익산시,성당면,대선리,0,0,0,226,112,114,226,112,114
5214035024,2024-01-31,전북특별자치도,익산시,성당면,갈산리,0,0,0,308,151,157,308,151,157
5214035025,2024-01-31,전북특별자치도,익산시,성당면,두동리,0,0,0,323,173,150,323,173,150
5214035026,2024-01-31,전북특별자치도,익산시,성당면,성당리,0,0,0,256,122,134,256,122,134
5214035027,2024-01-31,전북특별자치도,익산시,성당면,부곡리,0,0,0,83,44,39,83,44,39
5214036021,2024-01-31,전북특별자치도,익산시,용안면,교동리,0,0,0,389,201,188,389,201,188
5214036022,2024-01-31,전북특별자치도,익산시,용안면,덕용리,0,0,0,237,108,129,237,108,129
5214036023,2024-01-31,전북특별자치도,익산시,용안면,중신리,0,0,0,317,166,151,317,166,151
5214036024,2024-01-31,전북특별자치도,익산시,용안면,창리,0,0,0,260,132,128,260,132,128
5214036025,2024-01-31,전북특별자치도,익산시,용안면,용두리,0,0,0,131,63,68,131,63,68
5214036026,2024-01-31,전북특별자치도,익산시,용안면,법성리,0,0,0,208,100,108,208,100,108
5214036027,2024-01-31,전북특별자치도,익산시,용안면,석동리,0,0,0,153,78,75,153,78,75
5214036028,2024-01-31,전북특별자치도,익산시,용안면,난포리,0,0,0,125,68,57,125,68,57
5214036029,2024-01-31,전북특별자치도,익산시,용안면,송산리,0,0,0,198,106,92,198,106,92
5214036030,2024-01-31,전북특별자치도,익산시,용안면,동지산리,0,0,0,193,88,105,193,88,105
5214036031,2024-01-31,전북특별자치도,익산시,용안면,칠목리,0,0,0,271,139,132,271,139,132
5214037021,2024-01-31,전북특별자치도,익산시,낭산면,삼담리,0,0,0,526,272,254,526,272,254
5214037022,2024-01-31,전북특별자치도,익산시,낭산면,호암리,0,0,0,267,134,133,267,134,133
5214037023,2024-01-31,전북특별자치도,익산시,낭산면,석천리,0,0,0,500,268,232,500,268,232
5214037024,2024-01-31,전북특별자치도,익산시,낭산면,낭산리,0,0,0,354,190,164,354,190,164
5214037025,2024-01-31,전북특별자치도,익산시,낭산면,성남리,0,0,0,271,142,129,271,142,129
5214037026,2024-01-31,전북특별자치도,익산시,낭산면,구평리,0,0,0,309,163,146,309,163,146
5214037027,2024-01-31,전북특별자치도,익산시,낭산면,용기리,0,0,0,583,311,272,583,311,272
5214038021,2024-01-31,전북특별자치도,익산시,망성면,신작리,0,0,0,515,261,254,515,261,254
5214038022,2024-01-31,전북특별자치도,익산시,망성면,화산리,0,0,0,662,328,334,662,328,334
5214038023,2024-01-31,전북특별자치도,익산시,망성면,장선리,0,0,0,212,112,100,212,112,100
5214038024,2024-01-31,전북특별자치도,익산시,망성면,어량리,0,0,0,487,253,234,487,253,234
5214038025,2024-01-31,전북특별자치도,익산시,망성면,내촌리,0,0,0,471,229,242,471,229,242
5214038026,2024-01-31,전북특별자치도,익산시,망성면,무형리,0,0,0,422,207,215,422,207,215
5214039021,2024-01-31,전북특별자치도,익산시,여산면,여산리,0,0,0,602,295,307,602,295,307
5214039022,2024-01-31,전북특별자치도,익산시,여산면,제남리,0,0,0,471,249,222,471,249,222
5214039023,2024-01-31,전북특별자치도,익산시,여산면,원수리,0,0,0,423,218,205,423,218,205
5214039024,2024-01-31,전북특별자치도,익산시,여산면,호산리,0,0,0,359,179,180,359,179,180
5214039025,2024-01-31,전북특별자치도,익산시,여산면,태성리,0,0,0,286,148,138,286,148,138
5214039026,2024-01-31,전북특별자치도,익산시,여산면,두여리,0,0,0,893,464,429,893,464,429
5214040021,2024-01-31,전북특별자치도,익산시,금마면,동고도리,0,0,0,2718,1365,1353,2718,1365,1353
5214040022,2024-01-31,전북특별자치도,익산시,금마면,서고도리,0,0,0,871,457,414,871,457,414
5214040023,2024-01-31,전북특별자치도,익산시,금마면,신용리,0,0,0,582,352,230,582,352,230
5214040024,2024-01-31,전북특별자치도,익산시,금마면,산북리,0,0,0,61,35,26,61,35,26
5214040025,2024-01-31,전북특별자치도,익산시,금마면,용순리,0,0,0,506,256,250,506,256,250
5214040026,2024-01-31,전북특별자치도,익산시,금마면,기양리,0,0,0,308,163,145,308,163,145
5214040027,2024-01-31,전북특별자치도,익산시,금마면,갈산리,0,0,0,149,68,81,149,68,81
5214041021,2024-01-31,전북특별자치도,익산시,왕궁면,광암리,0,0,0,314,186,128,314,186,128
5214041022,2024-01-31,전북특별자치도,익산시,왕궁면,흥암리,0,0,0,1453,762,691,1453,762,691
5214041023,2024-01-31,전북특별자치도,익산시,왕궁면,구덕리,0,0,0,479,241,238,479,241,238
5214041024,2024-01-31,전북특별자치도,익산시,왕궁면,온수리,0,0,0,714,336,378,714,336,378
5214041025,2024-01-31,전북특별자치도,익산시,왕궁면,쌍제리,0,0,0,149,81,68,149,81,68
5214041026,2024-01-31,전북특별자치도,익산시,왕궁면,발산리,0,0,0,250,131,119,250,131,119
5214041027,2024-01-31,전북특별자치도,익산시,왕궁면,평장리,0,0,0,172,92,80,172,92,80
5214041028,2024-01-31,전북특별자치도,익산시,왕궁면,동촌리,0,0,0,197,96,101,197,96,101
5214041029,2024-01-31,전북특별자치도,익산시,왕궁면,도순리,0,0,0,223,117,106,223,117,106
5214041030,2024-01-31,전북특별자치도,익산시,왕궁면,용화리,0,0,0,115,62,53,115,62,53
5214041031,2024-01-31,전북특별자치도,익산시,왕궁면,동봉리,0,0,0,173,97,76,173,97,76
5214041032,2024-01-31,전북특별자치도,익산시,왕궁면,동용리,0,0,0,219,107,112,219,107,112
5214041033,2024-01-31,전북특별자치도,익산시,왕궁면,왕궁리,0,0,0,294,149,145,294,149,145
5214042022,2024-01-31,전북특별자치도,익산시,춘포면,덕실리,0,0,0,278,138,140,278,138,140
5214042023,2024-01-31,전북특별자치도,익산시,춘포면,삼포리,0,0,0,65,27,38,65,27,38
5214042024,2024-01-31,전북특별자치도,익산시,춘포면,오산리,0,0,0,300,152,148,300,152,148
5214042025,2024-01-31,전북특별자치도,익산시,춘포면,신동리,0,0,0,261,139,122,261,139,122
5214042026,2024-01-31,전북특별자치도,익산시,춘포면,창평리,0,0,0,356,182,174,356,182,174
5214042027,2024-01-31,전북특별자치도,익산시,춘포면,천서리,0,0,0,285,143,142,285,143,142
5214042028,2024-01-31,전북특별자치도,익산시,춘포면,천동리,0,0,0,207,108,99,207,108,99
5214042029,2024-01-31,전북특별자치도,익산시,춘포면,쌍정리,0,0,0,982,526,456,982,526,456
5214042030,2024-01-31,전북특별자치도,익산시,춘포면,인수리,0,0,0,333,162,171,333,162,171
5214042031,2024-01-31,전북특별자치도,익산시,춘포면,용연리,0,0,0,476,250,226,476,250,226
5214042032,2024-01-31,전북특별자치도,익산시,춘포면,춘포리,0,0,0,778,397,381,778,397,381
5214043021,2024-01-31,전북특별자치도,익산시,삼기면,간촌리,0,0,0,466,234,232,466,234,232
5214043022,2024-01-31,전북특별자치도,익산시,삼기면,서두리,0,0,0,427,201,226,427,201,226
5214043023,2024-01-31,전북특별자치도,익산시,삼기면,오룡리,0,0,0,381,197,184,381,197,184
5214043024,2024-01-31,전북특별자치도,익산시,삼기면,연동리,0,0,0,340,191,149,340,191,149
5214043025,2024-01-31,전북특별자치도,익산시,삼기면,기산리,0,0,0,478,244,234,478,244,234
5214043026,2024-01-31,전북특별자치도,익산시,삼기면,용연리,0,0,0,400,211,189,400,211,189
5214044021,2024-01-31,전북특별자치도,익산시,용동면,흥왕리,0,0,0,212,114,98,212,114,98
5214044022,2024-01-31,전북특별자치도,익산시,용동면,구산리,0,0,0,149,72,77,149,72,77
5214044023,2024-01-31,전북특별자치도,익산시,용동면,용성리,0,0,0,189,87,102,189,87,102
5214044024,2024-01-31,전북특별자치도,익산시,용동면,대조리,0,0,0,448,224,224,448,224,224
5214044025,2024-01-31,전북특별자치도,익산시,용동면,화실리,0,0,0,270,136,134,270,136,134
5214044026,2024-01-31,전북특별자치도,익산시,용동면,화배리,0,0,0,165,78,87,165,78,87
5218010100,2024-01-31,전북특별자치도,정읍시,수성동,수성동,0,0,0,16039,8118,7921,16039,8118,7921
5218010200,2024-01-31,전북특별자치도,정읍시,장명동,장명동,0,0,0,652,301,351,652,301,351
5218010300,2024-01-31,전북특별자치도,정읍시,상동,상동,0,0,0,18625,8959,9666,18625,8959,9666
5218010400,2024-01-31,전북특별자치도,정읍시,시기동,시기동,0,0,0,12988,6376,6612,12988,6376,6612
5218010500,2024-01-31,전북특별자치도,정읍시,연지동,연지동,0,0,0,5742,2831,2911,5742,2831,2911
5218010600,2024-01-31,전북특별자치도,정읍시,농소동,농소동,0,0,0,1910,894,1016,1910,894,1016
5218010700,2024-01-31,전북특별자치도,정읍시,하모동,하모동,0,0,0,297,148,149,297,148,149
5218010800,2024-01-31,전북특별자치도,정읍시,상평동,상평동,0,0,0,1360,674,686,1360,674,686
5218010900,2024-01-31,전북특별자치도,정읍시,과교동,과교동,0,0,0,370,181,189,370,181,189
5218011000,2024-01-31,전북특별자치도,정읍시,삼산동,삼산동,0,0,0,163,78,85,163,78,85
5218011100,2024-01-31,전북특별자치도,정읍시,진산동,진산동,0,0,0,168,84,84,168,84,84
5218011200,2024-01-31,전북특별자치도,정읍시,금붕동,금붕동,0,0,0,1043,501,542,1043,501,542
5218011300,2024-01-31,전북특별자치도,정읍시,송산동,송산동,0,0,0,676,344,332,676,344,332
5218011400,2024-01-31,전북특별자치도,정읍시,신월동,신월동,0,0,0,205,106,99,205,106,99
5218011500,2024-01-31,전북특별자치도,정읍시,용산동,용산동,0,0,0,106,57,49,106,57,49
5218011600,2024-01-31,전북특별자치도,정읍시,교암동,교암동,0,0,0,331,175,156,331,175,156
5218011700,2024-01-31,전북특별자치도,정읍시,부전동,부전동,0,0,0,360,185,175,360,185,175
5218011800,2024-01-31,전북특별자치도,정읍시,쌍암동,쌍암동,0,0,0,290,147,143,290,147,143
5218011900,2024-01-31,전북특별자치도,정읍시,내장동,내장동,0,0,0,297,158,139,297,158,139
5218012000,2024-01-31,전북특별자치도,정읍시,영파동,영파동,0,0,0,89,51,38,89,51,38
5218012100,2024-01-31,전북특별자치도,정읍시,하북동,하북동,0,0,0,415,239,176,415,239,176
5218012200,2024-01-31,전북특별자치도,정읍시,구룡동,구룡동,0,0,0,1641,843,798,1641,843,798
5218012300,2024-01-31,전북특별자치도,정읍시,흑암동,흑암동,0,0,0,263,129,134,263,129,134
5218012400,2024-01-31,전북특별자치도,정읍시,용계동,용계동,0,0,0,402,208,194,402,208,194
5218012500,2024-01-31,전북특별자치도,정읍시,공평동,공평동,0,0,0,800,389,411,800,389,411
5218012600,2024-01-31,전북특별자치도,정읍시,망제동,망제동,0,0,0,324,174,150,324,174,150
5218012700,2024-01-31,전북특별자치도,정읍시,신정동,신정동,0,0,0,1234,694,540,1234,694,540
5218025021,2024-01-31,전북특별자치도,정읍시,신태인읍,신태인리,0,0,0,2411,1178,1233,2411,1178,1233
5218025022,2024-01-31,전북특별자치도,정읍시,신태인읍,우령리,0,0,0,240,118,122,240,118,122
5218025023,2024-01-31,전북특별자치도,정읍시,신태인읍,신덕리,0,0,0,159,78,81,159,78,81
5218025024,2024-01-31,전북특별자치도,정읍시,신태인읍,청천리,0,0,0,82,41,41,82,41,41
5218025025,2024-01-31,전북특별자치도,정읍시,신태인읍,화호리,0,0,0,360,163,197,360,163,197
5218025026,2024-01-31,전북특별자치도,정읍시,신태인읍,육리,0,0,0,99,41,58,99,41,58
5218025027,2024-01-31,전북특별자치도,정읍시,신태인읍,연정리,0,0,0,448,223,225,448,223,225
5218025028,2024-01-31,전북특별자치도,정읍시,신태인읍,신용리,0,0,0,162,82,80,162,82,80
5218025029,2024-01-31,전북특별자치도,정읍시,신태인읍,양괴리,0,0,0,367,182,185,367,182,185
5218025030,2024-01-31,전북특별자치도,정읍시,신태인읍,구석리,0,0,0,373,189,184,373,189,184
5218025031,2024-01-31,전북특별자치도,정읍시,신태인읍,백산리,0,0,0,362,190,172,362,190,172
5218031021,2024-01-31,전북특별자치도,정읍시,북면,한교리,0,0,0,555,304,251,555,304,251
5218031022,2024-01-31,전북특별자치도,정읍시,북면,승부리,0,0,0,302,147,155,302,147,155
5218031023,2024-01-31,전북특별자치도,정읍시,북면,신평리,0,0,0,198,91,107,198,91,107
5218031024,2024-01-31,전북특별자치도,정읍시,북면,복흥리,0,0,0,228,108,120,228,108,120
5218031025,2024-01-31,전북특별자치도,정읍시,북면,태곡리,0,0,0,237,124,113,237,124,113
5218031026,2024-01-31,전북특별자치도,정읍시,북면,보림리,0,0,0,189,98,91,189,98,91
5218031027,2024-01-31,전북특별자치도,정읍시,북면,마정리,0,0,0,444,228,216,444,228,216
5218031028,2024-01-31,전북특별자치도,정읍시,북면,화해리,0,0,0,1377,694,683,1377,694,683
5218031029,2024-01-31,전북특별자치도,정읍시,북면,남산리,0,0,0,294,148,146,294,148,146
5218031030,2024-01-31,전북특별자치도,정읍시,북면,장학리,0,0,0,132,65,67,132,65,67
5218032021,2024-01-31,전북특별자치도,정읍시,입암면,지선리,0,0,0,55,26,29,55,26,29
5218032022,2024-01-31,전북특별자치도,정읍시,입암면,단곡리,0,0,0,400,194,206,400,194,206
5218032023,2024-01-31,전북특별자치도,정읍시,입암면,연월리,0,0,0,157,88,69,157,88,69
5218032024,2024-01-31,전북특별자치도,정읍시,입암면,천원리,0,0,0,249,132,117,249,132,117
5218032025,2024-01-31,전북특별자치도,정읍시,입암면,등천리,0,0,0,144,73,71,144,73,71
5218032026,2024-01-31,전북특별자치도,정읍시,입암면,하부리,0,0,0,390,189,201,390,189,201
5218032027,2024-01-31,전북특별자치도,정읍시,입암면,접지리,0,0,0,194,93,101,194,93,101
5218032028,2024-01-31,전북특별자치도,정읍시,입암면,신면리,0,0,0,319,164,155,319,164,155
5218032029,2024-01-31,전북특별자치도,정읍시,입암면,마석리,0,0,0,46,23,23,46,23,23
5218032030,2024-01-31,전북특별자치도,정읍시,입암면,봉양리,0,0,0,176,88,88,176,88,88
5218032031,2024-01-31,전북특별자치도,정읍시,입암면,대흥리,0,0,0,523,255,268,523,255,268
5218033021,2024-01-31,전북특별자치도,정읍시,소성면,주천리,0,0,0,228,128,100,228,128,100
5218033022,2024-01-31,전북특별자치도,정읍시,소성면,보화리,0,0,0,326,162,164,326,162,164
5218033023,2024-01-31,전북특별자치도,정읍시,소성면,등계리,0,0,0,194,105,89,194,105,89
5218033024,2024-01-31,전북특별자치도,정읍시,소성면,용정리,0,0,0,130,70,60,130,70,60
5218033025,2024-01-31,전북특별자치도,정읍시,소성면,화룡리,0,0,0,134,60,74,134,60,74
5218033026,2024-01-31,전북특별자치도,정읍시,소성면,고교리,0,0,0,202,105,97,202,105,97
5218033027,2024-01-31,전북특별자치도,정읍시,소성면,애당리,0,0,0,157,78,79,157,78,79
5218033028,2024-01-31,전북특별자치도,정읍시,소성면,중광리,0,0,0,221,112,109,221,112,109
5218033029,2024-01-31,전북특별자치도,정읍시,소성면,신천리,0,0,0,324,165,159,324,165,159
5218033030,2024-01-31,전북특별자치도,정읍시,소성면,기린리,0,0,0,90,46,44,90,46,44
5218034021,2024-01-31,전북특별자치도,정읍시,고부면,관청리,0,0,0,279,132,147,279,132,147
5218034022,2024-01-31,전북특별자치도,정읍시,고부면,백운리,0,0,0,165,82,83,165,82,83
5218034023,2024-01-31,전북특별자치도,정읍시,고부면,만화리,0,0,0,90,50,40,90,50,40
5218034024,2024-01-31,전북특별자치도,정읍시,고부면,신중리,0,0,0,182,97,85,182,97,85
5218034025,2024-01-31,전북특별자치도,정읍시,고부면,고부리,0,0,0,166,83,83,166,83,83
5218034026,2024-01-31,전북특별자치도,정읍시,고부면,덕안리,0,0,0,378,204,174,378,204,174
5218034027,2024-01-31,전북특별자치도,정읍시,고부면,신흥리,0,0,0,108,48,60,108,48,60
5218034028,2024-01-31,전북특별자치도,정읍시,고부면,강고리,0,0,0,204,99,105,204,99,105
5218034029,2024-01-31,전북특별자치도,정읍시,고부면,남복리,0,0,0,140,65,75,140,65,75
5218034030,2024-01-31,전북특별자치도,정읍시,고부면,장문리,0,0,0,210,99,111,210,99,111
5218034031,2024-01-31,전북특별자치도,정읍시,고부면,용흥리,0,0,0,197,92,105,197,92,105
5218034032,2024-01-31,전북특별자치도,정읍시,고부면,입석리,0,0,0,220,112,108,220,112,108
5218034033,2024-01-31,전북특별자치도,정읍시,고부면,만수리,0,0,0,337,169,168,337,169,168
5218035021,2024-01-31,전북특별자치도,정읍시,영원면,은선리,0,0,0,157,69,88,157,69,88
5218035022,2024-01-31,전북특별자치도,정읍시,영원면,신영리,0,0,0,101,41,60,101,41,60
5218035023,2024-01-31,전북특별자치도,정읍시,영원면,장재리,0,0,0,293,152,141,293,152,141
5218035024,2024-01-31,전북특별자치도,정읍시,영원면,풍월리,0,0,0,396,203,193,396,203,193
5218035025,2024-01-31,전북특별자치도,정읍시,영원면,앵성리,0,0,0,302,150,152,302,150,152
5218035026,2024-01-31,전북특별자치도,정읍시,영원면,운학리,0,0,0,259,132,127,259,132,127
5218035027,2024-01-31,전북특별자치도,정읍시,영원면,후지리,0,0,0,157,83,74,157,83,74
5218036021,2024-01-31,전북특별자치도,정읍시,덕천면,하학리,0,0,0,245,126,119,245,126,119
5218036022,2024-01-31,전북특별자치도,정읍시,덕천면,상학리,0,0,0,211,116,95,211,116,95
5218036023,2024-01-31,전북특별자치도,정읍시,덕천면,신월리,0,0,0,270,135,135,270,135,135
5218036024,2024-01-31,전북특별자치도,정읍시,덕천면,우덕리,0,0,0,402,197,205,402,197,205
5218036025,2024-01-31,전북특별자치도,정읍시,덕천면,달천리,0,0,0,277,137,140,277,137,140
5218036026,2024-01-31,전북특별자치도,정읍시,덕천면,도계리,0,0,0,278,149,129,278,149,129
5218037021,2024-01-31,전북특별자치도,정읍시,이평면,장내리,0,0,0,142,70,72,142,70,72
5218037022,2024-01-31,전북특별자치도,정읍시,이평면,청량리,0,0,0,124,65,59,124,65,59
5218037023,2024-01-31,전북특별자치도,정읍시,이평면,팔선리,0,0,0,150,65,85,150,65,85
5218037024,2024-01-31,전북특별자치도,정읍시,이평면,산매리,0,0,0,105,59,46,105,59,46
5218037025,2024-01-31,전북특별자치도,정읍시,이평면,두지리,0,0,0,181,82,99,181,82,99
5218037026,2024-01-31,전북특별자치도,정읍시,이평면,평령리,0,0,0,188,91,97,188,91,97
5218037027,2024-01-31,전북특별자치도,정읍시,이평면,창동리,0,0,0,262,140,122,262,140,122
5218037028,2024-01-31,전북특별자치도,정읍시,이평면,하송리,0,0,0,123,56,67,123,56,67
5218037029,2024-01-31,전북특별자치도,정읍시,이평면,마항리,0,0,0,161,80,81,161,80,81
5218037030,2024-01-31,전북특별자치도,정읍시,이평면,두전리,0,0,0,221,108,113,221,108,113
5218037031,2024-01-31,전북특별자치도,정읍시,이평면,오금리,0,0,0,240,118,122,240,118,122
5218038021,2024-01-31,전북특별자치도,정읍시,정우면,우일리,0,0,0,203,113,90,203,113,90
5218038022,2024-01-31,전북특별자치도,정읍시,정우면,산북리,0,0,0,242,120,122,242,120,122
5218038023,2024-01-31,전북특별자치도,정읍시,정우면,대사리,0,0,0,192,107,85,192,107,85
5218038024,2024-01-31,전북특별자치도,정읍시,정우면,화천리,0,0,0,187,95,92,187,95,92
5218038025,2024-01-31,전북특별자치도,정읍시,정우면,회룡리,0,0,0,212,114,98,212,114,98
5218038026,2024-01-31,전북특별자치도,정읍시,정우면,장순리,0,0,0,312,156,156,312,156,156
5218038027,2024-01-31,전북특별자치도,정읍시,정우면,초강리,0,0,0,339,159,180,339,159,180
5218038028,2024-01-31,전북특별자치도,정읍시,정우면,대산리,0,0,0,133,62,71,133,62,71
5218038030,2024-01-31,전북특별자치도,정읍시,정우면,수금리,0,0,0,218,100,118,218,100,118
5218038031,2024-01-31,전북특별자치도,정읍시,정우면,우산리,0,0,0,330,170,160,330,170,160
5218039021,2024-01-31,전북특별자치도,정읍시,태인면,박산리,0,0,0,171,84,87,171,84,87
5218039022,2024-01-31,전북특별자치도,정읍시,태인면,오봉리,0,0,0,247,129,118,247,129,118
5218039023,2024-01-31,전북특별자치도,정읍시,태인면,궁사리,0,0,0,163,83,80,163,83,80
5218039024,2024-01-31,전북특별자치도,정읍시,태인면,태성리,0,0,0,402,210,192,402,210,192
5218039025,2024-01-31,전북특별자치도,정읍시,태인면,거산리,0,0,0,152,79,73,152,79,73
5218039026,2024-01-31,전북특별자치도,정읍시,태인면,증산리,0,0,0,155,82,73,155,82,73
5218039027,2024-01-31,전북특별자치도,정읍시,태인면,태흥리,0,0,0,360,167,193,360,167,193
5218039028,2024-01-31,전북특별자치도,정읍시,태인면,고천리,0,0,0,175,86,89,175,86,89
5218039029,2024-01-31,전북특별자치도,정읍시,태인면,낙양리,0,0,0,180,87,93,180,87,93
5218039030,2024-01-31,전북특별자치도,정읍시,태인면,태창리,0,0,0,653,320,333,653,320,333
5218039031,2024-01-31,전북특별자치도,정읍시,태인면,태남리,0,0,0,140,71,69,140,71,69
5218039032,2024-01-31,전북특별자치도,정읍시,태인면,매계리,0,0,0,162,83,79,162,83,79
5218039033,2024-01-31,전북특별자치도,정읍시,태인면,오류리,0,0,0,51,29,22,51,29,22
5218039034,2024-01-31,전북특별자치도,정읍시,태인면,태서리,0,0,0,266,139,127,266,139,127
5218040021,2024-01-31,전북특별자치도,정읍시,감곡면,승방리,0,0,0,203,110,93,203,110,93
5218040022,2024-01-31,전북특별자치도,정읍시,감곡면,계룡리,0,0,0,186,97,89,186,97,89
5218040023,2024-01-31,전북특별자치도,정읍시,감곡면,삼평리,0,0,0,145,75,70,145,75,70
5218040024,2024-01-31,전북특별자치도,정읍시,감곡면,방교리,0,0,0,402,202,200,402,202,200
5218040025,2024-01-31,전북특별자치도,정읍시,감곡면,오주리,0,0,0,172,87,85,172,87,85
5218040026,2024-01-31,전북특별자치도,정읍시,감곡면,진흥리,0,0,0,406,208,198,406,208,198
5218040027,2024-01-31,전북특별자치도,정읍시,감곡면,통석리,0,0,0,331,170,161,331,170,161
5218040028,2024-01-31,전북특별자치도,정읍시,감곡면,화봉리,0,0,0,176,89,87,176,89,87
5218040029,2024-01-31,전북특별자치도,정읍시,감곡면,용곽리,0,0,0,193,101,92,193,101,92
5218040030,2024-01-31,전북특별자치도,정읍시,감곡면,유정리,0,0,0,300,150,150,300,150,150
5218040031,2024-01-31,전북특별자치도,정읍시,감곡면,대신리,0,0,0,137,68,69,137,68,69
5218041021,2024-01-31,전북특별자치도,정읍시,옹동면,비봉리,0,0,0,159,78,81,159,78,81
5218041022,2024-01-31,전북특별자치도,정읍시,옹동면,매정리,0,0,0,295,157,138,295,157,138
5218041023,2024-01-31,전북특별자치도,정읍시,옹동면,산성리,0,0,0,266,139,127,266,139,127
5218041024,2024-01-31,전북특별자치도,정읍시,옹동면,상산리,0,0,0,90,45,45,90,45,45
5218041025,2024-01-31,전북특별자치도,정읍시,옹동면,칠석리,0,0,0,315,155,160,315,155,160
5218041026,2024-01-31,전북특별자치도,정읍시,옹동면,용호리,0,0,0,161,79,82,161,79,82
5218041027,2024-01-31,전북특별자치도,정읍시,옹동면,오성리,0,0,0,303,171,132,303,171,132
5218042021,2024-01-31,전북특별자치도,정읍시,칠보면,백암리,0,0,0,394,216,178,394,216,178
5218042022,2024-01-31,전북특별자치도,정읍시,칠보면,축현리,0,0,0,115,53,62,115,53,62
5218042023,2024-01-31,전북특별자치도,정읍시,칠보면,와우리,0,0,0,179,88,91,179,88,91
5218042024,2024-01-31,전북특별자치도,정읍시,칠보면,무성리,0,0,0,367,191,176,367,191,176
5218042025,2024-01-31,전북특별자치도,정읍시,칠보면,시산리,0,0,0,668,329,339,668,329,339
5218042026,2024-01-31,전북특별자치도,정읍시,칠보면,반곡리,0,0,0,375,199,176,375,199,176
5218042027,2024-01-31,전북특별자치도,정읍시,칠보면,수청리,0,0,0,49,28,21,49,28,21
5218043021,2024-01-31,전북특별자치도,정읍시,산내면,두월리,0,0,0,176,90,86,176,90,86
5218043022,2024-01-31,전북특별자치도,정읍시,산내면,장금리,0,0,0,214,110,104,214,110,104
5218043023,2024-01-31,전북특별자치도,정읍시,산내면,매죽리,0,0,0,152,80,72,152,80,72
5218043024,2024-01-31,전북특별자치도,정읍시,산내면,예덕리,0,0,0,150,69,81,150,69,81
5218043025,2024-01-31,전북특별자치도,정읍시,산내면,능교리,0,0,0,337,176,161,337,176,161
5218043026,2024-01-31,전북특별자치도,정읍시,산내면,종성리,0,0,0,170,87,83,170,87,83
5218044021,2024-01-31,전북특별자치도,정읍시,산외면,정량리,0,0,0,369,192,177,369,192,177
5218044022,2024-01-31,전북특별자치도,정읍시,산외면,평사리,0,0,0,327,164,163,327,164,163
5218044023,2024-01-31,전북특별자치도,정읍시,산외면,화죽리,0,0,0,259,138,121,259,138,121
5218044024,2024-01-31,전북특별자치도,정읍시,산외면,동곡리,0,0,0,229,118,111,229,118,111
5218044025,2024-01-31,전북특별자치도,정읍시,산외면,상두리,0,0,0,278,152,126,278,152,126
5218044026,2024-01-31,전북특별자치도,정읍시,산외면,오공리,0,0,0,283,143,140,283,143,140
5218044027,2024-01-31,전북특별자치도,정읍시,산외면,목욕리,0,0,0,94,45,49,94,45,49
5218044028,2024-01-31,전북특별자치도,정읍시,산외면,종산리,0,0,0,131,70,61,131,70,61
5219010100,2024-01-31,전북특별자치도,남원시,동충동,동충동,0,0,0,3076,1473,1603,3076,1473,1603
5219010200,2024-01-31,전북특별자치도,남원시,하정동,하정동,0,0,0,771,392,379,771,392,379
5219010300,2024-01-31,전북특별자치도,남원시,죽항동,죽항동,0,0,0,1717,788,929,1717,788,929
5219010400,2024-01-31,전북특별자치도,남원시,쌍교동,쌍교동,0,0,0,540,252,288,540,252,288
5219010500,2024-01-31,전북특별자치도,남원시,천거동,천거동,0,0,0,232,104,128,232,104,128
5219010600,2024-01-31,전북특별자치도,남원시,금동,금동,0,0,0,3560,1681,1879,3560,1681,1879
5219010700,2024-01-31,전북특별자치도,남원시,조산동,조산동,0,0,0,2413,1187,1226,2413,1187,1226
5219010800,2024-01-31,전북특별자치도,남원시,왕정동,왕정동,0,0,0,3293,1596,1697,3293,1596,1697
5219010900,2024-01-31,전북특별자치도,남원시,신정동,신정동,0,0,0,1350,661,689,1350,661,689
5219011000,2024-01-31,전북특별자치도,남원시,화정동,화정동,0,0,0,339,164,175,339,164,175
5219011100,2024-01-31,전북특별자치도,남원시,향교동,향교동,0,0,0,5300,2586,2714,5300,2586,2714
5219011200,2024-01-31,전북특별자치도,남원시,용정동,용정동,0,0,0,240,132,108,240,132,108
5219011300,2024-01-31,전북특별자치도,남원시,광치동,광치동,0,0,0,580,356,224,580,356,224
5219011400,2024-01-31,전북특별자치도,남원시,내척동,내척동,0,0,0,424,242,182,424,242,182
5219011500,2024-01-31,전북특별자치도,남원시,산곡동,산곡동,0,0,0,97,48,49,97,48,49
5219011600,2024-01-31,전북특별자치도,남원시,도통동,도통동,0,0,0,7484,3602,3882,7484,3602,3882
5219011700,2024-01-31,전북특별자치도,남원시,월락동,월락동,0,0,0,7174,3520,3654,7174,3520,3654
5219011800,2024-01-31,전북특별자치도,남원시,고죽동,고죽동,0,0,0,1400,687,713,1400,687,713
5219011900,2024-01-31,전북특별자치도,남원시,식정동,식정동,0,0,0,318,162,156,318,162,156
5219012000,2024-01-31,전북특별자치도,남원시,갈치동,갈치동,0,0,0,185,97,88,185,97,88
5219012100,2024-01-31,전북특별자치도,남원시,노암동,노암동,0,0,0,5452,2634,2818,5452,2634,2818
5219012200,2024-01-31,전북특별자치도,남원시,어현동,어현동,0,0,0,240,132,108,240,132,108
5219012300,2024-01-31,전북특별자치도,남원시,신촌동,신촌동,0,0,0,303,150,153,303,150,153
5219025021,2024-01-31,전북특별자치도,남원시,운봉읍,주촌리,0,0,0,171,77,94,171,77,94
5219025022,2024-01-31,전북특별자치도,남원시,운봉읍,덕산리,0,0,0,151,68,83,151,68,83
5219025023,2024-01-31,전북특별자치도,남원시,운봉읍,공안리,0,0,0,258,130,128,258,130,128
5219025024,2024-01-31,전북특별자치도,남원시,운봉읍,행정리,0,0,0,120,58,62,120,58,62
5219025025,2024-01-31,전북특별자치도,남원시,운봉읍,산덕리,0,0,0,194,97,97,194,97,97
5219025026,2024-01-31,전북특별자치도,남원시,운봉읍,동천리,0,0,0,448,222,226,448,222,226
5219025027,2024-01-31,전북특별자치도,남원시,운봉읍,용산리,0,0,0,144,70,74,144,70,74
5219025028,2024-01-31,전북특별자치도,남원시,운봉읍,북천리,0,0,0,145,69,76,145,69,76
5219025029,2024-01-31,전북특별자치도,남원시,운봉읍,서천리,0,0,0,535,267,268,535,267,268
5219025030,2024-01-31,전북특별자치도,남원시,운봉읍,준향리,0,0,0,170,92,78,170,92,78
5219025031,2024-01-31,전북특별자치도,남원시,운봉읍,장교리,0,0,0,263,130,133,263,130,133
5219025032,2024-01-31,전북특별자치도,남원시,운봉읍,권포리,0,0,0,204,95,109,204,95,109
5219025033,2024-01-31,전북특별자치도,남원시,운봉읍,임리,0,0,0,80,38,42,80,38,42
5219025034,2024-01-31,전북특별자치도,남원시,운봉읍,신기리,0,0,0,153,74,79,153,74,79
5219025035,2024-01-31,전북특별자치도,남원시,운봉읍,매요리,0,0,0,139,58,81,139,58,81
5219025036,2024-01-31,전북특별자치도,남원시,운봉읍,가산리,0,0,0,114,50,64,114,50,64
5219025037,2024-01-31,전북특별자치도,남원시,운봉읍,화수리,0,0,0,370,183,187,370,183,187
5219031021,2024-01-31,전북특별자치도,남원시,주천면,주천리,0,0,0,310,146,164,310,146,164
5219031022,2024-01-31,전북특별자치도,남원시,주천면,배덕리,0,0,0,100,51,49,100,51,49
5219031023,2024-01-31,전북특별자치도,남원시,주천면,송치리,0,0,0,444,232,212,444,232,212
5219031024,2024-01-31,전북특별자치도,남원시,주천면,용담리,0,0,0,262,125,137,262,125,137
5219031025,2024-01-31,전북특별자치도,남원시,주천면,호기리,0,0,0,196,102,94,196,102,94
5219031026,2024-01-31,전북특별자치도,남원시,주천면,장안리,0,0,0,397,205,192,397,205,192
5219031027,2024-01-31,전북특별자치도,남원시,주천면,은송리,0,0,0,220,112,108,220,112,108
5219031028,2024-01-31,전북특별자치도,남원시,주천면,호경리,0,0,0,143,70,73,143,70,73
5219031029,2024-01-31,전북특별자치도,남원시,주천면,용궁리,0,0,0,124,64,60,124,64,60
5219031030,2024-01-31,전북특별자치도,남원시,주천면,고기리,0,0,0,180,94,86,180,94,86
5219031031,2024-01-31,전북특별자치도,남원시,주천면,덕치리,0,0,0,134,60,74,134,60,74
5219032021,2024-01-31,전북특별자치도,남원시,수지면,남창리,0,0,0,196,93,103,196,93,103
5219032022,2024-01-31,전북특별자치도,남원시,수지면,초리,0,0,0,82,44,38,82,44,38
5219032023,2024-01-31,전북특별자치도,남원시,수지면,산정리,0,0,0,183,96,87,183,96,87
5219032024,2024-01-31,전북특별자치도,남원시,수지면,유암리,0,0,0,114,53,61,114,53,61
5219032025,2024-01-31,전북특별자치도,남원시,수지면,호곡리,0,0,0,237,114,123,237,114,123
5219032026,2024-01-31,전북특별자치도,남원시,수지면,고평리,0,0,0,231,118,113,231,118,113
5219033021,2024-01-31,전북특별자치도,남원시,송동면,신평리,0,0,0,256,122,134,256,122,134
5219033022,2024-01-31,전북특별자치도,남원시,송동면,송내리,0,0,0,155,80,75,155,80,75
5219033023,2024-01-31,전북특별자치도,남원시,송동면,사촌리,0,0,0,93,45,48,93,45,48
5219033024,2024-01-31,전북특별자치도,남원시,송동면,송상리,0,0,0,132,66,66,132,66,66
5219033025,2024-01-31,전북특별자치도,남원시,송동면,장국리,0,0,0,257,139,118,257,139,118
5219033026,2024-01-31,전북특별자치도,남원시,송동면,흑송리,0,0,0,200,106,94,200,106,94
5219033027,2024-01-31,전북특별자치도,남원시,송동면,송기리,0,0,0,137,70,67,137,70,67
5219033028,2024-01-31,전북특별자치도,남원시,송동면,장포리,0,0,0,87,48,39,87,48,39
5219033029,2024-01-31,전북특별자치도,남원시,송동면,영동리,0,0,0,64,30,34,64,30,34
5219033030,2024-01-31,전북특별자치도,남원시,송동면,연산리,0,0,0,56,31,25,56,31,25
5219033031,2024-01-31,전북특별자치도,남원시,송동면,양평리,0,0,0,94,37,57,94,37,57
5219033032,2024-01-31,전북특별자치도,남원시,송동면,두신리,0,0,0,100,54,46,100,54,46
5219033033,2024-01-31,전북특별자치도,남원시,송동면,세전리,0,0,0,240,115,125,240,115,125
5219034021,2024-01-31,전북특별자치도,남원시,주생면,상동리,0,0,0,192,95,97,192,95,97
5219034022,2024-01-31,전북특별자치도,남원시,주생면,중동리,0,0,0,131,63,68,131,63,68
5219034023,2024-01-31,전북특별자치도,남원시,주생면,지당리,0,0,0,290,143,147,290,143,147
5219034024,2024-01-31,전북특별자치도,남원시,주생면,정송리,0,0,0,250,112,138,250,112,138
5219034025,2024-01-31,전북특별자치도,남원시,주생면,영천리,0,0,0,166,83,83,166,83,83
5219034026,2024-01-31,전북특별자치도,남원시,주생면,제천리,0,0,0,245,127,118,245,127,118
5219034027,2024-01-31,전북특별자치도,남원시,주생면,낙동리,0,0,0,111,52,59,111,52,59
5219034028,2024-01-31,전북특별자치도,남원시,주생면,내동리,0,0,0,150,80,70,150,80,70
5219034029,2024-01-31,전북특별자치도,남원시,주생면,도산리,0,0,0,211,98,113,211,98,113
5219035021,2024-01-31,전북특별자치도,남원시,금지면,옹정리,0,0,0,304,139,165,304,139,165
5219035022,2024-01-31,전북특별자치도,남원시,금지면,입암리,0,0,0,305,143,162,305,143,162
5219035023,2024-01-31,전북특별자치도,남원시,금지면,서매리,0,0,0,243,128,115,243,128,115
5219035024,2024-01-31,전북특별자치도,남원시,금지면,방촌리,0,0,0,196,94,102,196,94,102
5219035025,2024-01-31,전북특별자치도,남원시,금지면,택내리,0,0,0,168,80,88,168,80,88
5219035026,2024-01-31,전북특별자치도,남원시,금지면,창산리,0,0,0,132,67,65,132,67,65
5219035027,2024-01-31,전북특별자치도,남원시,금지면,상신리,0,0,0,90,43,47,90,43,47
5219035028,2024-01-31,전북특별자치도,남원시,금지면,신월리,0,0,0,179,80,99,179,80,99
5219035029,2024-01-31,전북특별자치도,남원시,금지면,상귀리,0,0,0,123,59,64,123,59,64
5219035030,2024-01-31,전북특별자치도,남원시,금지면,귀석리,0,0,0,114,53,61,114,53,61
5219035031,2024-01-31,전북특별자치도,남원시,금지면,하도리,0,0,0,285,136,149,285,136,149
5219036021,2024-01-31,전북특별자치도,남원시,대강면,풍산리,0,0,0,67,32,35,67,32,35
5219036022,2024-01-31,전북특별자치도,남원시,대강면,수홍리,0,0,0,110,52,58,110,52,58
5219036023,2024-01-31,전북특별자치도,남원시,대강면,옥택리,0,0,0,88,42,46,88,42,46
5219036024,2024-01-31,전북특별자치도,남원시,대강면,평촌리,0,0,0,101,42,59,101,42,59
5219036025,2024-01-31,전북특별자치도,남원시,대강면,입암리,0,0,0,60,30,30,60,30,30
5219036026,2024-01-31,전북특별자치도,남원시,대강면,송대리,0,0,0,83,45,38,83,45,38
5219036027,2024-01-31,전북특별자치도,남원시,대강면,강석리,0,0,0,94,45,49,94,45,49
5219036028,2024-01-31,전북특별자치도,남원시,대강면,사석리,0,0,0,318,166,152,318,166,152
5219036029,2024-01-31,전북특별자치도,남원시,대강면,방동리,0,0,0,187,79,108,187,79,108
5219036030,2024-01-31,전북특별자치도,남원시,대강면,월탄리,0,0,0,76,31,45,76,31,45
5219036031,2024-01-31,전북특별자치도,남원시,대강면,생암리,0,0,0,95,53,42,95,53,42
5219036032,2024-01-31,전북특별자치도,남원시,대강면,신덕리,0,0,0,135,67,68,135,67,68
5219036033,2024-01-31,전북특별자치도,남원시,대강면,방산리,0,0,0,60,31,29,60,31,29
5219037021,2024-01-31,전북특별자치도,남원시,대산면,금성리,0,0,0,245,117,128,245,117,128
5219037022,2024-01-31,전북특별자치도,남원시,대산면,수덕리,0,0,0,148,83,65,148,83,65
5219037023,2024-01-31,전북특별자치도,남원시,대산면,대곡리,0,0,0,184,93,91,184,93,91
5219037024,2024-01-31,전북특별자치도,남원시,대산면,풍촌리,0,0,0,141,77,64,141,77,64
5219037025,2024-01-31,전북특별자치도,남원시,대산면,신계리,0,0,0,317,169,148,317,169,148
5219037026,2024-01-31,전북특별자치도,남원시,대산면,운교리,0,0,0,261,123,138,261,123,138
5219037027,2024-01-31,전북특별자치도,남원시,대산면,옥율리,0,0,0,134,68,66,134,68,66
5219037028,2024-01-31,전북특별자치도,남원시,대산면,길곡리,0,0,0,134,68,66,134,68,66
5219038021,2024-01-31,전북특별자치도,남원시,사매면,서도리,0,0,0,234,110,124,234,110,124
5219038022,2024-01-31,전북특별자치도,남원시,사매면,계수리,0,0,0,133,74,59,133,74,59
5219038023,2024-01-31,전북특별자치도,남원시,사매면,인화리,0,0,0,90,43,47,90,43,47
5219038024,2024-01-31,전북특별자치도,남원시,사매면,화정리,0,0,0,95,48,47,95,48,47
5219038025,2024-01-31,전북특별자치도,남원시,사매면,대율리,0,0,0,139,70,69,139,70,69
5219038026,2024-01-31,전북특별자치도,남원시,사매면,월평리,0,0,0,177,89,88,177,89,88
5219038027,2024-01-31,전북특별자치도,남원시,사매면,오신리,0,0,0,302,163,139,302,163,139
5219038028,2024-01-31,전북특별자치도,남원시,사매면,관풍리,0,0,0,152,88,64,152,88,64
5219038029,2024-01-31,전북특별자치도,남원시,사매면,대신리,0,0,0,141,65,76,141,65,76
5219039021,2024-01-31,전북특별자치도,남원시,덕과면,만도리,0,0,0,100,52,48,100,52,48
5219039022,2024-01-31,전북특별자치도,남원시,덕과면,신양리,0,0,0,113,58,55,113,58,55
5219039023,2024-01-31,전북특별자치도,남원시,덕과면,사율리,0,0,0,191,95,96,191,95,96
5219039024,2024-01-31,전북특별자치도,남원시,덕과면,고정리,0,0,0,222,115,107,222,115,107
5219039025,2024-01-31,전북특별자치도,남원시,덕과면,덕촌리,0,0,0,170,83,87,170,83,87
5219039026,2024-01-31,전북특별자치도,남원시,덕과면,용산리,0,0,0,114,63,51,114,63,51
5219040021,2024-01-31,전북특별자치도,남원시,보절면,서치리,0,0,0,103,55,48,103,55,48
5219040022,2024-01-31,전북특별자치도,남원시,보절면,괴양리,0,0,0,157,87,70,157,87,70
5219040023,2024-01-31,전북특별자치도,남원시,보절면,진기리,0,0,0,191,96,95,191,96,95
5219040024,2024-01-31,전북특별자치도,남원시,보절면,금다리,0,0,0,112,53,59,112,53,59
5219040025,2024-01-31,전북특별자치도,남원시,보절면,신파리,0,0,0,229,119,110,229,119,110
5219040026,2024-01-31,전북특별자치도,남원시,보절면,황벌리,0,0,0,206,104,102,206,104,102
5219040027,2024-01-31,전북특별자치도,남원시,보절면,도룡리,0,0,0,146,80,66,146,80,66
5219040028,2024-01-31,전북특별자치도,남원시,보절면,사촌리,0,0,0,109,54,55,109,54,55
5219040029,2024-01-31,전북특별자치도,남원시,보절면,성시리,0,0,0,107,55,52,107,55,52
5219041021,2024-01-31,전북특별자치도,남원시,산동면,목동리,0,0,0,159,80,79,159,80,79
5219041022,2024-01-31,전북특별자치도,남원시,산동면,식련리,0,0,0,87,44,43,87,44,43
5219041023,2024-01-31,전북특별자치도,남원시,산동면,부절리,0,0,0,426,207,219,426,207,219
5219041024,2024-01-31,전북특별자치도,남원시,산동면,태평리,0,0,0,298,148,150,298,148,150
5219041025,2024-01-31,전북특별자치도,남원시,산동면,대기리,0,0,0,284,144,140,284,144,140
5219041026,2024-01-31,전북특별자치도,남원시,산동면,월석리,0,0,0,159,82,77,159,82,77
5219041027,2024-01-31,전북특별자치도,남원시,산동면,대상리,0,0,0,257,135,122,257,135,122
5219042021,2024-01-31,전북특별자치도,남원시,이백면,초촌리,0,0,0,241,122,119,241,122,119
5219042022,2024-01-31,전북특별자치도,남원시,이백면,척문리,0,0,0,452,234,218,452,234,218
5219042023,2024-01-31,전북특별자치도,남원시,이백면,서곡리,0,0,0,311,152,159,311,152,159
5219042024,2024-01-31,전북특별자치도,남원시,이백면,내동리,0,0,0,111,53,58,111,53,58
5219042025,2024-01-31,전북특별자치도,남원시,이백면,남계리,0,0,0,270,124,146,270,124,146
5219042026,2024-01-31,전북특별자치도,남원시,이백면,강기리,0,0,0,103,49,54,103,49,54
5219042027,2024-01-31,전북특별자치도,남원시,이백면,양가리,0,0,0,120,53,67,120,53,67
5219042028,2024-01-31,전북특별자치도,남원시,이백면,평촌리,0,0,0,75,39,36,75,39,36
5219042029,2024-01-31,전북특별자치도,남원시,이백면,과립리,0,0,0,210,99,111,210,99,111
5219042030,2024-01-31,전북특별자치도,남원시,이백면,효기리,0,0,0,271,140,131,271,140,131
5219045021,2024-01-31,전북특별자치도,남원시,아영면,아곡리,0,0,0,128,69,59,128,69,59
5219045022,2024-01-31,전북특별자치도,남원시,아영면,봉대리,0,0,0,123,68,55,123,68,55
5219045023,2024-01-31,전북특별자치도,남원시,아영면,인풍리,0,0,0,209,98,111,209,98,111
5219045024,2024-01-31,전북특별자치도,남원시,아영면,갈계리,0,0,0,128,57,71,128,57,71
5219045025,2024-01-31,전북특별자치도,남원시,아영면,청계리,0,0,0,237,121,116,237,121,116
5219045026,2024-01-31,전북특별자치도,남원시,아영면,월산리,0,0,0,187,92,95,187,92,95
5219045027,2024-01-31,전북특별자치도,남원시,아영면,성리,0,0,0,136,71,65,136,71,65
5219045028,2024-01-31,전북특별자치도,남원시,아영면,구상리,0,0,0,140,72,68,140,72,68
5219045029,2024-01-31,전북특별자치도,남원시,아영면,일대리,0,0,0,212,102,110,212,102,110
5219045030,2024-01-31,전북특별자치도,남원시,아영면,의지리,0,0,0,178,90,88,178,90,88
5219045031,2024-01-31,전북특별자치도,남원시,아영면,두락리,0,0,0,156,80,76,156,80,76
5219046021,2024-01-31,전북특별자치도,남원시,산내면,중황리,0,0,0,333,154,179,333,154,179
5219046022,2024-01-31,전북특별자치도,남원시,산내면,백일리,0,0,0,347,170,177,347,170,177
5219046023,2024-01-31,전북특별자치도,남원시,산내면,대정리,0,0,0,460,217,243,460,217,243
5219046024,2024-01-31,전북특별자치도,남원시,산내면,장항리,0,0,0,308,144,164,308,144,164
5219046025,2024-01-31,전북특별자치도,남원시,산내면,입석리,0,0,0,213,118,95,213,118,95
5219046026,2024-01-31,전북특별자치도,남원시,산내면,내령리,0,0,0,94,52,42,94,52,42
5219046027,2024-01-31,전북특별자치도,남원시,산내면,부운리,0,0,0,133,69,64,133,69,64
5219046028,2024-01-31,전북특별자치도,남원시,산내면,덕동리,0,0,0,145,72,73,145,72,73
5219047021,2024-01-31,전북특별자치도,남원시,인월면,중군리,0,0,0,136,68,68,136,68,68
5219047022,2024-01-31,전북특별자치도,남원시,인월면,인월리,0,0,0,667,320,347,667,320,347
5219047023,2024-01-31,전북특별자치도,남원시,인월면,서무리,0,0,0,879,431,448,879,431,448
5219047024,2024-01-31,전북특별자치도,남원시,인월면,취암리,0,0,0,175,80,95,175,80,95
5219047025,2024-01-31,전북특별자치도,남원시,인월면,건지리,0,0,0,188,91,97,188,91,97
5219047026,2024-01-31,전북특별자치도,남원시,인월면,유곡리,0,0,0,156,78,78,156,78,78
5219047027,2024-01-31,전북특별자치도,남원시,인월면,상우리,0,0,0,272,142,130,272,142,130
5219047028,2024-01-31,전북특별자치도,남원시,인월면,성산리,0,0,0,152,74,78,152,74,78
5219047029,2024-01-31,전북특별자치도,남원시,인월면,자래리,0,0,0,111,56,55,111,56,55
5221010100,2024-01-31,전북특별자치도,김제시,요촌동,요촌동,0,0,0,6420,3280,3140,6420,3280,3140
5221010200,2024-01-31,전북특별자치도,김제시,신풍동,신풍동,0,0,0,10925,5315,5610,10925,5315,5610
5221010300,2024-01-31,전북특별자치도,김제시,용동,용동,0,0,0,237,117,120,237,117,120
5221010400,2024-01-31,전북특별자치도,김제시,검산동,검산동,0,0,0,10738,5165,5573,10738,5165,5573
5221010500,2024-01-31,전북특별자치도,김제시,순동,순동,0,0,0,503,264,239,503,264,239
5221010600,2024-01-31,전북특별자치도,김제시,백학동,백학동,0,0,0,492,311,181,492,311,181
5221010700,2024-01-31,전북특별자치도,김제시,서암동,서암동,0,0,0,2212,1069,1143,2212,1069,1143
5221010800,2024-01-31,전북특별자치도,김제시,신곡동,신곡동,0,0,0,142,72,70,142,72,70
5221010900,2024-01-31,전북특별자치도,김제시,교동,교동,0,0,0,1709,832,877,1709,832,877
5221011000,2024-01-31,전북특별자치도,김제시,옥산동,옥산동,0,0,0,1980,979,1001,1980,979,1001
5221011100,2024-01-31,전북특별자치도,김제시,갈공동,갈공동,0,0,0,141,77,64,141,77,64
5221011200,2024-01-31,전북특별자치도,김제시,하동,하동,0,0,0,1807,832,975,1807,832,975
5221011300,2024-01-31,전북특별자치도,김제시,흥사동,흥사동,0,0,0,326,172,154,326,172,154
5221011400,2024-01-31,전북특별자치도,김제시,상동동,상동동,0,0,0,242,139,103,242,139,103
5221011500,2024-01-31,전북특별자치도,김제시,월성동,월성동,0,0,0,234,110,124,234,110,124
5221011600,2024-01-31,전북특별자치도,김제시,황산동,황산동,0,0,0,363,178,185,363,178,185
5221011700,2024-01-31,전북특별자치도,김제시,난봉동,난봉동,0,0,0,225,114,111,225,114,111
5221011800,2024-01-31,전북특별자치도,김제시,오정동,오정동,0,0,0,164,81,83,164,81,83
5221011900,2024-01-31,전북특별자치도,김제시,복죽동,복죽동,0,0,0,319,181,138,319,181,138
5221012000,2024-01-31,전북특별자치도,김제시,입석동,입석동,0,0,0,410,199,211,410,199,211
5221012100,2024-01-31,전북특별자치도,김제시,장화동,장화동,0,0,0,235,120,115,235,120,115
5221012200,2024-01-31,전북특별자치도,김제시,신덕동,신덕동,0,0,0,150,72,78,150,72,78
5221012300,2024-01-31,전북특별자치도,김제시,월봉동,월봉동,0,0,0,225,113,112,225,113,112
5221012400,2024-01-31,전북특별자치도,김제시,신월동,신월동,0,0,0,180,93,87,180,93,87
5221012500,2024-01-31,전북특별자치도,김제시,연정동,연정동,0,0,0,428,230,198,428,230,198
5221012600,2024-01-31,전북특별자치도,김제시,명덕동,명덕동,0,0,0,231,112,119,231,112,119
5221012700,2024-01-31,전북특별자치도,김제시,제월동,제월동,0,0,0,235,116,119,235,116,119
5221012800,2024-01-31,전북특별자치도,김제시,도장동,도장동,0,0,0,195,98,97,195,98,97
5221012900,2024-01-31,전북특별자치도,김제시,서정동,서정동,0,0,0,170,74,96,170,74,96
5221013000,2024-01-31,전북특별자치도,김제시,양전동,양전동,0,0,0,218,114,104,218,114,104
5221025021,2024-01-31,전북특별자치도,김제시,만경읍,만경리,0,0,0,651,321,330,651,321,330
5221025022,2024-01-31,전북특별자치도,김제시,만경읍,장산리,0,0,0,255,141,114,255,141,114
5221025023,2024-01-31,전북특별자치도,김제시,만경읍,대동리,0,0,0,233,116,117,233,116,117
5221025024,2024-01-31,전북특별자치도,김제시,만경읍,송상리,0,0,0,184,79,105,184,79,105
5221025025,2024-01-31,전북특별자치도,김제시,만경읍,소토리,0,0,0,189,99,90,189,99,90
5221025026,2024-01-31,전북특별자치도,김제시,만경읍,화포리,0,0,0,325,161,164,325,161,164
5221025027,2024-01-31,전북특별자치도,김제시,만경읍,몽산리,0,0,0,772,400,372,772,400,372
5221032021,2024-01-31,전북특별자치도,김제시,죽산면,죽산리,0,0,0,619,310,309,619,310,309
5221032022,2024-01-31,전북특별자치도,김제시,죽산면,홍산리,0,0,0,271,136,135,271,136,135
5221032023,2024-01-31,전북특별자치도,김제시,죽산면,옥성리,0,0,0,395,187,208,395,187,208
5221032024,2024-01-31,전북특별자치도,김제시,죽산면,종신리,0,0,0,103,48,55,103,48,55
5221032025,2024-01-31,전북특별자치도,김제시,죽산면,대창리,0,0,0,230,121,109,230,121,109
5221032026,2024-01-31,전북특별자치도,김제시,죽산면,서포리,0,0,0,316,149,167,316,149,167
5221032027,2024-01-31,전북특별자치도,김제시,죽산면,연포리,0,0,0,275,137,138,275,137,138
5221032028,2024-01-31,전북특별자치도,김제시,죽산면,신흥리,0,0,0,160,78,82,160,78,82
5221033021,2024-01-31,전북특별자치도,김제시,백산면,하정리,0,0,0,391,200,191,391,200,191
5221033025,2024-01-31,전북특별자치도,김제시,백산면,상정리,0,0,0,381,200,181,381,200,181
5221033026,2024-01-31,전북특별자치도,김제시,백산면,상리,0,0,0,353,186,167,353,186,167
5221033027,2024-01-31,전북특별자치도,김제시,백산면,조종리,0,0,0,311,165,146,311,165,146
5221033028,2024-01-31,전북특별자치도,김제시,백산면,수록리,0,0,0,186,103,83,186,103,83
5221033029,2024-01-31,전북특별자치도,김제시,백산면,부거리,0,0,0,1052,542,510,1052,542,510
5221033030,2024-01-31,전북특별자치도,김제시,백산면,석교리,0,0,0,339,184,155,339,184,155
5221033031,2024-01-31,전북특별자치도,김제시,백산면,하서리,0,0,0,132,74,58,132,74,58
5221034021,2024-01-31,전북특별자치도,김제시,용지면,구암리,0,0,0,271,130,141,271,130,141
5221034022,2024-01-31,전북특별자치도,김제시,용지면,예촌리,0,0,0,356,190,166,356,190,166
5221034023,2024-01-31,전북특별자치도,김제시,용지면,송산리,0,0,0,115,64,51,115,64,51
5221034024,2024-01-31,전북특별자치도,김제시,용지면,봉의리,0,0,0,274,150,124,274,150,124
5221034025,2024-01-31,전북특별자치도,김제시,용지면,와룡리,0,0,0,241,119,122,241,119,122
5221034026,2024-01-31,전북특별자치도,김제시,용지면,효정리,0,0,0,196,98,98,196,98,98
5221034027,2024-01-31,전북특별자치도,김제시,용지면,반교리,0,0,0,217,99,118,217,99,118
5221034028,2024-01-31,전북특별자치도,김제시,용지면,용암리,0,0,0,254,117,137,254,117,137
5221034029,2024-01-31,전북특별자치도,김제시,용지면,부교리,0,0,0,266,148,118,266,148,118
5221034030,2024-01-31,전북특별자치도,김제시,용지면,신정리,0,0,0,279,160,119,279,160,119
5221034031,2024-01-31,전북특별자치도,김제시,용지면,용수리,0,0,0,346,177,169,346,177,169
5221034032,2024-01-31,전북특별자치도,김제시,용지면,장신리,0,0,0,540,281,259,540,281,259
5221035021,2024-01-31,전북특별자치도,김제시,백구면,월봉리,0,0,0,471,230,241,471,230,241
5221035022,2024-01-31,전북특별자치도,김제시,백구면,부용리,0,0,0,525,261,264,525,261,264
5221035023,2024-01-31,전북특별자치도,김제시,백구면,유강리,0,0,0,470,225,245,470,225,245
5221035024,2024-01-31,전북특별자치도,김제시,백구면,삼정리,0,0,0,62,31,31,62,31,31
5221035025,2024-01-31,전북특별자치도,김제시,백구면,백구리,0,0,0,371,180,191,371,180,191
5221035026,2024-01-31,전북특별자치도,김제시,백구면,반월리,0,0,0,333,178,155,333,178,155
5221035027,2024-01-31,전북특별자치도,김제시,백구면,석담리,0,0,0,187,98,89,187,98,89
5221035028,2024-01-31,전북특별자치도,김제시,백구면,학동리,0,0,0,412,223,189,412,223,189
5221035029,2024-01-31,전북특별자치도,김제시,백구면,마산리,0,0,0,257,118,139,257,118,139
5221035030,2024-01-31,전북특별자치도,김제시,백구면,영상리,0,0,0,564,271,293,564,271,293
5221036021,2024-01-31,전북특별자치도,김제시,부량면,대평리,0,0,0,221,102,119,221,102,119
5221036022,2024-01-31,전북특별자치도,김제시,부량면,월승리,0,0,0,161,81,80,161,81,80
5221036023,2024-01-31,전북특별자치도,김제시,부량면,신두리,0,0,0,225,112,113,225,112,113
5221036024,2024-01-31,전북특별자치도,김제시,부량면,신용리,0,0,0,91,44,47,91,44,47
5221036025,2024-01-31,전북특별자치도,김제시,부량면,용성리,0,0,0,250,130,120,250,130,120
5221036026,2024-01-31,전북특별자치도,김제시,부량면,금강리,0,0,0,150,78,72,150,78,72
5221036027,2024-01-31,전북특별자치도,김제시,부량면,옥정리,0,0,0,199,92,107,199,92,107
5221038021,2024-01-31,전북특별자치도,김제시,공덕면,마현리,0,0,0,367,191,176,367,191,176
5221038022,2024-01-31,전북특별자치도,김제시,공덕면,황산리,0,0,0,499,258,241,499,258,241
5221038023,2024-01-31,전북특별자치도,김제시,공덕면,공덕리,0,0,0,402,225,177,402,225,177
5221038024,2024-01-31,전북특별자치도,김제시,공덕면,동계리,0,0,0,404,211,193,404,211,193
5221038025,2024-01-31,전북특별자치도,김제시,공덕면,저산리,0,0,0,239,110,129,239,110,129
5221038026,2024-01-31,전북특별자치도,김제시,공덕면,제말리,0,0,0,237,118,119,237,118,119
5221038027,2024-01-31,전북특별자치도,김제시,공덕면,회룡리,0,0,0,308,160,148,308,160,148
5221039021,2024-01-31,전북특별자치도,김제시,청하면,동지산리,0,0,0,571,292,279,571,292,279
5221039022,2024-01-31,전북특별자치도,김제시,청하면,장산리,0,0,0,331,165,166,331,165,166
5221039023,2024-01-31,전북특별자치도,김제시,청하면,대청리,0,0,0,179,91,88,179,91,88
5221039024,2024-01-31,전북특별자치도,김제시,청하면,관상리,0,0,0,333,166,167,333,166,167
5221039025,2024-01-31,전북특별자치도,김제시,청하면,월현리,0,0,0,262,133,129,262,133,129
5221040021,2024-01-31,전북특별자치도,김제시,성덕면,석동리,0,0,0,242,119,123,242,119,123
5221040022,2024-01-31,전북특별자치도,김제시,성덕면,대목리,0,0,0,433,235,198,433,235,198
5221040023,2024-01-31,전북특별자치도,김제시,성덕면,대석리,0,0,0,292,155,137,292,155,137
5221040024,2024-01-31,전북특별자치도,김제시,성덕면,묘라리,0,0,0,196,98,98,196,98,98
5221040025,2024-01-31,전북특별자치도,김제시,성덕면,성덕리,0,0,0,229,112,117,229,112,117
5221040026,2024-01-31,전북특별자치도,김제시,성덕면,남포리,0,0,0,312,152,160,312,152,160
5221041021,2024-01-31,전북특별자치도,김제시,진봉면,고사리,0,0,0,714,349,365,714,349,365
5221041022,2024-01-31,전북특별자치도,김제시,진봉면,정당리,0,0,0,426,207,219,426,207,219
5221041023,2024-01-31,전북특별자치도,김제시,진봉면,가실리,0,0,0,273,131,142,273,131,142
5221041024,2024-01-31,전북특별자치도,김제시,진봉면,상궐리,0,0,0,358,173,185,358,173,185
5221041025,2024-01-31,전북특별자치도,김제시,진봉면,심포리,0,0,0,689,328,361,689,328,361
5221042021,2024-01-31,전북특별자치도,김제시,금구면,금구리,0,0,0,1117,553,564,1117,553,564
5221042023,2024-01-31,전북특별자치도,김제시,금구면,용복리,0,0,0,222,121,101,222,121,101
5221042024,2024-01-31,전북특별자치도,김제시,금구면,선암리,0,0,0,315,159,156,315,159,156
5221042025,2024-01-31,전북특별자치도,김제시,금구면,월전리,0,0,0,492,231,261,492,231,261
5221042026,2024-01-31,전북특별자치도,김제시,금구면,오봉리,0,0,0,367,183,184,367,183,184
5221042027,2024-01-31,전북특별자치도,김제시,금구면,대화리,0,0,0,305,152,153,305,152,153
5221042028,2024-01-31,전북특별자치도,김제시,금구면,산동리,0,0,0,371,193,178,371,193,178
5221042029,2024-01-31,전북특별자치도,김제시,금구면,낙성리,0,0,0,440,229,211,440,229,211
5221042030,2024-01-31,전북특별자치도,김제시,금구면,청운리,0,0,0,309,168,141,309,168,141
5221042031,2024-01-31,전북특별자치도,김제시,금구면,용지리,0,0,0,99,56,43,99,56,43
5221042032,2024-01-31,전북특별자치도,김제시,금구면,옥성리,0,0,0,278,145,133,278,145,133
5221042033,2024-01-31,전북특별자치도,김제시,금구면,하신리,0,0,0,214,104,110,214,104,110
5221042034,2024-01-31,전북특별자치도,김제시,금구면,서도리,0,0,0,381,200,181,381,200,181
5221043021,2024-01-31,전북특별자치도,김제시,봉남면,대송리,0,0,0,465,231,234,465,231,234
5221043022,2024-01-31,전북특별자치도,김제시,봉남면,평사리,0,0,0,413,192,221,413,192,221
5221043023,2024-01-31,전북특별자치도,김제시,봉남면,화봉리,0,0,0,126,60,66,126,60,66
5221043024,2024-01-31,전북특별자치도,김제시,봉남면,신호리,0,0,0,165,80,85,165,80,85
5221043029,2024-01-31,전북특별자치도,김제시,봉남면,신응리,0,0,0,124,61,63,124,61,63
5221043030,2024-01-31,전북특별자치도,김제시,봉남면,종덕리,0,0,0,174,92,82,174,92,82
5221043031,2024-01-31,전북특별자치도,김제시,봉남면,행촌리,0,0,0,140,66,74,140,66,74
5221043032,2024-01-31,전북특별자치도,김제시,봉남면,구정리,0,0,0,111,58,53,111,58,53
5221043033,2024-01-31,전북특별자치도,김제시,봉남면,회성리,0,0,0,194,91,103,194,91,103
5221043034,2024-01-31,전북특별자치도,김제시,봉남면,내광리,0,0,0,131,62,69,131,62,69
5221043035,2024-01-31,전북특별자치도,김제시,봉남면,용신리,0,0,0,126,66,60,126,66,60
5221044021,2024-01-31,전북특별자치도,김제시,황산면,봉월리,0,0,0,477,246,231,477,246,231
5221044022,2024-01-31,전북특별자치도,김제시,황산면,용마리,0,0,0,279,144,135,279,144,135
5221044023,2024-01-31,전북특별자치도,김제시,황산면,홍정리,0,0,0,151,81,70,151,81,70
5221044026,2024-01-31,전북특별자치도,김제시,황산면,쌍감리,0,0,0,307,155,152,307,155,152
5221044027,2024-01-31,전북특별자치도,김제시,황산면,남산리,0,0,0,301,158,143,301,158,143
5221044028,2024-01-31,전북특별자치도,김제시,황산면,진흥리,0,0,0,366,193,173,366,193,173
5221045021,2024-01-31,전북특별자치도,김제시,금산면,성계리,0,0,0,690,347,343,690,347,343
5221045022,2024-01-31,전북특별자치도,김제시,금산면,쌍용리,0,0,0,598,313,285,598,313,285
5221045023,2024-01-31,전북특별자치도,김제시,금산면,원평리,0,0,0,324,160,164,324,160,164
5221045024,2024-01-31,전북특별자치도,김제시,금산면,용호리,0,0,0,269,138,131,269,138,131
5221045025,2024-01-31,전북특별자치도,김제시,금산면,선동리,0,0,0,117,61,56,117,61,56
5221045026,2024-01-31,전북특별자치도,김제시,금산면,금성리,0,0,0,190,102,88,190,102,88
5221045027,2024-01-31,전북특별자치도,김제시,금산면,화율리,0,0,0,144,74,70,144,74,70
5221045028,2024-01-31,전북특별자치도,김제시,금산면,장흥리,0,0,0,131,73,58,131,73,58
5221045029,2024-01-31,전북특별자치도,김제시,금산면,금산리,0,0,0,427,217,210,427,217,210
5221045030,2024-01-31,전북특별자치도,김제시,금산면,청도리,0,0,0,453,220,233,453,220,233
5221045031,2024-01-31,전북특별자치도,김제시,금산면,삼봉리,0,0,0,291,144,147,291,144,147
5221045032,2024-01-31,전북특별자치도,김제시,금산면,용산리,0,0,0,534,265,269,534,265,269
5221045033,2024-01-31,전북특별자치도,김제시,금산면,구월리,0,0,0,377,191,186,377,191,186
5221046021,2024-01-31,전북특별자치도,김제시,광활면,옥포리,0,0,0,537,282,255,537,282,255
5221046022,2024-01-31,전북특별자치도,김제시,광활면,은파리,0,0,0,473,238,235,473,238,235
5221046023,2024-01-31,전북특별자치도,김제시,광활면,창제리,0,0,0,282,142,140,282,142,140
5271025021,2024-01-31,전북특별자치도,완주군,삼례읍,삼례리,0,0,0,6617,3426,3191,6617,3426,3191
5271025022,2024-01-31,전북특별자치도,완주군,삼례읍,후정리,0,0,0,2908,1434,1474,2908,1434,1474
5271025023,2024-01-31,전북특별자치도,완주군,삼례읍,어전리,0,0,0,153,74,79,153,74,79
5271025024,2024-01-31,전북특별자치도,완주군,삼례읍,해전리,0,0,0,256,131,125,256,131,125
5271025025,2024-01-31,전북특별자치도,완주군,삼례읍,신금리,0,0,0,496,242,254,496,242,254
5271025026,2024-01-31,전북특별자치도,완주군,삼례읍,석전리,0,0,0,703,371,332,703,371,332
5271025027,2024-01-31,전북특별자치도,완주군,삼례읍,구와리,0,0,0,402,196,206,402,196,206
5271025028,2024-01-31,전북특별자치도,완주군,삼례읍,신탁리,0,0,0,241,125,116,241,125,116
5271025029,2024-01-31,전북특별자치도,완주군,삼례읍,수계리,0,0,0,8252,4341,3911,8252,4341,3911
5271025030,2024-01-31,전북특별자치도,완주군,삼례읍,하리,0,0,0,611,314,297,611,314,297
5271025321,2024-01-31,전북특별자치도,완주군,봉동읍,제내리,0,0,0,1310,646,664,1310,646,664
5271025322,2024-01-31,전북특별자치도,완주군,봉동읍,장구리,0,0,0,29,21,8,29,21,8
5271025323,2024-01-31,전북특별자치도,완주군,봉동읍,구암리,0,0,0,316,158,158,316,158,158
5271025324,2024-01-31,전북특별자치도,완주군,봉동읍,둔산리,0,0,0,10678,5581,5097,10678,5581,5097
5271025325,2024-01-31,전북특별자치도,완주군,봉동읍,용암리,0,0,0,736,492,244,736,492,244
5271025326,2024-01-31,전북특별자치도,완주군,봉동읍,은하리,0,0,0,724,389,335,724,389,335
5271025327,2024-01-31,전북특별자치도,완주군,봉동읍,율소리,0,0,0,438,220,218,438,220,218
5271025328,2024-01-31,전북특별자치도,완주군,봉동읍,장기리,0,0,0,2460,1263,1197,2460,1263,1197
5271025329,2024-01-31,전북특별자치도,완주군,봉동읍,낙평리,0,0,0,5061,2505,2556,5061,2505,2556
5271025330,2024-01-31,전북특별자치도,완주군,봉동읍,성덕리,0,0,0,454,242,212,454,242,212
5271025331,2024-01-31,전북특별자치도,완주군,봉동읍,구미리,0,0,0,544,291,253,544,291,253
5271025332,2024-01-31,전북특별자치도,완주군,봉동읍,고천리,0,0,0,203,110,93,203,110,93
5271025333,2024-01-31,전북특별자치도,완주군,봉동읍,신성리,0,0,0,1182,596,586,1182,596,586
5271025334,2024-01-31,전북특별자치도,완주군,봉동읍,구만리,0,0,0,329,179,150,329,179,150
5271025621,2024-01-31,전북특별자치도,완주군,용진읍,상삼리,0,0,0,716,362,354,716,362,354
5271025622,2024-01-31,전북특별자치도,완주군,용진읍,구억리,0,0,0,781,392,389,781,392,389
5271025623,2024-01-31,전북특별자치도,완주군,용진읍,상운리,0,0,0,579,291,288,579,291,288
5271025624,2024-01-31,전북특별자치도,완주군,용진읍,용흥리,0,0,0,556,308,248,556,308,248
5271025625,2024-01-31,전북특별자치도,완주군,용진읍,간중리,0,0,0,701,370,331,701,370,331
5271025626,2024-01-31,전북특별자치도,완주군,용진읍,운곡리,0,0,0,4526,2218,2308,4526,2218,2308
5271025627,2024-01-31,전북특별자치도,완주군,용진읍,신지리,0,0,0,2567,1324,1243,2567,1324,1243
5271032021,2024-01-31,전북특별자치도,완주군,상관면,신리,0,0,0,2842,1422,1420,2842,1422,1420
5271032022,2024-01-31,전북특별자치도,완주군,상관면,죽림리,0,0,0,524,293,231,524,293,231
5271032023,2024-01-31,전북특별자치도,완주군,상관면,용암리,0,0,0,306,164,142,306,164,142
5271032024,2024-01-31,전북특별자치도,완주군,상관면,의암리,0,0,0,227,123,104,227,123,104
5271032025,2024-01-31,전북특별자치도,완주군,상관면,마치리,0,0,0,197,99,98,197,99,98
5271033023,2024-01-31,전북특별자치도,완주군,이서면,금평리,0,0,0,172,84,88,172,84,88
5271033024,2024-01-31,전북특별자치도,완주군,이서면,갈산리,0,0,0,5913,2902,3011,5913,2902,3011
5271033025,2024-01-31,전북특별자치도,완주군,이서면,이성리,0,0,0,275,142,133,275,142,133
5271033026,2024-01-31,전북특별자치도,완주군,이서면,상개리,0,0,0,1195,648,547,1195,648,547
5271033027,2024-01-31,전북특별자치도,완주군,이서면,용서리,0,0,0,4218,2091,2127,4218,2091,2127
5271033028,2024-01-31,전북특별자치도,완주군,이서면,은교리,0,0,0,1545,776,769,1545,776,769
5271033029,2024-01-31,전북특별자치도,완주군,이서면,이문리,0,0,0,642,333,309,642,333,309
5271033030,2024-01-31,전북특별자치도,완주군,이서면,남계리,0,0,0,228,112,116,228,112,116
5271033031,2024-01-31,전북특별자치도,완주군,이서면,반교리,0,0,0,614,321,293,614,321,293
5271033032,2024-01-31,전북특별자치도,완주군,이서면,금계리,0,0,0,101,44,57,101,44,57
5271034021,2024-01-31,전북특별자치도,완주군,소양면,신교리,0,0,0,685,356,329,685,356,329
5271034022,2024-01-31,전북특별자치도,완주군,소양면,명덕리,0,0,0,787,392,395,787,392,395
5271034023,2024-01-31,전북특별자치도,완주군,소양면,죽절리,0,0,0,302,159,143,302,159,143
5271034024,2024-01-31,전북특별자치도,완주군,소양면,황운리,0,0,0,958,497,461,958,497,461
5271034025,2024-01-31,전북특별자치도,완주군,소양면,대흥리,0,0,0,1066,566,500,1066,566,500
5271034026,2024-01-31,전북특별자치도,완주군,소양면,해월리,0,0,0,776,366,410,776,366,410
5271034027,2024-01-31,전북특별자치도,완주군,소양면,화심리,0,0,0,461,235,226,461,235,226
5271034028,2024-01-31,전북특별자치도,완주군,소양면,신원리,0,0,0,454,250,204,454,250,204
5271034029,2024-01-31,전북특별자치도,완주군,소양면,신촌리,0,0,0,215,119,96,215,119,96
5271035021,2024-01-31,전북특별자치도,완주군,구이면,평촌리,0,0,0,438,223,215,438,223,215
5271035022,2024-01-31,전북특별자치도,완주군,구이면,광곡리,0,0,0,412,205,207,412,205,207
5271035023,2024-01-31,전북특별자치도,완주군,구이면,덕천리,0,0,0,916,477,439,916,477,439
5271035024,2024-01-31,전북특별자치도,완주군,구이면,두현리,0,0,0,438,219,219,438,219,219
5271035025,2024-01-31,전북특별자치도,완주군,구이면,원기리,0,0,0,898,442,456,898,442,456
5271035026,2024-01-31,전북특별자치도,완주군,구이면,항가리,0,0,0,1069,540,529,1069,540,529
5271035027,2024-01-31,전북특별자치도,완주군,구이면,계곡리,0,0,0,591,296,295,591,296,295
5271035028,2024-01-31,전북특별자치도,완주군,구이면,백여리,0,0,0,450,234,216,450,234,216
5271035029,2024-01-31,전북특별자치도,완주군,구이면,안덕리,0,0,0,306,172,134,306,172,134
5271036021,2024-01-31,전북특별자치도,완주군,고산면,읍내리,0,0,0,1386,696,690,1386,696,690
5271036022,2024-01-31,전북특별자치도,완주군,고산면,서봉리,0,0,0,270,148,122,270,148,122
5271036023,2024-01-31,전북특별자치도,완주군,고산면,율곡리,0,0,0,294,156,138,294,156,138
5271036024,2024-01-31,전북특별자치도,완주군,고산면,어우리,0,0,0,343,180,163,343,180,163
5271036025,2024-01-31,전북특별자치도,완주군,고산면,남봉리,0,0,0,216,113,103,216,113,103
5271036026,2024-01-31,전북특별자치도,완주군,고산면,화정리,0,0,0,199,99,100,199,99,100
5271036027,2024-01-31,전북특별자치도,완주군,고산면,양야리,0,0,0,270,144,126,270,144,126
5271036028,2024-01-31,전북특별자치도,완주군,고산면,성재리,0,0,0,231,125,106,231,125,106
5271036029,2024-01-31,전북특별자치도,완주군,고산면,오산리,0,0,0,299,154,145,299,154,145
5271036030,2024-01-31,전북특별자치도,완주군,고산면,삼기리,0,0,0,404,211,193,404,211,193
5271036031,2024-01-31,전북특별자치도,완주군,고산면,소향리,0,0,0,413,212,201,413,212,201
5271037021,2024-01-31,전북특별자치도,완주군,비봉면,봉산리,0,0,0,276,143,133,276,143,133
5271037022,2024-01-31,전북특별자치도,완주군,비봉면,소농리,0,0,0,308,156,152,308,156,152
5271037023,2024-01-31,전북특별자치도,완주군,비봉면,내월리,0,0,0,329,176,153,329,176,153
5271037024,2024-01-31,전북특별자치도,완주군,비봉면,대치리,0,0,0,138,76,62,138,76,62
5271037025,2024-01-31,전북특별자치도,완주군,비봉면,백도리,0,0,0,221,113,108,221,113,108
5271037026,2024-01-31,전북특별자치도,완주군,비봉면,이전리,0,0,0,230,119,111,230,119,111
5271037027,2024-01-31,전북특별자치도,완주군,비봉면,수선리,0,0,0,267,130,137,267,130,137
5271038021,2024-01-31,전북특별자치도,완주군,운주면,장선리,0,0,0,552,281,271,552,281,271
5271038022,2024-01-31,전북특별자치도,완주군,운주면,완창리,0,0,0,341,170,171,341,170,171
5271038023,2024-01-31,전북특별자치도,완주군,운주면,산북리,0,0,0,444,219,225,444,219,225
5271038026,2024-01-31,전북특별자치도,완주군,운주면,구제리,0,0,0,154,79,75,154,79,75
5271038027,2024-01-31,전북특별자치도,완주군,운주면,고당리,0,0,0,176,94,82,176,94,82
5271038028,2024-01-31,전북특별자치도,완주군,운주면,금당리,0,0,0,225,110,115,225,110,115
5271039021,2024-01-31,전북특별자치도,완주군,화산면,화평리,0,0,0,347,183,164,347,183,164
5271039022,2024-01-31,전북특별자치도,완주군,화산면,화월리,0,0,0,500,257,243,500,257,243
5271039023,2024-01-31,전북특별자치도,완주군,화산면,춘산리,0,0,0,162,86,76,162,86,76
5271039024,2024-01-31,전북특별자치도,완주군,화산면,운곡리,0,0,0,311,163,148,311,163,148
5271039025,2024-01-31,전북특별자치도,완주군,화산면,우월리,0,0,0,137,81,56,137,81,56
5271039026,2024-01-31,전북특별자치도,완주군,화산면,운산리,0,0,0,205,101,104,205,101,104
5271039027,2024-01-31,전북특별자치도,완주군,화산면,와룡리,0,0,0,183,100,83,183,100,83
5271039028,2024-01-31,전북특별자치도,완주군,화산면,종리,0,0,0,387,207,180,387,207,180
5271039029,2024-01-31,전북특별자치도,완주군,화산면,승치리,0,0,0,166,88,78,166,88,78
5271039030,2024-01-31,전북특별자치도,완주군,화산면,성북리,0,0,0,114,53,61,114,53,61
5271039031,2024-01-31,전북특별자치도,완주군,화산면,운제리,0,0,0,32,14,18,32,14,18
5271040021,2024-01-31,전북특별자치도,완주군,동상면,신월리,0,0,0,303,161,142,303,161,142
5271040022,2024-01-31,전북특별자치도,완주군,동상면,사봉리,0,0,0,284,146,138,284,146,138
5271040023,2024-01-31,전북특별자치도,완주군,동상면,수만리,0,0,0,238,120,118,238,120,118
5271040024,2024-01-31,전북특별자치도,완주군,동상면,대아리,0,0,0,217,110,107,217,110,107
5271041021,2024-01-31,전북특별자치도,완주군,경천면,용복리,0,0,0,272,138,134,272,138,134
5271041022,2024-01-31,전북특별자치도,완주군,경천면,가천리,0,0,0,379,200,179,379,200,179
5271041023,2024-01-31,전북특별자치도,완주군,경천면,경천리,0,0,0,299,151,148,299,151,148
5272025021,2024-01-31,전북특별자치도,진안군,진안읍,군상리,0,0,0,4347,2166,2181,4347,2166,2181
5272025022,2024-01-31,전북특별자치도,진안군,진안읍,군하리,0,0,0,1507,705,802,1507,705,802
5272025023,2024-01-31,전북특별자치도,진안군,진안읍,단양리,0,0,0,586,321,265,586,321,265
5272025024,2024-01-31,전북특별자치도,진안군,진안읍,가림리,0,0,0,345,183,162,345,183,162
5272025025,2024-01-31,전북특별자치도,진안군,진안읍,반월리,0,0,0,461,223,238,461,223,238
5272025026,2024-01-31,전북특별자치도,진안군,진안읍,죽산리,0,0,0,122,66,56,122,66,56
5272025027,2024-01-31,전북특별자치도,진안군,진안읍,오천리,0,0,0,255,131,124,255,131,124
5272025028,2024-01-31,전북특별자치도,진안군,진안읍,물곡리,0,0,0,407,226,181,407,226,181
5272025029,2024-01-31,전북특별자치도,진안군,진안읍,구룡리,0,0,0,330,177,153,330,177,153
5272025030,2024-01-31,전북특별자치도,진안군,진안읍,가막리,0,0,0,115,72,43,115,72,43
5272025031,2024-01-31,전북특별자치도,진안군,진안읍,정곡리,0,0,0,195,99,96,195,99,96
5272025032,2024-01-31,전북특별자치도,진안군,진안읍,연장리,0,0,0,680,359,321,680,359,321
5272025033,2024-01-31,전북특별자치도,진안군,진안읍,운산리,0,0,0,359,189,170,359,189,170
5272031021,2024-01-31,전북특별자치도,진안군,용담면,옥거리,0,0,0,70,35,35,70,35,35
5272031022,2024-01-31,전북특별자치도,진안군,용담면,수천리,0,0,0,6,3,3,6,3,3
5272031023,2024-01-31,전북특별자치도,진안군,용담면,호계리,0,0,0,45,22,23,45,22,23
5272031024,2024-01-31,전북특별자치도,진안군,용담면,월계리,0,0,0,29,15,14,29,15,14
5272031025,2024-01-31,전북특별자치도,진안군,용담면,송풍리,0,0,0,646,312,334,646,312,334
5272031026,2024-01-31,전북특별자치도,진안군,용담면,와룡리,0,0,0,47,26,21,47,26,21
5272032021,2024-01-31,전북특별자치도,진안군,안천면,노성리,0,0,0,370,177,193,370,177,193
5272032022,2024-01-31,전북특별자치도,진안군,안천면,백화리,0,0,0,373,188,185,373,188,185
5272032023,2024-01-31,전북특별자치도,진안군,안천면,신괴리,0,0,0,254,115,139,254,115,139
5272032024,2024-01-31,전북특별자치도,진안군,안천면,삼락리,0,0,0,53,29,24,53,29,24
5272033021,2024-01-31,전북특별자치도,진안군,동향면,대량리,0,0,0,282,124,158,282,124,158
5272033022,2024-01-31,전북특별자치도,진안군,동향면,학선리,0,0,0,193,87,106,193,87,106
5272033023,2024-01-31,전북특별자치도,진안군,동향면,능금리,0,0,0,316,155,161,316,155,161
5272033024,2024-01-31,전북특별자치도,진안군,동향면,자산리,0,0,0,266,131,135,266,131,135
5272033025,2024-01-31,전북특별자치도,진안군,동향면,신송리,0,0,0,120,69,51,120,69,51
5272033026,2024-01-31,전북특별자치도,진안군,동향면,성산리,0,0,0,155,83,72,155,83,72
5272034021,2024-01-31,전북특별자치도,진안군,상전면,갈현리,0,0,0,32,17,15,32,17,15
5272034022,2024-01-31,전북특별자치도,진안군,상전면,주평리,0,0,0,387,188,199,387,188,199
5272034023,2024-01-31,전북특별자치도,진안군,상전면,수동리,0,0,0,108,56,52,108,56,52
5272034024,2024-01-31,전북특별자치도,진안군,상전면,월포리,0,0,0,173,88,85,173,88,85
5272034025,2024-01-31,전북특별자치도,진안군,상전면,구룡리,0,0,0,57,26,31,57,26,31
5272034026,2024-01-31,전북특별자치도,진안군,상전면,용평리,0,0,0,73,40,33,73,40,33
5272035021,2024-01-31,전북특별자치도,진안군,백운면,동창리,0,0,0,308,166,142,308,166,142
5272035022,2024-01-31,전북특별자치도,진안군,백운면,평장리,0,0,0,208,109,99,208,109,99
5272035023,2024-01-31,전북특별자치도,진안군,백운면,덕현리,0,0,0,223,120,103,223,120,103
5272035024,2024-01-31,전북특별자치도,진안군,백운면,남계리,0,0,0,111,63,48,111,63,48
5272035025,2024-01-31,전북특별자치도,진안군,백운면,반송리,0,0,0,166,82,84,166,82,84
5272035026,2024-01-31,전북특별자치도,진안군,백운면,신암리,0,0,0,177,95,82,177,95,82
5272035027,2024-01-31,전북특별자치도,진안군,백운면,백암리,0,0,0,358,185,173,358,185,173
5272035028,2024-01-31,전북특별자치도,진안군,백운면,노촌리,0,0,0,176,96,80,176,96,80
5272035029,2024-01-31,전북특별자치도,진안군,백운면,운교리,0,0,0,188,105,83,188,105,83
5272036021,2024-01-31,전북특별자치도,진안군,성수면,외궁리,0,0,0,225,118,107,225,118,107
5272036022,2024-01-31,전북특별자치도,진안군,성수면,좌산리,0,0,0,279,146,133,279,146,133
5272036023,2024-01-31,전북특별자치도,진안군,성수면,신기리,0,0,0,74,38,36,74,38,36
5272036024,2024-01-31,전북특별자치도,진안군,성수면,구신리,0,0,0,164,85,79,164,85,79
5272036025,2024-01-31,전북특별자치도,진안군,성수면,용포리,0,0,0,177,91,86,177,91,86
5272036026,2024-01-31,전북특별자치도,진안군,성수면,도통리,0,0,0,253,133,120,253,133,120
5272036027,2024-01-31,전북특별자치도,진안군,성수면,좌포리,0,0,0,334,168,166,334,168,166
5272036028,2024-01-31,전북특별자치도,진안군,성수면,중길리,0,0,0,188,94,94,188,94,94
5272037021,2024-01-31,전북특별자치도,진안군,마령면,평지리,0,0,0,534,280,254,534,280,254
5272037022,2024-01-31,전북특별자치도,진안군,마령면,동촌리,0,0,0,146,78,68,146,78,68
5272037023,2024-01-31,전북특별자치도,진안군,마령면,계서리,0,0,0,326,157,169,326,157,169
5272037024,2024-01-31,전북특별자치도,진안군,마령면,덕천리,0,0,0,499,273,226,499,273,226
5272037025,2024-01-31,전북특별자치도,진안군,마령면,강정리,0,0,0,215,106,109,215,106,109
5272038021,2024-01-31,전북특별자치도,진안군,부귀면,거석리,0,0,0,584,297,287,584,297,287
5272038022,2024-01-31,전북특별자치도,진안군,부귀면,오룡리,0,0,0,147,79,68,147,79,68
5272038023,2024-01-31,전북특별자치도,진안군,부귀면,세동리,0,0,0,483,262,221,483,262,221
5272038024,2024-01-31,전북특별자치도,진안군,부귀면,신정리,0,0,0,288,145,143,288,145,143
5272038025,2024-01-31,전북특별자치도,진안군,부귀면,수항리,0,0,0,358,197,161,358,197,161
5272038026,2024-01-31,전북특별자치도,진안군,부귀면,두남리,0,0,0,223,122,101,223,122,101
5272038027,2024-01-31,전북특별자치도,진안군,부귀면,황금리,0,0,0,273,146,127,273,146,127
5272038028,2024-01-31,전북특별자치도,진안군,부귀면,궁항리,0,0,0,237,130,107,237,130,107
5272038029,2024-01-31,전북특별자치도,진안군,부귀면,봉암리,0,0,0,278,131,147,278,131,147
5272039021,2024-01-31,전북특별자치도,진안군,정천면,봉학리,0,0,0,489,253,236,489,253,236
5272039022,2024-01-31,전북특별자치도,진안군,정천면,갈용리,0,0,0,228,119,109,228,119,109
5272039023,2024-01-31,전북특별자치도,진안군,정천면,모정리,0,0,0,91,49,42,91,49,42
5272039025,2024-01-31,전북특별자치도,진안군,정천면,월평리,0,0,0,227,127,100,227,127,100
5272040021,2024-01-31,전북특별자치도,진안군,주천면,주양리,0,0,0,326,163,163,326,163,163
5272040022,2024-01-31,전북특별자치도,진안군,주천면,대불리,0,0,0,367,188,179,367,188,179
5272040023,2024-01-31,전북특별자치도,진안군,주천면,운봉리,0,0,0,271,134,137,271,134,137
5272040024,2024-01-31,전북특별자치도,진안군,주천면,신양리,0,0,0,184,97,87,184,97,87
5272040025,2024-01-31,전북특별자치도,진안군,주천면,용덕리,0,0,0,145,79,66,145,79,66
5272040026,2024-01-31,전북특별자치도,진안군,주천면,무릉리,0,0,0,163,84,79,163,84,79
5273025021,2024-01-31,전북특별자치도,무주군,무주읍,읍내리,0,0,0,6109,3047,3062,6109,3047,3062
5273025022,2024-01-31,전북특별자치도,무주군,무주읍,당산리,0,0,0,1296,661,635,1296,661,635
5273025023,2024-01-31,전북특별자치도,무주군,무주읍,오산리,0,0,0,303,170,133,303,170,133
5273025024,2024-01-31,전북특별자치도,무주군,무주읍,장백리,0,0,0,125,61,64,125,61,64
5273025025,2024-01-31,전북특별자치도,무주군,무주읍,내도리,0,0,0,522,249,273,522,249,273
5273025026,2024-01-31,전북특별자치도,무주군,무주읍,대차리,0,0,0,389,191,198,389,191,198
5273025027,2024-01-31,전북특별자치도,무주군,무주읍,용포리,0,0,0,339,172,167,339,172,167
5273025028,2024-01-31,전북특별자치도,무주군,무주읍,가옥리,0,0,0,265,129,136,265,129,136
5273031021,2024-01-31,전북특별자치도,무주군,무풍면,현내리,0,0,0,521,250,271,521,250,271
5273031022,2024-01-31,전북특별자치도,무주군,무풍면,금평리,0,0,0,250,125,125,250,125,125
5273031023,2024-01-31,전북특별자치도,무주군,무풍면,지성리,0,0,0,234,114,120,234,114,120
5273031024,2024-01-31,전북특별자치도,무주군,무풍면,철목리,0,0,0,184,96,88,184,96,88
5273031025,2024-01-31,전북특별자치도,무주군,무풍면,증산리,0,0,0,188,94,94,188,94,94
5273031026,2024-01-31,전북특별자치도,무주군,무풍면,은산리,0,0,0,211,104,107,211,104,107
5273031027,2024-01-31,전북특별자치도,무주군,무풍면,덕지리,0,0,0,295,156,139,295,156,139
5273031028,2024-01-31,전북특별자치도,무주군,무풍면,삼거리,0,0,0,228,126,102,228,126,102
5273032021,2024-01-31,전북특별자치도,무주군,설천면,기곡리,0,0,0,168,80,88,168,80,88
5273032022,2024-01-31,전북특별자치도,무주군,설천면,길산리,0,0,0,137,71,66,137,71,66
5273032023,2024-01-31,전북특별자치도,무주군,설천면,청량리,0,0,0,302,141,161,302,141,161
5273032024,2024-01-31,전북특별자치도,무주군,설천면,소천리,0,0,0,1306,634,672,1306,634,672
5273032025,2024-01-31,전북특별자치도,무주군,설천면,대불리,0,0,0,196,95,101,196,95,101
5273032026,2024-01-31,전북특별자치도,무주군,설천면,미천리,0,0,0,86,44,42,86,44,42
5273032027,2024-01-31,전북특별자치도,무주군,설천면,장덕리,0,0,0,111,52,59,111,52,59
5273032028,2024-01-31,전북특별자치도,무주군,설천면,두길리,0,0,0,319,175,144,319,175,144
5273032029,2024-01-31,전북특별자치도,무주군,설천면,심곡리,0,0,0,508,263,245,508,263,245
5273032030,2024-01-31,전북특별자치도,무주군,설천면,삼공리,0,0,0,703,370,333,703,370,333
5273033021,2024-01-31,전북특별자치도,무주군,적상면,사산리,0,0,0,324,158,166,324,158,166
5273033022,2024-01-31,전북특별자치도,무주군,적상면,사천리,0,0,0,404,200,204,404,200,204
5273033023,2024-01-31,전북특별자치도,무주군,적상면,삼가리,0,0,0,494,242,252,494,242,252
5273033024,2024-01-31,전북특별자치도,무주군,적상면,삼유리,0,0,0,305,152,153,305,152,153
5273033025,2024-01-31,전북특별자치도,무주군,적상면,방이리,0,0,0,150,79,71,150,79,71
5273033026,2024-01-31,전북특별자치도,무주군,적상면,북창리,0,0,0,179,85,94,179,85,94
5273033027,2024-01-31,전북특별자치도,무주군,적상면,포내리,0,0,0,257,133,124,257,133,124
5273033028,2024-01-31,전북특별자치도,무주군,적상면,괴목리,0,0,0,405,209,196,405,209,196
5273034021,2024-01-31,전북특별자치도,무주군,안성면,장기리,0,0,0,1166,577,589,1166,577,589
5273034022,2024-01-31,전북특별자치도,무주군,안성면,공진리,0,0,0,305,147,158,305,147,158
5273034023,2024-01-31,전북특별자치도,무주군,안성면,죽천리,0,0,0,388,194,194,388,194,194
5273034024,2024-01-31,전북특별자치도,무주군,안성면,공정리,0,0,0,607,304,303,607,304,303
5273034025,2024-01-31,전북특별자치도,무주군,안성면,덕산리,0,0,0,352,176,176,352,176,176
5273034026,2024-01-31,전북특별자치도,무주군,안성면,금평리,0,0,0,307,146,161,307,146,161
5273034027,2024-01-31,전북특별자치도,무주군,안성면,사전리,0,0,0,509,252,257,509,252,257
5273034028,2024-01-31,전북특별자치도,무주군,안성면,진도리,0,0,0,412,208,204,412,208,204
5273035021,2024-01-31,전북특별자치도,무주군,부남면,대유리,0,0,0,178,88,90,178,88,90
5273035022,2024-01-31,전북특별자치도,무주군,부남면,대소리,0,0,0,325,171,154,325,171,154
5273035023,2024-01-31,전북특별자치도,무주군,부남면,고창리,0,0,0,78,36,42,78,36,42
5273035024,2024-01-31,전북특별자치도,무주군,부남면,장안리,0,0,0,260,134,126,260,134,126
5273035025,2024-01-31,전북특별자치도,무주군,부남면,굴암리,0,0,0,190,93,97,190,93,97
5273035026,2024-01-31,전북특별자치도,무주군,부남면,가당리,0,0,0,333,168,165,333,168,165
5274025021,2024-01-31,전북특별자치도,장수군,장수읍,장수리,0,0,0,2928,1407,1521,2928,1407,1521
5274025022,2024-01-31,전북특별자치도,장수군,장수읍,노하리,0,0,0,865,430,435,865,430,435
5274025023,2024-01-31,전북특별자치도,장수군,장수읍,선창리,0,0,0,375,188,187,375,188,187
5274025024,2024-01-31,전북특별자치도,장수군,장수읍,노곡리,0,0,0,440,217,223,440,217,223
5274025025,2024-01-31,전북특별자치도,장수군,장수읍,동촌리,0,0,0,192,101,91,192,101,91
5274025026,2024-01-31,전북특별자치도,장수군,장수읍,덕산리,0,0,0,107,62,45,107,62,45
5274025027,2024-01-31,전북특별자치도,장수군,장수읍,두산리,0,0,0,245,127,118,245,127,118
5274025028,2024-01-31,전북특별자치도,장수군,장수읍,개정리,0,0,0,349,177,172,349,177,172
5274025029,2024-01-31,전북특별자치도,장수군,장수읍,수분리,0,0,0,176,95,81,176,95,81
5274025030,2024-01-31,전북특별자치도,장수군,장수읍,송천리,0,0,0,595,291,304,595,291,304
5274025031,2024-01-31,전북특별자치도,장수군,장수읍,용계리,0,0,0,324,167,157,324,167,157
5274025032,2024-01-31,전북특별자치도,장수군,장수읍,대성리,0,0,0,312,165,147,312,165,147
5274025033,2024-01-31,전북특별자치도,장수군,장수읍,식천리,0,0,0,122,55,67,122,55,67
5274031021,2024-01-31,전북특별자치도,장수군,산서면,오성리,0,0,0,149,81,68,149,81,68
5274031022,2024-01-31,전북특별자치도,장수군,산서면,쌍계리,0,0,0,95,51,44,95,51,44
5274031023,2024-01-31,전북특별자치도,장수군,산서면,사계리,0,0,0,96,47,49,96,47,49
5274031024,2024-01-31,전북특별자치도,장수군,산서면,봉서리,0,0,0,77,40,37,77,40,37
5274031025,2024-01-31,전북특별자치도,장수군,산서면,하월리,0,0,0,79,38,41,79,38,41
5274031026,2024-01-31,전북특별자치도,장수군,산서면,사상리,0,0,0,98,45,53,98,45,53
5274031027,2024-01-31,전북특별자치도,장수군,산서면,이룡리,0,0,0,153,76,77,153,76,77
5274031028,2024-01-31,전북특별자치도,장수군,산서면,신창리,0,0,0,165,85,80,165,85,80
5274031029,2024-01-31,전북특별자치도,장수군,산서면,오산리,0,0,0,184,90,94,184,90,94
5274031030,2024-01-31,전북특별자치도,장수군,산서면,건지리,0,0,0,84,45,39,84,45,39
5274031031,2024-01-31,전북특별자치도,장수군,산서면,마하리,0,0,0,119,66,53,119,66,53
5274031032,2024-01-31,전북특별자치도,장수군,산서면,백운리,0,0,0,141,73,68,141,73,68
5274031033,2024-01-31,전북특별자치도,장수군,산서면,학선리,0,0,0,189,98,91,189,98,91
5274031034,2024-01-31,전북특별자치도,장수군,산서면,동화리,0,0,0,342,155,187,342,155,187
5274032021,2024-01-31,전북특별자치도,장수군,번암면,교동리,0,0,0,159,84,75,159,84,75
5274032022,2024-01-31,전북특별자치도,장수군,번암면,국포리,0,0,0,169,91,78,169,91,78
5274032023,2024-01-31,전북특별자치도,장수군,번암면,죽산리,0,0,0,139,71,68,139,71,68
5274032024,2024-01-31,전북특별자치도,장수군,번암면,사암리,0,0,0,161,73,88,161,73,88
5274032025,2024-01-31,전북특별자치도,장수군,번암면,지지리,0,0,0,126,65,61,126,65,61
5274032026,2024-01-31,전북특별자치도,장수군,번암면,동화리,0,0,0,227,120,107,227,120,107
5274032027,2024-01-31,전북특별자치도,장수군,번암면,죽림리,0,0,0,113,53,60,113,53,60
5274032028,2024-01-31,전북특별자치도,장수군,번암면,노단리,0,0,0,508,258,250,508,258,250
5274032029,2024-01-31,전북특별자치도,장수군,번암면,논곡리,0,0,0,192,94,98,192,94,98
5274032030,2024-01-31,전북특별자치도,장수군,번암면,대론리,0,0,0,222,117,105,222,117,105
5274032031,2024-01-31,전북특별자치도,장수군,번암면,유정리,0,0,0,174,89,85,174,89,85
5274033521,2024-01-31,전북특별자치도,장수군,장계면,장계리,0,0,0,2340,1167,1173,2340,1167,1173
5274033522,2024-01-31,전북특별자치도,장수군,장계면,금곡리,0,0,0,201,105,96,201,105,96
5274033523,2024-01-31,전북특별자치도,장수군,장계면,무농리,0,0,0,141,81,60,141,81,60
5274033524,2024-01-31,전북특별자치도,장수군,장계면,금덕리,0,0,0,235,126,109,235,126,109
5274033525,2024-01-31,전북특별자치도,장수군,장계면,송천리,0,0,0,153,71,82,153,71,82
5274033526,2024-01-31,전북특별자치도,장수군,장계면,월강리,0,0,0,144,76,68,144,76,68
5274033527,2024-01-31,전북특별자치도,장수군,장계면,삼봉리,0,0,0,223,114,109,223,114,109
5274033528,2024-01-31,전북특별자치도,장수군,장계면,명덕리,0,0,0,429,215,214,429,215,214
5274033529,2024-01-31,전북특별자치도,장수군,장계면,오동리,0,0,0,132,72,60,132,72,60
5274033530,2024-01-31,전북특별자치도,장수군,장계면,대곡리,0,0,0,204,104,100,204,104,100
5274034021,2024-01-31,전북특별자치도,장수군,천천면,장판리,0,0,0,148,74,74,148,74,74
5274034022,2024-01-31,전북특별자치도,장수군,천천면,월곡리,0,0,0,194,86,108,194,86,108
5274034024,2024-01-31,전북특별자치도,장수군,천천면,남양리,0,0,0,215,109,106,215,109,106
5274034025,2024-01-31,전북특별자치도,장수군,천천면,삼고리,0,0,0,180,81,99,180,81,99
5274034026,2024-01-31,전북특별자치도,장수군,천천면,봉덕리,0,0,0,112,59,53,112,59,53
5274034027,2024-01-31,전북특별자치도,장수군,천천면,춘송리,0,0,0,497,247,250,497,247,250
5274034028,2024-01-31,전북특별자치도,장수군,천천면,용광리,0,0,0,182,89,93,182,89,93
5274034029,2024-01-31,전북특별자치도,장수군,천천면,오봉리,0,0,0,158,78,80,158,78,80
5274034030,2024-01-31,전북특별자치도,장수군,천천면,연평리,0,0,0,199,95,104,199,95,104
5274034031,2024-01-31,전북특별자치도,장수군,천천면,비룡리,0,0,0,123,66,57,123,66,57
5274035021,2024-01-31,전북특별자치도,장수군,계남면,침곡리,0,0,0,336,162,174,336,162,174
5274035022,2024-01-31,전북특별자치도,장수군,계남면,화양리,0,0,0,255,123,132,255,123,132
5274035023,2024-01-31,전북특별자치도,장수군,계남면,신전리,0,0,0,360,185,175,360,185,175
5274035024,2024-01-31,전북특별자치도,장수군,계남면,호덕리,0,0,0,214,112,102,214,112,102
5274035025,2024-01-31,전북특별자치도,장수군,계남면,화음리,0,0,0,409,216,193,409,216,193
5274035026,2024-01-31,전북특별자치도,장수군,계남면,가곡리,0,0,0,128,62,66,128,62,66
5274035027,2024-01-31,전북특별자치도,장수군,계남면,궁양리,0,0,0,181,87,94,181,87,94
5274035028,2024-01-31,전북특별자치도,장수군,계남면,장안리,0,0,0,165,82,83,165,82,83
5274036021,2024-01-31,전북특별자치도,장수군,계북면,월현리,0,0,0,107,52,55,107,52,55
5274036022,2024-01-31,전북특별자치도,장수군,계북면,매계리,0,0,0,115,63,52,115,63,52
5274036023,2024-01-31,전북특별자치도,장수군,계북면,농소리,0,0,0,247,127,120,247,127,120
5274036024,2024-01-31,전북특별자치도,장수군,계북면,어전리,0,0,0,359,187,172,359,187,172
5274036025,2024-01-31,전북특별자치도,장수군,계북면,임평리,0,0,0,190,107,83,190,107,83
5274036026,2024-01-31,전북특별자치도,장수군,계북면,원촌리,0,0,0,266,136,130,266,136,130
5274036027,2024-01-31,전북특별자치도,장수군,계북면,양악리,0,0,0,218,112,106,218,112,106
5275025021,2024-01-31,전북특별자치도,임실군,임실읍,성가리,0,0,0,435,229,206,435,229,206
5275025022,2024-01-31,전북특별자치도,임실군,임실읍,이도리,0,0,0,4474,2204,2270,4474,2204,2270
5275025023,2024-01-31,전북특별자치도,임실군,임실읍,오정리,0,0,0,173,93,80,173,93,80
5275025024,2024-01-31,전북특별자치도,임실군,임실읍,두곡리,0,0,0,242,131,111,242,131,111
5275025025,2024-01-31,전북특별자치도,임실군,임실읍,갈마리,0,0,0,227,119,108,227,119,108
5275025026,2024-01-31,전북특별자치도,임실군,임실읍,감성리,0,0,0,96,44,52,96,44,52
5275025027,2024-01-31,전북특별자치도,임실군,임실읍,대곡리,0,0,0,388,227,161,388,227,161
5275025028,2024-01-31,전북특별자치도,임실군,임실읍,정월리,0,0,0,212,113,99,212,113,99
5275025029,2024-01-31,전북특별자치도,임실군,임실읍,이인리,0,0,0,74,45,29,74,45,29
5275025030,2024-01-31,전북특별자치도,임실군,임실읍,두만리,0,0,0,89,47,42,89,47,42
5275025031,2024-01-31,전북특별자치도,임실군,임실읍,장재리,0,0,0,111,55,56,111,55,56
5275025032,2024-01-31,전북특별자치도,임실군,임실읍,신안리,0,0,0,165,81,84,165,81,84
5275025033,2024-01-31,전북특별자치도,임실군,임실읍,현곡리,0,0,0,127,69,58,127,69,58
5275025034,2024-01-31,전북특별자치도,임실군,임실읍,금성리,0,0,0,190,97,93,190,97,93
5275025035,2024-01-31,전북특별자치도,임실군,임실읍,신정리,0,0,0,73,37,36,73,37,36
5275025036,2024-01-31,전북특별자치도,임실군,임실읍,망전리,0,0,0,81,48,33,81,48,33
5275031021,2024-01-31,전북특별자치도,임실군,청웅면,두복리,0,0,0,52,27,25,52,27,25
5275031022,2024-01-31,전북특별자치도,임실군,청웅면,구고리,0,0,0,451,217,234,451,217,234
5275031023,2024-01-31,전북특별자치도,임실군,청웅면,향교리,0,0,0,139,70,69,139,70,69
5275031024,2024-01-31,전북특별자치도,임실군,청웅면,옥전리,0,0,0,192,101,91,192,101,91
5275031025,2024-01-31,전북특별자치도,임실군,청웅면,석두리,0,0,0,106,45,61,106,45,61
5275031026,2024-01-31,전북특별자치도,임실군,청웅면,청계리,0,0,0,39,24,15,39,24,15
5275031027,2024-01-31,전북특별자치도,임실군,청웅면,남산리,0,0,0,141,74,67,141,74,67
5275031028,2024-01-31,전북특별자치도,임실군,청웅면,옥석리,0,0,0,110,57,53,110,57,53
5275032021,2024-01-31,전북특별자치도,임실군,운암면,학암리,0,0,0,173,90,83,173,90,83
5275032022,2024-01-31,전북특별자치도,임실군,운암면,선거리,0,0,0,134,70,64,134,70,64
5275032023,2024-01-31,전북특별자치도,임실군,운암면,월면리,0,0,0,39,15,24,39,15,24
5275032024,2024-01-31,전북특별자치도,임실군,운암면,지천리,0,0,0,28,14,14,28,14,14
5275032025,2024-01-31,전북특별자치도,임실군,운암면,사양리,0,0,0,96,45,51,96,45,51
5275032026,2024-01-31,전북특별자치도,임실군,운암면,쌍암리,0,0,0,273,146,127,273,146,127
5275032027,2024-01-31,전북특별자치도,임실군,운암면,입석리,0,0,0,38,21,17,38,21,17
5275032028,2024-01-31,전북특별자치도,임실군,운암면,용운리,0,0,0,49,25,24,49,25,24
5275032029,2024-01-31,전북특별자치도,임실군,운암면,청운리,0,0,0,57,37,20,57,37,20
5275032030,2024-01-31,전북특별자치도,임실군,운암면,마암리,0,0,0,240,117,123,240,117,123
5275032031,2024-01-31,전북특별자치도,임실군,운암면,운종리,0,0,0,123,69,54,123,69,54
5275032032,2024-01-31,전북특별자치도,임실군,운암면,운암리,0,0,0,240,125,115,240,125,115
5275032033,2024-01-31,전북특별자치도,임실군,운암면,금기리,0,0,0,23,14,9,23,14,9
5275032034,2024-01-31,전북특별자치도,임실군,운암면,운정리,0,0,0,48,21,27,48,21,27
5275033021,2024-01-31,전북특별자치도,임실군,신평면,창인리,0,0,0,111,64,47,111,64,47
5275033022,2024-01-31,전북특별자치도,임실군,신평면,대리,0,0,0,408,222,186,408,222,186
5275033023,2024-01-31,전북특별자치도,임실군,신평면,호암리,0,0,0,170,86,84,170,86,84
5275033024,2024-01-31,전북특별자치도,임실군,신평면,원천리,0,0,0,363,188,175,363,188,175
5275033025,2024-01-31,전북특별자치도,임실군,신평면,가덕리,0,0,0,110,56,54,110,56,54
5275033026,2024-01-31,전북특별자치도,임실군,신평면,덕암리,0,0,0,135,65,70,135,65,70
5275033027,2024-01-31,전북특별자치도,임실군,신평면,용암리,0,0,0,98,52,46,98,52,46
5275034021,2024-01-31,전북특별자치도,임실군,성수면,도인리,0,0,0,181,95,86,181,95,86
5275034022,2024-01-31,전북특별자치도,임실군,성수면,양지리,0,0,0,261,134,127,261,134,127
5275034023,2024-01-31,전북특별자치도,임실군,성수면,삼봉리,0,0,0,129,66,63,129,66,63
5275034024,2024-01-31,전북특별자치도,임실군,성수면,태평리,0,0,0,122,76,46,122,76,46
5275034025,2024-01-31,전북특별자치도,임실군,성수면,성수리,0,0,0,84,47,37,84,47,37
5275034026,2024-01-31,전북특별자치도,임실군,성수면,왕방리,0,0,0,123,65,58,123,65,58
5275034027,2024-01-31,전북특별자치도,임실군,성수면,오봉리,0,0,0,133,71,62,133,71,62
5275034028,2024-01-31,전북특별자치도,임실군,성수면,삼청리,0,0,0,77,42,35,77,42,35
5275034029,2024-01-31,전북특별자치도,임실군,성수면,월평리,0,0,0,191,94,97,191,94,97
5275034030,2024-01-31,전북특별자치도,임실군,성수면,봉강리,0,0,0,101,50,51,101,50,51
5275034031,2024-01-31,전북특별자치도,임실군,성수면,오류리,0,0,0,155,80,75,155,80,75
5275035521,2024-01-31,전북특별자치도,임실군,오수면,오수리,0,0,0,1601,813,788,1601,813,788
5275035522,2024-01-31,전북특별자치도,임실군,오수면,용정리,0,0,0,78,40,38,78,40,38
5275035523,2024-01-31,전북특별자치도,임실군,오수면,신기리,0,0,0,66,34,32,66,34,32
5275035524,2024-01-31,전북특별자치도,임실군,오수면,둔덕리,0,0,0,88,41,47,88,41,47
5275035525,2024-01-31,전북특별자치도,임실군,오수면,용두리,0,0,0,112,55,57,112,55,57
5275035526,2024-01-31,전북특별자치도,임실군,오수면,둔기리,0,0,0,64,30,34,64,30,34
5275035527,2024-01-31,전북특별자치도,임실군,오수면,대정리,0,0,0,116,54,62,116,54,62
5275035528,2024-01-31,전북특별자치도,임실군,오수면,대명리,0,0,0,299,147,152,299,147,152
5275035529,2024-01-31,전북특별자치도,임실군,오수면,오산리,0,0,0,130,63,67,130,63,67
5275035530,2024-01-31,전북특별자치도,임실군,오수면,주천리,0,0,0,95,52,43,95,52,43
5275035531,2024-01-31,전북특별자치도,임실군,오수면,오암리,0,0,0,181,99,82,181,99,82
5275035532,2024-01-31,전북특별자치도,임실군,오수면,봉천리,0,0,0,147,78,69,147,78,69
5275035533,2024-01-31,전북특별자치도,임실군,오수면,군평리,0,0,0,137,67,70,137,67,70
5275035534,2024-01-31,전북특별자치도,임실군,오수면,금암리,0,0,0,300,157,143,300,157,143
5275036021,2024-01-31,전북특별자치도,임실군,신덕면,수천리,0,0,0,207,106,101,207,106,101
5275036022,2024-01-31,전북특별자치도,임실군,신덕면,삼길리,0,0,0,249,125,124,249,125,124
5275036023,2024-01-31,전북특별자치도,임실군,신덕면,신흥리,0,0,0,103,48,55,103,48,55
5275036024,2024-01-31,전북특별자치도,임실군,신덕면,신덕리,0,0,0,169,95,74,169,95,74
5275036025,2024-01-31,전북특별자치도,임실군,신덕면,조월리,0,0,0,98,55,43,98,55,43
5275036026,2024-01-31,전북특별자치도,임실군,신덕면,월성리,0,0,0,69,34,35,69,34,35
5275036027,2024-01-31,전북특별자치도,임실군,신덕면,지장리,0,0,0,119,68,51,119,68,51
5275036028,2024-01-31,전북특별자치도,임실군,신덕면,금정리,0,0,0,119,64,55,119,64,55
5275036029,2024-01-31,전북특별자치도,임실군,신덕면,오궁리,0,0,0,143,76,67,143,76,67
5275037021,2024-01-31,전북특별자치도,임실군,삼계면,후천리,0,0,0,144,78,66,144,78,66
5275037022,2024-01-31,전북특별자치도,임실군,삼계면,봉현리,0,0,0,104,53,51,104,53,51
5275037023,2024-01-31,전북특별자치도,임실군,삼계면,세심리,0,0,0,146,76,70,146,76,70
5275037024,2024-01-31,전북특별자치도,임실군,삼계면,학정리,0,0,0,111,58,53,111,58,53
5275037025,2024-01-31,전북특별자치도,임실군,삼계면,죽계리,0,0,0,56,27,29,56,27,29
5275037026,2024-01-31,전북특별자치도,임실군,삼계면,홍곡리,0,0,0,114,53,61,114,53,61
5275037027,2024-01-31,전북특별자치도,임실군,삼계면,산수리,0,0,0,67,37,30,67,37,30
5275037028,2024-01-31,전북특별자치도,임실군,삼계면,삼계리,0,0,0,145,79,66,145,79,66
5275037031,2024-01-31,전북특별자치도,임실군,삼계면,오지리,0,0,0,157,81,76,157,81,76
5275037032,2024-01-31,전북특별자치도,임실군,삼계면,덕계리,0,0,0,83,48,35,83,48,35
5275037033,2024-01-31,전북특별자치도,임실군,삼계면,두월리,0,0,0,87,42,45,87,42,45
5275037034,2024-01-31,전북특별자치도,임실군,삼계면,뇌천리,0,0,0,63,35,28,63,35,28
5275037035,2024-01-31,전북특별자치도,임실군,삼계면,삼은리,0,0,0,69,36,33,69,36,33
5275037036,2024-01-31,전북특별자치도,임실군,삼계면,어은리,0,0,0,78,41,37,78,41,37
5275038022,2024-01-31,전북특별자치도,임실군,관촌면,용산리,0,0,0,94,48,46,94,48,46
5275038023,2024-01-31,전북특별자치도,임실군,관촌면,도봉리,0,0,0,166,83,83,166,83,83
5275038024,2024-01-31,전북특별자치도,임실군,관촌면,병암리,0,0,0,244,128,116,244,128,116
5275038025,2024-01-31,전북특별자치도,임실군,관촌면,덕천리,0,0,0,319,162,157,319,162,157
5275038026,2024-01-31,전북특별자치도,임실군,관촌면,관촌리,0,0,0,1283,668,615,1283,668,615
5275038027,2024-01-31,전북특별자치도,임실군,관촌면,슬치리,0,0,0,108,64,44,108,64,44
5275038028,2024-01-31,전북특별자치도,임실군,관촌면,방현리,0,0,0,178,82,96,178,82,96
5275038029,2024-01-31,전북특별자치도,임실군,관촌면,신전리,0,0,0,216,119,97,216,119,97
5275038030,2024-01-31,전북특별자치도,임실군,관촌면,상월리,0,0,0,94,55,39,94,55,39
5275038031,2024-01-31,전북특별자치도,임실군,관촌면,회봉리,0,0,0,84,47,37,84,47,37
5275038032,2024-01-31,전북특별자치도,임실군,관촌면,방수리,0,0,0,192,91,101,192,91,101
5275038033,2024-01-31,전북특별자치도,임실군,관촌면,복흥리,0,0,0,136,70,66,136,70,66
5275038034,2024-01-31,전북특별자치도,임실군,관촌면,운수리,0,0,0,44,21,23,44,21,23
5275039021,2024-01-31,전북특별자치도,임실군,강진면,백련리,0,0,0,126,75,51,126,75,51
5275039022,2024-01-31,전북특별자치도,임실군,강진면,부흥리,0,0,0,188,99,89,188,99,89
5275039023,2024-01-31,전북특별자치도,임실군,강진면,갈담리,0,0,0,396,202,194,396,202,194
5275039024,2024-01-31,전북특별자치도,임실군,강진면,회진리,0,0,0,91,50,41,91,50,41
5275039025,2024-01-31,전북특별자치도,임실군,강진면,용수리,0,0,0,117,64,53,117,64,53
5275039026,2024-01-31,전북특별자치도,임실군,강진면,옥정리,0,0,0,59,37,22,59,37,22
5275039027,2024-01-31,전북특별자치도,임실군,강진면,문방리,0,0,0,104,55,49,104,55,49
5275039028,2024-01-31,전북특별자치도,임실군,강진면,필봉리,0,0,0,115,59,56,115,59,56
5275039029,2024-01-31,전북특별자치도,임실군,강진면,학석리,0,0,0,153,81,72,153,81,72
5275039030,2024-01-31,전북특별자치도,임실군,강진면,방현리,0,0,0,49,26,23,49,26,23
5275040021,2024-01-31,전북특별자치도,임실군,덕치면,두지리,0,0,0,68,34,34,68,34,34
5275040022,2024-01-31,전북특별자치도,임실군,덕치면,사곡리,0,0,0,170,99,71,170,99,71
5275040023,2024-01-31,전북특별자치도,임실군,덕치면,가곡리,0,0,0,75,40,35,75,40,35
5275040024,2024-01-31,전북특별자치도,임실군,덕치면,천담리,0,0,0,155,85,70,155,85,70
5275040025,2024-01-31,전북특별자치도,임실군,덕치면,장암리,0,0,0,164,92,72,164,92,72
5275040026,2024-01-31,전북특별자치도,임실군,덕치면,일중리,0,0,0,127,62,65,127,62,65
5275040027,2024-01-31,전북특별자치도,임실군,덕치면,물우리,0,0,0,148,71,77,148,71,77
5275040028,2024-01-31,전북특별자치도,임실군,덕치면,회문리,0,0,0,246,124,122,246,124,122
5275041021,2024-01-31,전북특별자치도,임실군,지사면,관기리,0,0,0,80,42,38,80,42,38
5275041022,2024-01-31,전북특별자치도,임실군,지사면,원산리,0,0,0,143,73,70,143,73,70
5275041023,2024-01-31,전북특별자치도,임실군,지사면,안하리,0,0,0,149,75,74,149,75,74
5275041024,2024-01-31,전북특별자치도,임실군,지사면,금평리,0,0,0,137,75,62,137,75,62
5275041025,2024-01-31,전북특별자치도,임실군,지사면,영천리,0,0,0,206,97,109,206,97,109
5275041026,2024-01-31,전북특별자치도,임실군,지사면,방계리,0,0,0,213,103,110,213,103,110
5275041027,2024-01-31,전북특별자치도,임실군,지사면,계산리,0,0,0,233,112,121,233,112,121
5277025021,2024-01-31,전북특별자치도,순창군,순창읍,순화리,0,0,0,3405,1659,1746,3405,1659,1746
5277025022,2024-01-31,전북특별자치도,순창군,순창읍,남계리,0,0,0,3312,1588,1724,3312,1588,1724
5277025023,2024-01-31,전북특별자치도,순창군,순창읍,장덕리,0,0,0,161,79,82,161,79,82
5277025024,2024-01-31,전북특별자치도,순창군,순창읍,복실리,0,0,0,330,165,165,330,165,165
5277025025,2024-01-31,전북특별자치도,순창군,순창읍,백산리,0,0,0,390,184,206,390,184,206
5277025026,2024-01-31,전북특별자치도,순창군,순창읍,교성리,0,0,0,2280,1104,1176,2280,1104,1176
5277025027,2024-01-31,전북특별자치도,순창군,순창읍,가남리,0,0,0,284,142,142,284,142,142
5277025028,2024-01-31,전북특별자치도,순창군,순창읍,신남리,0,0,0,192,97,95,192,97,95
5277031021,2024-01-31,전북특별자치도,순창군,인계면,갑동리,0,0,0,197,99,98,197,99,98
5277031022,2024-01-31,전북특별자치도,순창군,인계면,도룡리,0,0,0,325,150,175,325,150,175
5277031023,2024-01-31,전북특별자치도,순창군,인계면,쌍암리,0,0,0,126,63,63,126,63,63
5277031024,2024-01-31,전북특별자치도,순창군,인계면,탑리,0,0,0,61,30,31,61,30,31
5277031025,2024-01-31,전북특별자치도,순창군,인계면,심초리,0,0,0,65,33,32,65,33,32
5277031026,2024-01-31,전북특별자치도,순창군,인계면,세룡리,0,0,0,104,55,49,104,55,49
5277031027,2024-01-31,전북특별자치도,순창군,인계면,마흘리,0,0,0,93,44,49,93,44,49
5277031028,2024-01-31,전북특별자치도,순창군,인계면,가성리,0,0,0,127,63,64,127,63,64
5277031029,2024-01-31,전북특별자치도,순창군,인계면,중산리,0,0,0,77,40,37,77,40,37
5277031030,2024-01-31,전북특별자치도,순창군,인계면,지산리,0,0,0,134,66,68,134,66,68
5277031031,2024-01-31,전북특별자치도,순창군,인계면,노동리,0,0,0,110,56,54,110,56,54
5277032021,2024-01-31,전북특별자치도,순창군,동계면,현포리,0,0,0,360,176,184,360,176,184
5277032022,2024-01-31,전북특별자치도,순창군,동계면,서호리,0,0,0,194,107,87,194,107,87
5277032023,2024-01-31,전북특별자치도,순창군,동계면,어치리,0,0,0,157,75,82,157,75,82
5277032024,2024-01-31,전북특별자치도,순창군,동계면,구미리,0,0,0,167,82,85,167,82,85
5277032025,2024-01-31,전북특별자치도,순창군,동계면,동심리,0,0,0,185,89,96,185,89,96
5277032026,2024-01-31,전북특별자치도,순창군,동계면,관전리,0,0,0,104,48,56,104,48,56
5277032027,2024-01-31,전북특별자치도,순창군,동계면,신흥리,0,0,0,102,58,44,102,58,44
5277032028,2024-01-31,전북특별자치도,순창군,동계면,유산리,0,0,0,49,22,27,49,22,27
5277032029,2024-01-31,전북특별자치도,순창군,동계면,이동리,0,0,0,111,54,57,111,54,57
5277032030,2024-01-31,전북특별자치도,순창군,동계면,수정리,0,0,0,102,49,53,102,49,53
5277032031,2024-01-31,전북특별자치도,순창군,동계면,주월리,0,0,0,90,43,47,90,43,47
5277032032,2024-01-31,전북특별자치도,순창군,동계면,내령리,0,0,0,119,58,61,119,58,61
5277032033,2024-01-31,전북특별자치도,순창군,동계면,수장리,0,0,0,168,84,84,168,84,84
5277033021,2024-01-31,전북특별자치도,순창군,풍산면,반월리,0,0,0,148,79,69,148,79,69
5277033022,2024-01-31,전북특별자치도,순창군,풍산면,유정리,0,0,0,139,70,69,139,70,69
5277033023,2024-01-31,전북특별자치도,순창군,풍산면,삼촌리,0,0,0,144,76,68,144,76,68
5277033024,2024-01-31,전북특별자치도,순창군,풍산면,금곡리,0,0,0,110,51,59,110,51,59
5277033025,2024-01-31,전북특별자치도,순창군,풍산면,죽전리,0,0,0,98,43,55,98,43,55
5277033026,2024-01-31,전북특별자치도,순창군,풍산면,우곡리,0,0,0,107,56,51,107,56,51
5277033027,2024-01-31,전북특별자치도,순창군,풍산면,한내리,0,0,0,104,53,51,104,53,51
5277033028,2024-01-31,전북특별자치도,순창군,풍산면,대가리,0,0,0,305,140,165,305,140,165
5277033029,2024-01-31,전북특별자치도,순창군,풍산면,두승리,0,0,0,123,59,64,123,59,64
5277033030,2024-01-31,전북특별자치도,순창군,풍산면,상촌리,0,0,0,116,66,50,116,66,50
5277033031,2024-01-31,전북특별자치도,순창군,풍산면,용내리,0,0,0,87,39,48,87,39,48
5277033032,2024-01-31,전북특별자치도,순창군,풍산면,죽곡리,0,0,0,140,70,70,140,70,70
5277034021,2024-01-31,전북특별자치도,순창군,금과면,수양리,0,0,0,90,38,52,90,38,52
5277034022,2024-01-31,전북특별자치도,순창군,금과면,발산리,0,0,0,63,32,31,63,32,31
5277034023,2024-01-31,전북특별자치도,순창군,금과면,내동리,0,0,0,214,105,109,214,105,109
5277034024,2024-01-31,전북특별자치도,순창군,금과면,동전리,0,0,0,136,72,64,136,72,64
5277034025,2024-01-31,전북특별자치도,순창군,금과면,대성리,0,0,0,76,43,33,76,43,33
5277034026,2024-01-31,전북특별자치도,순창군,금과면,청용리,0,0,0,73,43,30,73,43,30
5277034027,2024-01-31,전북특별자치도,순창군,금과면,방성리,0,0,0,108,56,52,108,56,52
5277034028,2024-01-31,전북특별자치도,순창군,금과면,남계리,0,0,0,156,72,84,156,72,84
5277034030,2024-01-31,전북특별자치도,순창군,금과면,목동리,0,0,0,156,88,68,156,88,68
5277034032,2024-01-31,전북특별자치도,순창군,금과면,방축리,0,0,0,275,142,133,275,142,133
5277034033,2024-01-31,전북특별자치도,순창군,금과면,고례리,0,0,0,108,56,52,108,56,52
5277034034,2024-01-31,전북특별자치도,순창군,금과면,장장리,0,0,0,50,25,25,50,25,25
5277034035,2024-01-31,전북특별자치도,순창군,금과면,매우리,0,0,0,206,101,105,206,101,105
5277035021,2024-01-31,전북특별자치도,순창군,팔덕면,구룡리,0,0,0,147,72,75,147,72,75
5277035022,2024-01-31,전북특별자치도,순창군,팔덕면,용산리,0,0,0,175,86,89,175,86,89
5277035023,2024-01-31,전북특별자치도,순창군,팔덕면,월곡리,0,0,0,161,88,73,161,88,73
5277035024,2024-01-31,전북특별자치도,순창군,팔덕면,광암리,0,0,0,96,53,43,96,53,43
5277035025,2024-01-31,전북특별자치도,순창군,팔덕면,청계리,0,0,0,195,99,96,195,99,96
5277035026,2024-01-31,전북특별자치도,순창군,팔덕면,서흥리,0,0,0,96,56,40,96,56,40
5277035027,2024-01-31,전북특별자치도,순창군,팔덕면,산동리,0,0,0,161,77,84,161,77,84
5277035028,2024-01-31,전북특별자치도,순창군,팔덕면,장안리,0,0,0,106,52,54,106,52,54
5277035029,2024-01-31,전북특별자치도,순창군,팔덕면,창덕리,0,0,0,105,52,53,105,52,53
5277035030,2024-01-31,전북특별자치도,순창군,팔덕면,덕천리,0,0,0,129,71,58,129,71,58
5277036021,2024-01-31,전북특별자치도,순창군,쌍치면,방산리,0,0,0,88,43,45,88,43,45
5277036023,2024-01-31,전북특별자치도,순창군,쌍치면,신성리,0,0,0,35,16,19,35,16,19
5277036024,2024-01-31,전북특별자치도,순창군,쌍치면,탕곡리,0,0,0,29,15,14,29,15,14
5277036025,2024-01-31,전북특별자치도,순창군,쌍치면,중안리,0,0,0,10,6,4,10,6,4
5277036026,2024-01-31,전북특별자치도,순창군,쌍치면,둔전리,0,0,0,107,55,52,107,55,52
5277036027,2024-01-31,전북특별자치도,순창군,쌍치면,시산리,0,0,0,68,30,38,68,30,38
5277036028,2024-01-31,전북특별자치도,순창군,쌍치면,옥산리,0,0,0,185,96,89,185,96,89
5277036029,2024-01-31,전북특별자치도,순창군,쌍치면,종암리,0,0,0,52,28,24,52,28,24
5277036030,2024-01-31,전북특별자치도,순창군,쌍치면,학선리,0,0,0,102,46,56,102,46,56
5277036031,2024-01-31,전북특별자치도,순창군,쌍치면,도고리,0,0,0,61,31,30,61,31,30
5277036032,2024-01-31,전북특별자치도,순창군,쌍치면,금평리,0,0,0,129,63,66,129,63,66
5277036033,2024-01-31,전북특별자치도,순창군,쌍치면,쌍계리,0,0,0,290,147,143,290,147,143
5277036034,2024-01-31,전북특별자치도,순창군,쌍치면,전암리,0,0,0,87,49,38,87,49,38
5277036035,2024-01-31,전북특별자치도,순창군,쌍치면,양신리,0,0,0,76,41,35,76,41,35
5277036036,2024-01-31,전북특별자치도,순창군,쌍치면,운암리,0,0,0,105,48,57,105,48,57
5277036037,2024-01-31,전북특별자치도,순창군,쌍치면,용전리,0,0,0,113,56,57,113,56,57
5277036038,2024-01-31,전북특별자치도,순창군,쌍치면,금성리,0,0,0,206,95,111,206,95,111
5277036039,2024-01-31,전북특별자치도,순창군,쌍치면,오봉리,0,0,0,48,24,24,48,24,24
5277036040,2024-01-31,전북특별자치도,순창군,쌍치면,종곡리,0,0,0,84,48,36,84,48,36
5277037021,2024-01-31,전북특별자치도,순창군,복흥면,서마리,0,0,0,188,96,92,188,96,92
5277037022,2024-01-31,전북특별자치도,순창군,복흥면,동산리,0,0,0,159,74,85,159,74,85
5277037023,2024-01-31,전북특별자치도,순창군,복흥면,화양리,0,0,0,46,24,22,46,24,22
5277037024,2024-01-31,전북특별자치도,순창군,복흥면,반월리,0,0,0,172,89,83,172,89,83
5277037025,2024-01-31,전북특별자치도,순창군,복흥면,봉덕리,0,0,0,80,40,40,80,40,40
5277037026,2024-01-31,전북특별자치도,순창군,복흥면,농암리,0,0,0,76,38,38,76,38,38
5277037027,2024-01-31,전북특별자치도,순창군,복흥면,지선리,0,0,0,69,31,38,69,31,38
5277037028,2024-01-31,전북특별자치도,순창군,복흥면,금월리,0,0,0,129,53,76,129,53,76
5277037029,2024-01-31,전북특별자치도,순창군,복흥면,어은리,0,0,0,55,28,27,55,28,27
5277037030,2024-01-31,전북특별자치도,순창군,복흥면,대방리,0,0,0,91,41,50,91,41,50
5277037031,2024-01-31,전북특별자치도,순창군,복흥면,정산리,0,0,0,407,187,220,407,187,220
5277037032,2024-01-31,전북특별자치도,순창군,복흥면,산정리,0,0,0,40,19,21,40,19,21
5277037033,2024-01-31,전북특별자치도,순창군,복흥면,주평리,0,0,0,78,41,37,78,41,37
5277037034,2024-01-31,전북특별자치도,순창군,복흥면,상송리,0,0,0,44,23,21,44,23,21
5277037035,2024-01-31,전북특별자치도,순창군,복흥면,하리,0,0,0,136,63,73,136,63,73
5277037036,2024-01-31,전북특별자치도,순창군,복흥면,답동리,0,0,0,182,92,90,182,92,90
5277037037,2024-01-31,전북특별자치도,순창군,복흥면,석보리,0,0,0,83,43,40,83,43,40
5277038021,2024-01-31,전북특별자치도,순창군,적성면,지북리,0,0,0,154,64,90,154,64,90
5277038022,2024-01-31,전북특별자치도,순창군,적성면,대산리,0,0,0,76,35,41,76,35,41
5277038023,2024-01-31,전북특별자치도,순창군,적성면,운림리,0,0,0,139,70,69,139,70,69
5277038024,2024-01-31,전북특별자치도,순창군,적성면,고원리,0,0,0,281,130,151,281,130,151
5277038025,2024-01-31,전북특별자치도,순창군,적성면,내월리,0,0,0,201,100,101,201,100,101
5277038026,2024-01-31,전북특별자치도,순창군,적성면,평남리,0,0,0,88,40,48,88,40,48
5277038027,2024-01-31,전북특별자치도,순창군,적성면,괴정리,0,0,0,190,103,87,190,103,87
5277038028,2024-01-31,전북특별자치도,순창군,적성면,석산리,0,0,0,89,45,44,89,45,44
5277039021,2024-01-31,전북특별자치도,순창군,유등면,창신리,0,0,0,118,59,59,118,59,59
5277039022,2024-01-31,전북특별자치도,순창군,유등면,건곡리,0,0,0,282,136,146,282,136,146
5277039023,2024-01-31,전북특별자치도,순창군,유등면,외이리,0,0,0,165,82,83,165,82,83
5277039024,2024-01-31,전북특별자치도,순창군,유등면,오교리,0,0,0,110,58,52,110,58,52
5277039025,2024-01-31,전북특별자치도,순창군,유등면,유촌리,0,0,0,210,97,113,210,97,113
5277039026,2024-01-31,전북특별자치도,순창군,유등면,무수리,0,0,0,123,62,61,123,62,61
5277040021,2024-01-31,전북특별자치도,순창군,구림면,운남리,0,0,0,372,177,195,372,177,195
5277040022,2024-01-31,전북특별자치도,순창군,구림면,구암리,0,0,0,164,77,87,164,77,87
5277040023,2024-01-31,전북특별자치도,순창군,구림면,구산리,0,0,0,160,78,82,160,78,82
5277040024,2024-01-31,전북특별자치도,순창군,구림면,성곡리,0,0,0,100,53,47,100,53,47
5277040025,2024-01-31,전북특별자치도,순창군,구림면,율북리,0,0,0,124,67,57,124,67,57
5277040026,2024-01-31,전북특별자치도,순창군,구림면,안정리,0,0,0,192,92,100,192,92,100
5277040027,2024-01-31,전북특별자치도,순창군,구림면,금천리,0,0,0,118,57,61,118,57,61
5277040028,2024-01-31,전북특별자치도,순창군,구림면,금창리,0,0,0,103,53,50,103,53,50
5277040029,2024-01-31,전북특별자치도,순창군,구림면,방화리,0,0,0,166,86,80,166,86,80
5277040030,2024-01-31,전북특별자치도,순창군,구림면,운북리,0,0,0,109,55,54,109,55,54
5277040031,2024-01-31,전북특별자치도,순창군,구림면,월정리,0,0,0,228,110,118,228,110,118
5277040032,2024-01-31,전북특별자치도,순창군,구림면,자양리,0,0,0,123,63,60,123,63,60
5277040033,2024-01-31,전북특별자치도,순창군,구림면,구곡리,0,0,0,101,45,56,101,45,56
5277040034,2024-01-31,전북특별자치도,순창군,구림면,화암리,0,0,0,164,80,84,164,80,84
5279025021,2024-01-31,전북특별자치도,고창군,고창읍,읍내리,0,0,0,7416,3598,3818,7416,3598,3818
5279025022,2024-01-31,전북특별자치도,고창군,고창읍,교촌리,0,0,0,3298,1647,1651,3298,1647,1651
5279025023,2024-01-31,전북특별자치도,고창군,고창읍,월곡리,0,0,0,3445,1697,1748,3445,1697,1748
5279025024,2024-01-31,전북특별자치도,고창군,고창읍,월암리,0,0,0,139,67,72,139,67,72
5279025025,2024-01-31,전북특별자치도,고창군,고창읍,석정리,0,0,0,1280,610,670,1280,610,670
5279025026,2024-01-31,전북특별자치도,고창군,고창읍,월산리,0,0,0,286,136,150,286,136,150
5279025027,2024-01-31,전북특별자치도,고창군,고창읍,노동리,0,0,0,91,45,46,91,45,46
5279025028,2024-01-31,전북특별자치도,고창군,고창읍,화산리,0,0,0,64,34,30,64,34,30
5279025029,2024-01-31,전북특별자치도,고창군,고창읍,내동리,0,0,0,155,79,76,155,79,76
5279025030,2024-01-31,전북특별자치도,고창군,고창읍,덕산리,0,0,0,1225,687,538,1225,687,538
5279025031,2024-01-31,전북특별자치도,고창군,고창읍,주곡리,0,0,0,288,146,142,288,146,142
5279025032,2024-01-31,전북특별자치도,고창군,고창읍,도산리,0,0,0,213,103,110,213,103,110
5279025033,2024-01-31,전북특별자치도,고창군,고창읍,죽림리,0,0,0,168,92,76,168,92,76
5279025034,2024-01-31,전북특별자치도,고창군,고창읍,신월리,0,0,0,242,114,128,242,114,128
5279025035,2024-01-31,전북특별자치도,고창군,고창읍,덕정리,0,0,0,213,109,104,213,109,104
5279025036,2024-01-31,전북특별자치도,고창군,고창읍,율계리,0,0,0,251,120,131,251,120,131
5279025037,2024-01-31,전북특별자치도,고창군,고창읍,석교리,0,0,0,1635,781,854,1635,781,854
5279025038,2024-01-31,전북특별자치도,고창군,고창읍,성두리,0,0,0,213,116,97,213,116,97
5279031021,2024-01-31,전북특별자치도,고창군,고수면,와촌리,0,0,0,117,50,67,117,50,67
5279031022,2024-01-31,전북특별자치도,고창군,고수면,황산리,0,0,0,519,267,252,519,267,252
5279031023,2024-01-31,전북특별자치도,고창군,고수면,봉산리,0,0,0,118,49,69,118,49,69
5279031024,2024-01-31,전북특별자치도,고창군,고수면,우평리,0,0,0,114,58,56,114,58,56
5279031025,2024-01-31,전북특별자치도,고창군,고수면,남산리,0,0,0,211,113,98,211,113,98
5279031026,2024-01-31,전북특별자치도,고창군,고수면,예지리,0,0,0,71,37,34,71,37,34
5279031027,2024-01-31,전북특별자치도,고창군,고수면,인성리,0,0,0,130,63,67,130,63,67
5279031028,2024-01-31,전북특별자치도,고창군,고수면,장두리,0,0,0,210,116,94,210,116,94
5279031029,2024-01-31,전북특별자치도,고창군,고수면,초내리,0,0,0,149,75,74,149,75,74
5279031030,2024-01-31,전북특별자치도,고창군,고수면,평지리,0,0,0,83,41,42,83,41,42
5279031031,2024-01-31,전북특별자치도,고창군,고수면,부곡리,0,0,0,220,114,106,220,114,106
5279031032,2024-01-31,전북특별자치도,고창군,고수면,상평리,0,0,0,138,69,69,138,69,69
5279031033,2024-01-31,전북특별자치도,고창군,고수면,두평리,0,0,0,90,43,47,90,43,47
5279031034,2024-01-31,전북특별자치도,고창군,고수면,은사리,0,0,0,107,66,41,107,66,41
5279032021,2024-01-31,전북특별자치도,고창군,아산면,봉덕리,0,0,0,97,44,53,97,44,53
5279032022,2024-01-31,전북특별자치도,고창군,아산면,중월리,0,0,0,162,92,70,162,92,70
5279032023,2024-01-31,전북특별자치도,고창군,아산면,목동리,0,0,0,137,71,66,137,71,66
5279032024,2024-01-31,전북특별자치도,고창군,아산면,상갑리,0,0,0,162,80,82,162,80,82
5279032025,2024-01-31,전북특별자치도,고창군,아산면,하갑리,0,0,0,208,113,95,208,113,95
5279032026,2024-01-31,전북특별자치도,고창군,아산면,대동리,0,0,0,133,68,65,133,68,65
5279032027,2024-01-31,전북특별자치도,고창군,아산면,주진리,0,0,0,92,46,46,92,46,46
5279032028,2024-01-31,전북특별자치도,고창군,아산면,남산리,0,0,0,222,115,107,222,115,107
5279032029,2024-01-31,전북특별자치도,고창군,아산면,성산리,0,0,0,301,149,152,301,149,152
5279032030,2024-01-31,전북특별자치도,고창군,아산면,학전리,0,0,0,179,95,84,179,95,84
5279032031,2024-01-31,전북특별자치도,고창군,아산면,운곡리,0,0,0,1,1,0,1,1,0
5279032032,2024-01-31,전북특별자치도,고창군,아산면,용계리,0,0,0,50,25,25,50,25,25
5279032033,2024-01-31,전북특별자치도,고창군,아산면,계산리,0,0,0,134,72,62,134,72,62
5279032034,2024-01-31,전북특별자치도,고창군,아산면,구암리,0,0,0,131,63,68,131,63,68
5279032035,2024-01-31,전북특별자치도,고창군,아산면,반암리,0,0,0,272,141,131,272,141,131
5279032036,2024-01-31,전북특별자치도,고창군,아산면,삼인리,0,0,0,225,124,101,225,124,101
5279033021,2024-01-31,전북특별자치도,고창군,무장면,무장리,0,0,0,558,291,267,558,291,267
5279033022,2024-01-31,전북특별자치도,고창군,무장면,성내리,0,0,0,97,46,51,97,46,51
5279033023,2024-01-31,전북특별자치도,고창군,무장면,교흥리,0,0,0,160,90,70,160,90,70
5279033024,2024-01-31,전북특별자치도,고창군,무장면,송현리,0,0,0,83,39,44,83,39,44
5279033025,2024-01-31,전북특별자치도,고창군,무장면,원촌리,0,0,0,122,65,57,122,65,57
5279033026,2024-01-31,전북특별자치도,고창군,무장면,강남리,0,0,0,339,181,158,339,181,158
5279033027,2024-01-31,전북특별자치도,고창군,무장면,목우리,0,0,0,186,88,98,186,88,98
5279033028,2024-01-31,전북특별자치도,고창군,무장면,덕림리,0,0,0,109,48,61,109,48,61
5279033029,2024-01-31,전북특별자치도,고창군,무장면,옥산리,0,0,0,203,98,105,203,98,105
5279033030,2024-01-31,전북특별자치도,고창군,무장면,고라리,0,0,0,111,58,53,111,58,53
5279033031,2024-01-31,전북특별자치도,고창군,무장면,백양리,0,0,0,131,60,71,131,60,71
5279033032,2024-01-31,전북특별자치도,고창군,무장면,신촌리,0,0,0,122,63,59,122,63,59
5279033033,2024-01-31,전북특별자치도,고창군,무장면,만화리,0,0,0,110,55,55,110,55,55
5279033034,2024-01-31,전북특별자치도,고창군,무장면,월림리,0,0,0,112,62,50,112,62,50
5279033035,2024-01-31,전북특별자치도,고창군,무장면,도곡리,0,0,0,120,54,66,120,54,66
5279033036,2024-01-31,전북특별자치도,고창군,무장면,송계리,0,0,0,70,34,36,70,34,36
5279034021,2024-01-31,전북특별자치도,고창군,공음면,두암리,0,0,0,89,44,45,89,44,45
5279034022,2024-01-31,전북특별자치도,고창군,공음면,신대리,0,0,0,94,44,50,94,44,50
5279034023,2024-01-31,전북특별자치도,고창군,공음면,구암리,0,0,0,201,93,108,201,93,108
5279034024,2024-01-31,전북특별자치도,고창군,공음면,석교리,0,0,0,132,56,76,132,56,76
5279034025,2024-01-31,전북특별자치도,고창군,공음면,장곡리,0,0,0,165,78,87,165,78,87
5279034026,2024-01-31,전북특별자치도,고창군,공음면,칠암리,0,0,0,454,233,221,454,233,221
5279034027,2024-01-31,전북특별자치도,고창군,공음면,용수리,0,0,0,174,93,81,174,93,81
5279034028,2024-01-31,전북특별자치도,고창군,공음면,선동리,0,0,0,293,146,147,293,146,147
5279034029,2024-01-31,전북특별자치도,고창군,공음면,건동리,0,0,0,140,76,64,140,76,64
5279034030,2024-01-31,전북특별자치도,고창군,공음면,군유리,0,0,0,172,83,89,172,83,89
5279034031,2024-01-31,전북특별자치도,고창군,공음면,예전리,0,0,0,230,106,124,230,106,124
5279034032,2024-01-31,전북특별자치도,고창군,공음면,덕암리,0,0,0,171,83,88,171,83,88
5279035021,2024-01-31,전북특별자치도,고창군,상하면,장산리,0,0,0,156,77,79,156,77,79
5279035022,2024-01-31,전북특별자치도,고창군,상하면,장호리,0,0,0,235,113,122,235,113,122
5279035023,2024-01-31,전북특별자치도,고창군,상하면,용정리,0,0,0,246,126,120,246,126,120
5279035024,2024-01-31,전북특별자치도,고창군,상하면,자룡리,0,0,0,405,207,198,405,207,198
5279035025,2024-01-31,전북특별자치도,고창군,상하면,석남리,0,0,0,197,96,101,197,96,101
5279035026,2024-01-31,전북특별자치도,고창군,상하면,하장리,0,0,0,494,253,241,494,253,241
5279035027,2024-01-31,전북특별자치도,고창군,상하면,용대리,0,0,0,226,102,124,226,102,124
5279035028,2024-01-31,전북특별자치도,고창군,상하면,검산리,0,0,0,217,106,111,217,106,111
5279035029,2024-01-31,전북특별자치도,고창군,상하면,송곡리,0,0,0,105,53,52,105,53,52
5279036021,2024-01-31,전북특별자치도,고창군,해리면,하련리,0,0,0,562,281,281,562,281,281
5279036022,2024-01-31,전북특별자치도,고창군,해리면,평지리,0,0,0,149,76,73,149,76,73
5279036023,2024-01-31,전북특별자치도,고창군,해리면,고성리,0,0,0,117,55,62,117,55,62
5279036024,2024-01-31,전북특별자치도,고창군,해리면,송산리,0,0,0,154,75,79,154,75,79
5279036025,2024-01-31,전북특별자치도,고창군,해리면,안산리,0,0,0,169,86,83,169,86,83
5279036026,2024-01-31,전북특별자치도,고창군,해리면,왕촌리,0,0,0,216,107,109,216,107,109
5279036027,2024-01-31,전북특별자치도,고창군,해리면,라성리,0,0,0,153,72,81,153,72,81
5279036028,2024-01-31,전북특별자치도,고창군,해리면,사반리,0,0,0,174,82,92,174,82,92
5279036029,2024-01-31,전북특별자치도,고창군,해리면,방축리,0,0,0,54,24,30,54,24,30
5279036030,2024-01-31,전북특별자치도,고창군,해리면,금평리,0,0,0,188,91,97,188,91,97
5279036031,2024-01-31,전북특별자치도,고창군,해리면,광승리,0,0,0,280,136,144,280,136,144
5279036032,2024-01-31,전북특별자치도,고창군,해리면,동호리,0,0,0,324,175,149,324,175,149
5279037021,2024-01-31,전북특별자치도,고창군,성송면,산수리,0,0,0,149,75,74,149,75,74
5279037022,2024-01-31,전북특별자치도,고창군,성송면,하고리,0,0,0,186,96,90,186,96,90
5279037023,2024-01-31,전북특별자치도,고창군,성송면,무송리,0,0,0,133,69,64,133,69,64
5279037024,2024-01-31,전북특별자치도,고창군,성송면,암치리,0,0,0,167,86,81,167,86,81
5279037025,2024-01-31,전북특별자치도,고창군,성송면,계당리,0,0,0,241,114,127,241,114,127
5279037026,2024-01-31,전북특별자치도,고창군,성송면,판정리,0,0,0,156,84,72,156,84,72
5279037027,2024-01-31,전북특별자치도,고창군,성송면,괴치리,0,0,0,116,57,59,116,57,59
5279037028,2024-01-31,전북특별자치도,고창군,성송면,향산리,0,0,0,163,87,76,163,87,76
5279037029,2024-01-31,전북특별자치도,고창군,성송면,학천리,0,0,0,121,57,64,121,57,64
5279037030,2024-01-31,전북특별자치도,고창군,성송면,사내리,0,0,0,94,53,41,94,53,41
5279037031,2024-01-31,전북특별자치도,고창군,성송면,낙양리,0,0,0,151,76,75,151,76,75
5279038021,2024-01-31,전북특별자치도,고창군,대산면,성남리,0,0,0,159,81,78,159,81,78
5279038022,2024-01-31,전북특별자치도,고창군,대산면,광대리,0,0,0,164,84,80,164,84,80
5279038023,2024-01-31,전북특별자치도,고창군,대산면,덕천리,0,0,0,207,104,103,207,104,103
5279038024,2024-01-31,전북특별자치도,고창군,대산면,중산리,0,0,0,203,96,107,203,96,107
5279038025,2024-01-31,전북특별자치도,고창군,대산면,매산리,0,0,0,833,413,420,833,413,420
5279038026,2024-01-31,전북특별자치도,고창군,대산면,산정리,0,0,0,162,82,80,162,82,80
5279038027,2024-01-31,전북특별자치도,고창군,대산면,율촌리,0,0,0,152,80,72,152,80,72
5279038028,2024-01-31,전북특별자치도,고창군,대산면,춘산리,0,0,0,220,106,114,220,106,114
5279038029,2024-01-31,전북특별자치도,고창군,대산면,연동리,0,0,0,182,98,84,182,98,84
5279038030,2024-01-31,전북특별자치도,고창군,대산면,갈마리,0,0,0,101,51,50,101,51,50
5279038031,2024-01-31,전북특별자치도,고창군,대산면,해룡리,0,0,0,144,66,78,144,66,78
5279038032,2024-01-31,전북특별자치도,고창군,대산면,대장리,0,0,0,106,43,63,106,43,63
5279038033,2024-01-31,전북특별자치도,고창군,대산면,회룡리,0,0,0,100,48,52,100,48,52
5279038034,2024-01-31,전북특별자치도,고창군,대산면,지석리,0,0,0,109,44,65,109,44,65
5279038035,2024-01-31,전북특별자치도,고창군,대산면,상금리,0,0,0,167,93,74,167,93,74
5279039021,2024-01-31,전북특별자치도,고창군,심원면,궁산리,0,0,0,70,38,32,70,38,32
5279039022,2024-01-31,전북특별자치도,고창군,심원면,주산리,0,0,0,220,105,115,220,105,115
5279039023,2024-01-31,전북특별자치도,고창군,심원면,고전리,0,0,0,184,95,89,184,95,89
5279039024,2024-01-31,전북특별자치도,고창군,심원면,만돌리,0,0,0,362,185,177,362,185,177
5279039025,2024-01-31,전북특별자치도,고창군,심원면,두어리,0,0,0,118,58,60,118,58,60
5279039026,2024-01-31,전북특별자치도,고창군,심원면,도천리,0,0,0,133,71,62,133,71,62
5279039027,2024-01-31,전북특별자치도,고창군,심원면,연화리,0,0,0,320,148,172,320,148,172
5279039028,2024-01-31,전북특별자치도,고창군,심원면,월산리,0,0,0,363,189,174,363,189,174
5279039029,2024-01-31,전북특별자치도,고창군,심원면,하전리,0,0,0,447,240,207,447,240,207
5279039030,2024-01-31,전북특별자치도,고창군,심원면,용기리,0,0,0,130,62,68,130,62,68
5279040021,2024-01-31,전북특별자치도,고창군,흥덕면,흥덕리,0,0,0,869,451,418,869,451,418
5279040022,2024-01-31,전북특별자치도,고창군,흥덕면,동사리,0,0,0,280,135,145,280,135,145
5279040023,2024-01-31,전북특별자치도,고창군,흥덕면,치룡리,0,0,0,193,92,101,193,92,101
5279040024,2024-01-31,전북특별자치도,고창군,흥덕면,신송리,0,0,0,119,55,64,119,55,64
5279040025,2024-01-31,전북특별자치도,고창군,흥덕면,하남리,0,0,0,64,29,35,64,29,35
5279040026,2024-01-31,전북특별자치도,고창군,흥덕면,용반리,0,0,0,147,73,74,147,73,74
5279040027,2024-01-31,전북특별자치도,고창군,흥덕면,신덕리,0,0,0,188,95,93,188,95,93
5279040028,2024-01-31,전북특별자치도,고창군,흥덕면,후포리,0,0,0,148,65,83,148,65,83
5279040029,2024-01-31,전북특별자치도,고창군,흥덕면,사포리,0,0,0,117,62,55,117,62,55
5279040030,2024-01-31,전북특별자치도,고창군,흥덕면,교운리,0,0,0,57,31,26,57,31,26
5279040031,2024-01-31,전북특별자치도,고창군,흥덕면,석우리,0,0,0,69,33,36,69,33,36
5279040032,2024-01-31,전북특별자치도,고창군,흥덕면,오호리,0,0,0,110,62,48,110,62,48
5279040033,2024-01-31,전북특별자치도,고창군,흥덕면,석교리,0,0,0,50,22,28,50,22,28
5279040034,2024-01-31,전북특별자치도,고창군,흥덕면,사천리,0,0,0,213,107,106,213,107,106
5279040035,2024-01-31,전북특별자치도,고창군,흥덕면,제하리,0,0,0,125,54,71,125,54,71
5279040036,2024-01-31,전북특별자치도,고창군,흥덕면,송암리,0,0,0,185,89,96,185,89,96
5279041021,2024-01-31,전북특별자치도,고창군,성내면,양계리,0,0,0,233,115,118,233,115,118
5279041022,2024-01-31,전북특별자치도,고창군,성내면,월성리,0,0,0,138,78,60,138,78,60
5279041023,2024-01-31,전북특별자치도,고창군,성내면,조동리,0,0,0,173,91,82,173,91,82
5279041024,2024-01-31,전북특별자치도,고창군,성내면,부덕리,0,0,0,97,54,43,97,54,43
5279041025,2024-01-31,전북특별자치도,고창군,성내면,덕산리,0,0,0,93,51,42,93,51,42
5279041026,2024-01-31,전북특별자치도,고창군,성내면,신성리,0,0,0,276,142,134,276,142,134
5279041027,2024-01-31,전북특별자치도,고창군,성내면,동산리,0,0,0,110,55,55,110,55,55
5279041028,2024-01-31,전북특별자치도,고창군,성내면,월산리,0,0,0,143,69,74,143,69,74
5279041029,2024-01-31,전북특별자치도,고창군,성내면,옥제리,0,0,0,160,92,68,160,92,68
5279041030,2024-01-31,전북특별자치도,고창군,성내면,대흥리,0,0,0,66,37,29,66,37,29
5279041031,2024-01-31,전북특별자치도,고창군,성내면,신대리,0,0,0,111,59,52,111,59,52
5279041032,2024-01-31,전북특별자치도,고창군,성내면,용교리,0,0,0,112,64,48,112,64,48
5279041033,2024-01-31,전북특별자치도,고창군,성내면,산림리,0,0,0,128,62,66,128,62,66
5279042021,2024-01-31,전북특별자치도,고창군,신림면,무림리,0,0,0,246,113,133,246,113,133
5279042022,2024-01-31,전북특별자치도,고창군,신림면,외화리,0,0,0,167,79,88,167,79,88
5279042023,2024-01-31,전북특별자치도,고창군,신림면,도림리,0,0,0,164,83,81,164,83,81
5279042024,2024-01-31,전북특별자치도,고창군,신림면,덕화리,0,0,0,76,39,37,76,39,37
5279042025,2024-01-31,전북특별자치도,고창군,신림면,가평리,0,0,0,167,84,83,167,84,83
5279042026,2024-01-31,전북특별자치도,고창군,신림면,신평리,0,0,0,137,70,67,137,70,67
5279042027,2024-01-31,전북특별자치도,고창군,신림면,반룡리,0,0,0,140,64,76,140,64,76
5279042028,2024-01-31,전북특별자치도,고창군,신림면,세곡리,0,0,0,86,48,38,86,48,38
5279042029,2024-01-31,전북특별자치도,고창군,신림면,자포리,0,0,0,179,85,94,179,85,94
5279042030,2024-01-31,전북특별자치도,고창군,신림면,송용리,0,0,0,191,91,100,191,91,100
5279042031,2024-01-31,전북특별자치도,고창군,신림면,법지리,0,0,0,195,93,102,195,93,102
5279042032,2024-01-31,전북특별자치도,고창군,신림면,벽송리,0,0,0,195,105,90,195,105,90
5279042033,2024-01-31,전북특별자치도,고창군,신림면,부송리,0,0,0,125,62,63,125,62,63
5279043021,2024-01-31,전북특별자치도,고창군,부안면,중흥리,0,0,0,205,103,102,205,103,102
5279043022,2024-01-31,전북특별자치도,고창군,부안면,오산리,0,0,0,203,100,103,203,100,103
5279043023,2024-01-31,전북특별자치도,고창군,부안면,수남리,0,0,0,119,60,59,119,60,59
5279043024,2024-01-31,전북특별자치도,고창군,부안면,검산리,0,0,0,155,80,75,155,80,75
5279043025,2024-01-31,전북특별자치도,고창군,부안면,수동리,0,0,0,201,100,101,201,100,101
5279043026,2024-01-31,전북특별자치도,고창군,부안면,수앙리,0,0,0,229,111,118,229,111,118
5279043027,2024-01-31,전북특별자치도,고창군,부안면,상암리,0,0,0,318,160,158,318,160,158
5279043028,2024-01-31,전북특별자치도,고창군,부안면,봉암리,0,0,0,179,91,88,179,91,88
5279043029,2024-01-31,전북특별자치도,고창군,부안면,송현리,0,0,0,194,96,98,194,96,98
5279043030,2024-01-31,전북특별자치도,고창군,부안면,선운리,0,0,0,138,63,75,138,63,75
5279043031,2024-01-31,전북특별자치도,고창군,부안면,용산리,0,0,0,288,155,133,288,155,133
5279043032,2024-01-31,전북특별자치도,고창군,부안면,상등리,0,0,0,154,76,78,154,76,78
5279043033,2024-01-31,전북특별자치도,고창군,부안면,사창리,0,0,0,129,66,63,129,66,63
5279043034,2024-01-31,전북특별자치도,고창군,부안면,운양리,0,0,0,140,66,74,140,66,74
5280025021,2024-01-31,전북특별자치도,부안군,부안읍,동중리,0,0,0,1507,758,749,1507,758,749
5280025022,2024-01-31,전북특별자치도,부안군,부안읍,서외리,0,0,0,4418,2156,2262,4418,2156,2262
5280025023,2024-01-31,전북특별자치도,부안군,부안읍,선은리,0,0,0,2150,1046,1104,2150,1046,1104
5280025024,2024-01-31,전북특별자치도,부안군,부안읍,봉덕리,0,0,0,10420,5010,5410,10420,5010,5410
5280025025,2024-01-31,전북특별자치도,부안군,부안읍,신운리,0,0,0,235,121,114,235,121,114
5280025026,2024-01-31,전북특별자치도,부안군,부안읍,모산리,0,0,0,408,218,190,408,218,190
5280025027,2024-01-31,전북특별자치도,부안군,부안읍,행중리,0,0,0,206,98,108,206,98,108
5280025028,2024-01-31,전북특별자치도,부안군,부안읍,연곡리,0,0,0,214,117,97,214,117,97
5280025029,2024-01-31,전북특별자치도,부안군,부안읍,옹중리,0,0,0,271,127,144,271,127,144
5280025030,2024-01-31,전북특별자치도,부안군,부안읍,내요리,0,0,0,334,166,168,334,166,168
5280025031,2024-01-31,전북특별자치도,부안군,부안읍,외하리,0,0,0,129,61,68,129,61,68
5280025032,2024-01-31,전북특별자치도,부안군,부안읍,신흥리,0,0,0,224,116,108,224,116,108
5280031021,2024-01-31,전북특별자치도,부안군,주산면,소주리,0,0,0,220,102,118,220,102,118
5280031022,2024-01-31,전북특별자치도,부안군,주산면,덕림리,0,0,0,265,133,132,265,133,132
5280031023,2024-01-31,전북특별자치도,부안군,주산면,동정리,0,0,0,183,73,110,183,73,110
5280031024,2024-01-31,전북특별자치도,부안군,주산면,소산리,0,0,0,149,74,75,149,74,75
5280031025,2024-01-31,전북특별자치도,부안군,주산면,갈촌리,0,0,0,211,108,103,211,108,103
5280031026,2024-01-31,전북특별자치도,부안군,주산면,사산리,0,0,0,257,136,121,257,136,121
5280031027,2024-01-31,전북특별자치도,부안군,주산면,돈계리,0,0,0,221,118,103,221,118,103
5280031028,2024-01-31,전북특별자치도,부안군,주산면,백석리,0,0,0,237,122,115,237,122,115
5280032021,2024-01-31,전북특별자치도,부안군,동진면,봉황리,0,0,0,335,168,167,335,168,167
5280032022,2024-01-31,전북특별자치도,부안군,동진면,내기리,0,0,0,152,89,63,152,89,63
5280032023,2024-01-31,전북특별자치도,부안군,동진면,하장리,0,0,0,365,194,171,365,194,171
5280032024,2024-01-31,전북특별자치도,부안군,동진면,장등리,0,0,0,254,137,117,254,137,117
5280032025,2024-01-31,전북특별자치도,부안군,동진면,동전리,0,0,0,421,222,199,421,222,199
5280032026,2024-01-31,전북특별자치도,부안군,동진면,안성리,0,0,0,408,185,223,408,185,223
5280032027,2024-01-31,전북특별자치도,부안군,동진면,본덕리,0,0,0,186,97,89,186,97,89
5280032028,2024-01-31,전북특별자치도,부안군,동진면,증산리,0,0,0,201,98,103,201,98,103
5280032029,2024-01-31,전북특별자치도,부안군,동진면,당상리,0,0,0,257,127,130,257,127,130
5280033021,2024-01-31,전북특별자치도,부안군,행안면,역리,0,0,0,425,218,207,425,218,207
5280033022,2024-01-31,전북특별자치도,부안군,행안면,삼간리,0,0,0,477,242,235,477,242,235
5280033023,2024-01-31,전북특별자치도,부안군,행안면,진동리,0,0,0,514,267,247,514,267,247
5280033024,2024-01-31,전북특별자치도,부안군,행안면,대초리,0,0,0,273,148,125,273,148,125
5280033025,2024-01-31,전북특별자치도,부안군,행안면,신기리,0,0,0,358,193,165,358,193,165
5280034021,2024-01-31,전북특별자치도,부안군,계화면,계화리,0,0,0,692,352,340,692,352,340
5280034022,2024-01-31,전북특별자치도,부안군,계화면,창북리,0,0,0,1506,743,763,1506,743,763
5280034023,2024-01-31,전북특별자치도,부안군,계화면,양산리,0,0,0,276,136,140,276,136,140
5280034024,2024-01-31,전북특별자치도,부안군,계화면,궁안리,0,0,0,136,72,64,136,72,64
5280034025,2024-01-31,전북특별자치도,부안군,계화면,의복리,0,0,0,440,217,223,440,217,223
5280035021,2024-01-31,전북특별자치도,부안군,보안면,영전리,0,0,0,344,171,173,344,171,173
5280035022,2024-01-31,전북특별자치도,부안군,보안면,상입석리,0,0,0,143,66,77,143,66,77
5280035023,2024-01-31,전북특별자치도,부안군,보안면,남포리,0,0,0,292,143,149,292,143,149
5280035024,2024-01-31,전북특별자치도,부안군,보안면,우동리,0,0,0,280,149,131,280,149,131
5280035025,2024-01-31,전북특별자치도,부안군,보안면,신복리,0,0,0,193,98,95,193,98,95
5280035026,2024-01-31,전북특별자치도,부안군,보안면,유천리,0,0,0,302,153,149,302,153,149
5280035027,2024-01-31,전북특별자치도,부안군,보안면,하입석리,0,0,0,198,100,98,198,100,98
5280035028,2024-01-31,전북특별자치도,부안군,보안면,상림리,0,0,0,204,104,100,204,104,100
5280035029,2024-01-31,전북특별자치도,부안군,보안면,월천리,0,0,0,196,106,90,196,106,90
5280035030,2024-01-31,전북특별자치도,부안군,보안면,부곡리,0,0,0,132,64,68,132,64,68
5280036021,2024-01-31,전북특별자치도,부안군,변산면,도청리,0,0,0,619,323,296,619,323,296
5280036022,2024-01-31,전북특별자치도,부안군,변산면,격포리,0,0,0,1248,637,611,1248,637,611
5280036023,2024-01-31,전북특별자치도,부안군,변산면,마포리,0,0,0,576,293,283,576,293,283
5280036024,2024-01-31,전북특별자치도,부안군,변산면,운산리,0,0,0,625,318,307,625,318,307
5280036025,2024-01-31,전북특별자치도,부안군,변산면,지서리,0,0,0,699,357,342,699,357,342
5280036026,2024-01-31,전북특별자치도,부안군,변산면,대항리,0,0,0,312,154,158,312,154,158
5280036027,2024-01-31,전북특별자치도,부안군,변산면,중계리,0,0,0,95,59,36,95,59,36
5280037021,2024-01-31,전북특별자치도,부안군,진서면,진서리,0,0,0,491,245,246,491,245,246
5280037022,2024-01-31,전북특별자치도,부안군,진서면,석포리,0,0,0,500,271,229,500,271,229
5280037023,2024-01-31,전북특별자치도,부안군,진서면,운호리,0,0,0,357,187,170,357,187,170
5280037024,2024-01-31,전북특별자치도,부안군,진서면,곰소리,0,0,0,861,432,429,861,432,429
5280038021,2024-01-31,전북특별자치도,부안군,백산면,금판리,0,0,0,201,104,97,201,104,97
5280038022,2024-01-31,전북특별자치도,부안군,백산면,용계리,0,0,0,353,155,198,353,155,198
5280038023,2024-01-31,전북특별자치도,부안군,백산면,원천리,0,0,0,137,70,67,137,70,67
5280038024,2024-01-31,전북특별자치도,부안군,백산면,대수리,0,0,0,175,81,94,175,81,94
5280038025,2024-01-31,전북특별자치도,부안군,백산면,하청리,0,0,0,182,96,86,182,96,86
5280038026,2024-01-31,전북특별자치도,부안군,백산면,거룡리,0,0,0,152,79,73,152,79,73
5280038027,2024-01-31,전북특별자치도,부안군,백산면,대죽리,0,0,0,246,122,124,246,122,124
5280038028,2024-01-31,전북특별자치도,부안군,백산면,평교리,0,0,0,265,138,127,265,138,127
5280038029,2024-01-31,전북특별자치도,부안군,백산면,오곡리,0,0,0,258,124,134,258,124,134
5280038030,2024-01-31,전북특별자치도,부안군,백산면,덕신리,0,0,0,109,56,53,109,56,53
5280038031,2024-01-31,전북특별자치도,부안군,백산면,신평리,0,0,0,130,69,61,130,69,61
5280038032,2024-01-31,전북특별자치도,부안군,백산면,죽림리,0,0,0,166,86,80,166,86,80
5280039021,2024-01-31,전북특별자치도,부안군,상서면,감교리,0,0,0,547,273,274,547,273,274
5280039022,2024-01-31,전북특별자치도,부안군,상서면,가오리,0,0,0,454,232,222,454,232,222
5280039023,2024-01-31,전북특별자치도,부안군,상서면,고잔리,0,0,0,151,71,80,151,71,80
5280039024,2024-01-31,전북특별자치도,부안군,상서면,용서리,0,0,0,204,97,107,204,97,107
5280039025,2024-01-31,전북특별자치도,부안군,상서면,장동리,0,0,0,230,110,120,230,110,120
5280039026,2024-01-31,전북특별자치도,부안군,상서면,통정리,0,0,0,245,115,130,245,115,130
5280039027,2024-01-31,전북특별자치도,부안군,상서면,청림리,0,0,0,233,131,102,233,131,102
5280040021,2024-01-31,전북특별자치도,부안군,하서면,청호리,0,0,0,389,190,199,389,190,199
5280040022,2024-01-31,전북특별자치도,부안군,하서면,언독리,0,0,0,283,138,145,283,138,145
5280040023,2024-01-31,전북특별자치도,부안군,하서면,석상리,0,0,0,437,211,226,437,211,226
5280040024,2024-01-31,전북특별자치도,부안군,하서면,백련리,0,0,0,689,335,354,689,335,354
5280040025,2024-01-31,전북특별자치도,부안군,하서면,장신리,0,0,0,670,335,335,670,335,335
5280041021,2024-01-31,전북특별자치도,부안군,줄포면,줄포리,0,0,0,1211,593,618,1211,593,618
5280041022,2024-01-31,전북특별자치도,부안군,줄포면,장동리,0,0,0,276,140,136,276,140,136
5280041023,2024-01-31,전북특별자치도,부안군,줄포면,우포리,0,0,0,208,99,109,208,99,109
5280041024,2024-01-31,전북특별자치도,부안군,줄포면,신리,0,0,0,186,89,97,186,89,97
5280041025,2024-01-31,전북특별자치도,부안군,줄포면,난산리,0,0,0,180,84,96,180,84,96
5280041026,2024-01-31,전북특별자치도,부안군,줄포면,파산리,0,0,0,208,109,99,208,109,99
5280041027,2024-01-31,전북특별자치도,부안군,줄포면,대동리,0,0,0,196,97,99,196,97,99
5280042021,2024-01-31,전북특별자치도,부안군,위도면,진리,0,0,0,434,242,192,434,242,192
5280042022,2024-01-31,전북특별자치도,부안군,위도면,정금리,0,0,0,5,3,2,5,3,2
5280042023,2024-01-31,전북특별자치도,부안군,위도면,치도리,0,0,0,214,110,104,214,110,104
5280042024,2024-01-31,전북특별자치도,부안군,위도면,대리,0,0,0,208,101,107,208,101,107
5280042025,2024-01-31,전북특별자치도,부안군,위도면,거륜리,0,0,0,9,9,0,9,9,0
5280042026,2024-01-31,전북특별자치도,부안군,위도면,식도리,0,0,0,140,80,60,140,80,60
5280042027,2024-01-31,전북특별자치도,부안군,위도면,상왕등리,0,0,0,51,33,18,51,33,18
5280042028,2024-01-31,전북특별자치도,부안군,위도면,하왕등리,0,0,0,22,17,5,22,17,5
